o1pg2080-20230728.23i
     1.0            IONOSPHERE MAPS     GNSS                IONEX VERSION / TYPE
IONINX V4.3         AIUB                01-Aug-23 09::1     PGM / RUN BY / DATE 
406 1-DAY PREDICTED IONOSPHERE MAPS FOR DAY 208, 2023       COMMENT             
We use the deep learning algorithm, based on the global     DESCRIPTION         
ionospheric map provided by CODE and the final global       DESCRIPTION         
ionospheric map combined by IGS, and use our proposed       DESCRIPTION         
spatiotemporal network model to predict the global          DESCRIPTION         
ionospheric map of the next day.                            DESCRIPTION         
Contact address: wanghongyue@stu.cdut.edu.cn                DESCRIPTION         
  2023    07    27     0     0     0                        EPOCH OF FIRST MAP  
  2023    07    27    22     0     0                        EPOCH OF LAST MAP   
  7200                                                      INTERVAL            
    12                                                      # OF MAPS IN FILE   
  NONE                                                      MAPPING FUNCTION    
     0.0                                                    ELEVATION CUTOFF    
TEC prediction calculated as a spatiotemporal network model OBSERVABLES USED    
  6371.0                                                    BASE RADIUS         
     2                                                      MAP DIMENSION       
   450.0 450.0   0.0                                        HGT1 / HGT2 / DHGT  
    87.5 -87.5  -2.5                                        LAT1 / LAT2 / DLAT  
  -180.0 180.0   5.0                                        LON1 / LON2 / DLON  
    -1                                                      EXPONENT            
TEC values in 0.1 tec units;  9999, if no value available   COMMENT             
                                                            END OF HEADER       
[from data line 2574]
     7                                                      START OF TEC MAP    
  2023    07    27    12     0     0                        EPOCH OF CURRENT MAP
    87.5-180.0 180.0   5.0 450.0                            LAT/LON1/LON2/DLON/H
  173  173  173  173  172  173  174  176  180  181  182  182  188  188  188  188
  190  190  191  190  191  191  191  191  189  189  190  190  187  187  188  188
  186  186  186  186  183  182  182  181  181  180  179  178  180  180  179  178
  180  179  179  178  176  176  175  175  172  173  173  173  171  171  171  171
  172  173  173  172  171  172  173  174  173
    85.0-180.0 180.0   5.0 450.0                            LAT/LON1/LON2/DLON/H
  169  170  171  172  172  173  176  178  181  183  184  185  190  190  190  190
  192  192  192  193  193  193  193  193  192  192  191  191  189  189  189  188
  186  186  185  185  182  181  180  179  178  177  176  174  176  175  173  173
  174  173  172  172  170  169  169  169  168  167  167  167  167  166  166  165
  167  168  168  167  167  168  169  169  169
    82.5-180.0 180.0   5.0 450.0                            LAT/LON1/LON2/DLON/H
  165  166  168  169  170  173  175  178  180  182  184  185  189  190  190  190
  192  192  192  192  193  193  193  193  192  192  191  191  189  189  188  188
  187  186  185  184  182  181  179  178  177  176  174  173  173  171  170  169
  170  169  168  167  167  166  165  165  166  165  164  164  166  164  163  162
  164  164  163  162  162  162  163  162  165
    80.0-180.0 180.0   5.0 450.0                            LAT/LON1/LON2/DLON/H
  164  164  163  162  164  167  169  171  175  177  178  179  181  183  183  184
  185  185  185  185  186  186  185  185  188  187  187  187  192  191  190  190
  193  192  191  190  190  188  186  185  181  180  179  178  174  174  173  173
  175  175  175  175  176  175  175  175  175  174  173  172  169  167  165  163
  163  161  158  156  160  158  156  156  164
    77.5-180.0 180.0   5.0 450.0                            LAT/LON1/LON2/DLON/H
  162  161  160  159  161  163  165  166  169  170  171  171  174  175  176  176
  176  177  178  178  178  178  179  179  181  182  182  183  188  189  189  190
  194  194  194  194  193  193  191  190  186  185  184  183  180  180  180  180
  183  183  183  184  186  186  186  186  187  186  184  183  180  177  174  171
  168  165  161  157  156  154  151  149  162
    75.0-180.0 180.0   5.0 450.0                            LAT/LON1/LON2/DLON/H
  162  160  159  158  159  160  161  162  163  164  164  164  167  168  168  168
  168  169  170  171  171  172  173  174  175  177  178  180  186  188  190  192
  197  198  199  200  200  199  198  197  195  194  193  191  190  190  191  191
  194  194  195  196  199  199  199  199  201  199  198  196  192  189  185  181
  176  171  166  161  157  153  150  146  162
    72.5-180.0 180.0   5.0 450.0                            LAT/LON1/LON2/DLON/H
  162  160  159  157  157  158  158  158  157  158  157  156  159  159  159  158
  160  161  162  163  165  166  167  168  171  173  175  177  186  189  192  194
  201  203  205  206  208  207  206  205  205  204  202  201  202  202  202  203
  207  207  207  208  212  212  211  211  213  212  209  207  204  200  195  189
  185  179  173  167  161  156  152  148  162
    70.0-180.0 180.0   5.0 450.0                            LAT/LON1/LON2/DLON/H
  161  160  159  157  156  157  157  158  156  155  155  155  156  158  159  160
  161  163  164  166  168  170  172  173  176  179  182  184  190  196  201  206
  206  211  214  217  216  216  215  213  214  214  213  212  211  213  214  214
  213  216  217  218  215  216  217  218  215  214  213  212  208  204  199  195
  190  183  176  169  161  157  152  146  161
    67.5-180.0 180.0   5.0 450.0                            LAT/LON1/LON2/DLON/H
  161  160  158  156  154  154  154  154  152  153  153  152  154  156  157  158
  160  163  165  168  169  172  174  176  178  181  184  187  193  199  204  209
  212  217  221  223  223  224  223  220  222  223  222  220  221  222  222  220
  221  222  221  219  217  218  218  217  217  217  216  215  213  209  205  201
  196  190  182  174  165  161  155  149  161
    65.0-180.0 180.0   5.0 450.0                            LAT/LON1/LON2/DLON/H
  159  157  155  152  150  149  149  149  148  149  149  149  153  154  156  157
  161  163  166  169  171  173  176  179  181  184  187  189  196  203  208  213
  218  223  226  228  229  229  229  226  229  230  229  227  229  229  228  226
  226  224  222  218  217  217  216  214  216  216  216  216  215  212  209  205
  199  193  186  178  168  163  157  151  159
    62.5-180.0 180.0   5.0 450.0                            LAT/LON1/LON2/DLON/H
  156  153  150  147  144  143  142  142  143  144  145  146  151  153  154  156
  161  164  167  170  171  175  178  181  184  187  190  192  200  207  212  216
  221  226  230  232  231  232  232  231  233  234  234  232  234  233  231  228
  226  223  219  214  213  213  211  209  214  215  215  215  215  213  210  207
  201  195  188  180  171  166  160  154  156
    60.0-180.0 180.0   5.0 450.0                            LAT/LON1/LON2/DLON/H
  150  145  140  136  129  126  125  124  128  129  133  137  142  146  151  157
  160  163  168  172  168  171  175  178  183  187  190  193  204  210  215  221
  228  232  235  238  239  239  239  239  243  242  241  239  240  237  233  229
  227  223  219  214  209  210  210  210  210  212  214  215  220  218  216  214
  210  203  196  188  176  168  159  150  150
    57.5-180.0 180.0   5.0 450.0                            LAT/LON1/LON2/DLON/H
  149  143  138  132  124  120  117  115  118  119  122  125  133  138  143  150
  156  160  165  170  169  172  176  180  184  189  194  197  208  214  221  226
  233  236  239  242  242  243  243  244  246  246  245  244  242  240  236  231
  226  223  220  216  211  213  214  214  217  219  221  223  228  226  223  220
  217  209  201  191  178  169  160  151  149
    55.0-180.0 180.0   5.0 450.0                            LAT/LON1/LON2/DLON/H
  152  145  139  133  124  118  114  110  110  111  112  115  123  128  134  141
  151  156  161  167  168  172  177  181  186  193  198  203  213  220  227  233
  239  242  245  247  248  249  250  252  252  253  252  251  247  245  241  235
  229  227  225  222  219  221  223  225  230  233  235  237  241  239  235  231
  227  218  209  199  183  174  165  156  152
    52.5-180.0 180.0   5.0 450.0                            LAT/LON1/LON2/DLON/H
  158  151  144  137  127  120  114  109  106  105  106  108  114  119  126  133
  146  150  156  162  167  172  177  182  189  196  203  209  218  226  233  239
  245  248  250  252  254  256  258  260  259  259  259  258  253  250  246  240
  235  234  232  230  231  234  237  239  247  251  253  254  256  253  249  244
  238  230  220  210  193  184  175  165  158
    50.0-180.0 180.0   5.0 450.0                            LAT/LON1/LON2/DLON/H
  168  162  156  150  135  127  119  112  106  101   99   97  105  110  117  126
  138  146  155  165  167  173  178  184  194  201  208  214  226  234  241  246
  250  255  260  263  269  272  275  278  278  276  272  269  268  263  258  253
  249  247  246  245  244  250  254  258  260  265  268  269  271  268  263  256
  251  240  228  216  196  186  176  167  168
    47.5-180.0 180.0   5.0 450.0                            LAT/LON1/LON2/DLON/H
  181  175  170  164  150  141  133  125  115  110  105  102  105  110  116  124
  140  149  159  170  174  179  186  192  202  209  215  221  233  240  246  252
  257  263  268  273  280  284  287  289  289  287  283  278  276  272  267  261
  260  260  259  257  259  264  268  269  273  277  279  279  283  279  274  267
  261  250  238  226  205  195  185  176  181
    45.0-180.0 180.0   5.0 450.0                            LAT/LON1/LON2/DLON/H
  191  186  181  177  165  157  148  139  128  121  114  109  109  112  117  124
  144  153  163  175  182  189  195  202  211  218  224  229  239  246  251  256
  263  270  277  283  293  298  302  304  303  301  297  291  289  285  281  275
  272  272  271  269  268  272  274  275  276  279  281  281  283  279  274  268
  264  253  242  230  211  202  192  183  191
    42.5-180.0 180.0   5.0 450.0                            LAT/LON1/LON2/DLON/H
  196  193  189  185  177  169  161  152  140  132  125  118  115  117  121  127
  149  159  170  182  191  198  206  213  219  226  232  237  242  249  255  260
  267  277  285  293  306  313  318  322  319  318  314  309  306  303  299  294
  288  288  286  283  276  279  281  281  279  281  283  283  283  280  275  270
  265  255  245  234  217  208  200  191  196
    40.0-180.0 180.0   5.0 450.0                            LAT/LON1/LON2/DLON/H
  189  187  186  186  174  171  167  162  154  146  138  130  123  126  130  134
  149  164  179  195  205  213  221  228  233  237  239  241  250  254  259  264
  279  291  303  317  330  337  343  350  352  348  343  339  334  328  322  317
  309  302  296  291  287  284  281  278  278  278  277  276  274  270  264  257
  254  245  235  226  221  210  200  192  189
    37.5-180.0 180.0   5.0 450.0                            LAT/LON1/LON2/DLON/H
  190  187  184  183  173  170  167  165  160  154  148  142  134  137  140  142
  154  169  184  201  213  222  230  237  241  244  247  248  255  261  266  273
  290  306  321  337  356  366  373  379  383  381  377  372  367  360  353  345
  334  327  319  311  301  297  294  290  288  286  284  280  281  275  267  259
  260  250  240  229  224  213  203  194  190
    35.0-180.0 180.0   5.0 450.0                            LAT/LON1/LON2/DLON/H
  191  186  182  179  170  168  167  165  163  160  156  152  145  146  148  149
  158  172  188  204  219  228  236  243  248  251  253  254  260  268  275  283
  302  322  341  359  381  394  404  410  416  414  410  406  403  395  387  377
  365  357  348  338  325  321  316  310  308  304  299  293  291  283  274  264
  265  254  244  232  225  214  203  194  191
    32.5-180.0 180.0   5.0 450.0                            LAT/LON1/LON2/DLON/H
  193  187  181  177  167  166  166  166  165  163  161  160  153  154  154  155
  161  174  190  206  223  232  240  247  251  255  258  260  266  276  286  296
  316  339  362  382  408  422  434  442  450  449  446  442  440  432  422  412
  401  393  383  371  362  357  351  344  339  334  327  319  310  301  290  279
  276  265  254  242  232  220  209  200  193
    30.0-180.0 180.0   5.0 450.0                            LAT/LON1/LON2/DLON/H
  209  201  193  186  170  167  164  162  165  164  163  161  156  153  150  148
  159  170  184  198  216  229  241  252  255  259  263  266  277  289  301  316
  338  364  392  420  437  449  461  473  478  477  477  477  470  461  454  450
  434  427  421  418  408  403  398  394  385  374  362  350  336  322  309  297
  289  274  261  250  253  237  223  212  209
    27.5-180.0 180.0   5.0 450.0                            LAT/LON1/LON2/DLON/H
  227  217  206  196  181  175  169  164  172  168  165  162  158  155  151  149
  159  170  184  198  219  232  244  256  257  263  268  273  281  297  314  330
  357  385  413  440  461  474  486  497  503  504  507  509  502  498  495  493
  483  480  478  476  473  468  462  453  441  425  406  387  364  346  329  312
  306  290  277  265  264  249  236  224  227
    25.0-180.0 180.0   5.0 450.0                            LAT/LON1/LON2/DLON/H
  249  237  225  212  199  189  181  172  179  174  168  164  161  156  153  150
  160  172  185  200  222  234  247  260  259  267  275  283  288  308  328  347
  375  402  429  455  475  487  498  508  512  517  522  526  525  526  528  528
  526  529  530  529  531  526  517  503  484  462  437  410  381  361  340  320
  317  302  289  277  273  260  248  237  249
    22.5-180.0 180.0   5.0 450.0                            LAT/LON1/LON2/DLON/H
  267  256  243  230  218  207  196  185  187  179  172  166  162  157  154  151
  162  173  187  201  223  236  250  263  259  270  281  291  298  321  343  364
  391  417  442  465  483  494  503  512  514  520  526  532  536  541  546  550
  560  566  569  569  577  570  557  540  510  484  453  421  389  367  344  322
  326  312  300  289  285  273  262  252  267
    20.0-180.0 180.0   5.0 450.0                            LAT/LON1/LON2/DLON/H
  284  278  269  258  243  232  219  205  193  183  174  164  159  155  152  150
  162  174  188  204  228  237  248  258  267  274  282  292  299  325  351  376
  398  422  445  467  489  495  502  508  510  519  530  539  533  546  558  570
  575  589  600  609  603  594  581  565  530  498  462  425  409  388  368  349
  334  322  312  303  291  280  270  260  284
    17.5-180.0 180.0   5.0 450.0                            LAT/LON1/LON2/DLON/H
  290  285  277  267  259  248  235  221  203  191  179  168  160  154  150  147
  160  172  187  204  226  236  248  260  265  276  287  298  314  340  367  392
  414  436  457  478  486  491  496  503  508  517  527  537  540  552  564  575
  582  598  608  614  604  593  578  557  515  480  442  404  387  366  347  329
  320  309  300  294  292  282  273  265  290
    15.0-180.0 180.0   5.0 450.0                            LAT/LON1/LON2/DLON/H
  284  280  274  265  263  253  241  226  207  194  180  167  159  153  147  143
  155  167  182  200  221  233  246  260  264  278  293  306  328  354  381  406
  427  447  466  485  490  494  499  506  513  520  529  539  543  554  563  573
  579  593  602  605  592  579  560  537  493  455  417  379  363  343  325  308
  305  295  288  283  288  280  273  265  284
    12.5-180.0 180.0   5.0 450.0                            LAT/LON1/LON2/DLON/H
  269  266  261  254  256  246  235  223  205  191  177  164  157  150  144  139
  150  162  178  196  214  228  243  260  263  281  299  315  341  367  393  418
  439  456  474  491  499  504  509  514  523  529  537  545  543  551  559  566
  568  579  585  587  576  559  537  512  469  430  392  356  341  321  304  288
  290  281  275  271  281  274  267  261  269
    10.0-180.0 180.0   5.0 450.0                            LAT/LON1/LON2/DLON/H
  251  249  248  247  229  224  218  213  189  179  168  158  151  146  142  138
  138  150  166  184  201  219  238  259  261  285  309  332  357  387  414  440
  460  475  487  498  511  522  531  539  544  552  557  561  551  558  563  565
  568  572  573  571  557  537  514  491  453  418  384  353  333  313  295  279
  278  274  272  272  276  272  269  266  251
     7.5-180.0 180.0   5.0 450.0                            LAT/LON1/LON2/DLON/H
  232  228  224  221  207  201  196  191  180  170  161  153  148  144  139  135
  132  144  160  177  196  213  233  254  267  293  318  343  375  402  429  454
  470  485  498  510  525  537  547  556  561  565  566  567  555  556  557  557
  558  561  561  559  541  525  506  486  453  420  388  357  342  321  301  283
  277  272  269  268  272  269  266  262  232
     5.0-180.0 180.0   5.0 450.0                            LAT/LON1/LON2/DLON/H
  220  213  206  201  187  181  175  171  167  159  151  144  143  138  134  131
  125  136  151  168  190  208  229  250  274  302  330  355  388  415  440  463
  476  492  506  519  533  547  558  569  570  570  568  565  552  549  546  544
  548  550  549  547  530  519  505  490  462  431  402  374  360  338  317  298
  281  275  271  268  271  267  264  259  220
     2.5-180.0 180.0   5.0 450.0                            LAT/LON1/LON2/DLON/H
  217  207  198  190  175  168  161  156  156  149  143  138  138  133  129  126
  119  130  144  160  184  204  226  248  281  312  341  368  400  425  449  472
  478  495  510  524  534  549  563  574  570  567  563  557  545  539  534  529
  540  540  539  537  526  520  511  501  474  448  422  397  379  357  336  315
  287  280  275  270  272  268  263  257  217
