o1pg2020-20230722.23i
     1.0            IONOSPHERE MAPS     GNSS                IONEX VERSION / TYPE
IONINX V4.3         AIUB                01-Aug-23 09:07     PGM / RUN BY / DATE 
406 1-DAY PREDICTED IONOSPHERE MAPS FOR DAY 202, 2023       COMMENT             
We use the deep learning algorithm, based on the global     DESCRIPTION         
ionospheric map provided by CODE and the final global       DESCRIPTION         
ionospheric map combined by IGS, and use our proposed       DESCRIPTION         
spatiotemporal network model to predict the global          DESCRIPTION         
ionospheric map of the next day.                            DESCRIPTION         
Contact address: wanghongyue@stu.cdut.edu.cn                DESCRIPTION         
  2023    07    21     0     0     0                        EPOCH OF FIRST MAP  
  2023    07    21    22     0     0                        EPOCH OF LAST MAP   
  7200                                                      INTERVAL            
    12                                                      # OF MAPS IN FILE   
  NONE                                                      MAPPING FUNCTION    
     0.0                                                    ELEVATION CUTOFF    
TEC prediction calculated as a spatiotemporal network model OBSERVABLES USED    
  6371.0                                                    BASE RADIUS         
     2                                                      MAP DIMENSION       
   450.0 450.0   0.0                                        HGT1 / HGT2 / DHGT  
    87.5 -87.5  -2.5                                        LAT1 / LAT2 / DLAT  
  -180.0 180.0   5.0                                        LON1 / LON2 / DLON  
    -1                                                      EXPONENT            
TEC values in 0.1 tec units;  9999, if no value available   COMMENT             
                                                            END OF HEADER       
[from data line 3003]
     8                                                      START OF TEC MAP    
  2023    07    21    14     0     0                        EPOCH OF CURRENT MAP
    87.5-180.0 180.0   5.0 450.0                            LAT/LON1/LON2/DLON/H
  197  198  198  199  196  197  199  200  202  202  203  203  202  202  202  202
  202  202  202  202  202  202  202  202  200  199  199  198  198  197  197  196
  197  196  196  195  196  195  195  194  195  195  195  195  194  194  194  194
  194  194  194  194  191  192  192  192  190  191  192  193  192  193  193  193
  193  194  194  193  191  192  193  193  197
    85.0-180.0 180.0   5.0 450.0                            LAT/LON1/LON2/DLON/H
  194  195  197  199  197  199  201  203  204  205  206  206  206  206  206  206
  206  206  206  206  206  206  205  205  204  203  202  201  199  198  197  196
  196  195  194  193  193  192  191  190  191  191  190  190  190  190  190  190
  190  190  190  189  188  188  188  187  188  189  189  189  190  190  190  190
  190  190  190  189  189  189  190  190  194
    82.5-180.0 180.0   5.0 450.0                            LAT/LON1/LON2/DLON/H
  188  191  193  196  195  198  200  203  203  204  206  207  207  207  207  207
  208  208  208  207  208  207  207  205  206  204  203  201  200  198  197  195
  196  194  193  191  192  190  189  188  189  188  188  188  187  187  187  187
  188  187  187  187  186  186  185  185  188  187  187  187  188  188  187  187
  186  186  185  184  184  184  185  185  188
    80.0-180.0 180.0   5.0 450.0                            LAT/LON1/LON2/DLON/H
  186  186  186  187  188  191  194  197  197  200  201  203  200  201  203  204
  200  201  203  204  203  203  202  203  203  201  200  199  202  201  199  199
  199  198  197  196  192  192  192  191  187  188  189  190  186  188  190  192
  188  189  190  191  187  187  188  188  188  188  187  186  187  186  184  182
  180  178  177  175  176  176  175  175  186
    77.5-180.0 180.0   5.0 450.0                            LAT/LON1/LON2/DLON/H
  181  181  181  182  183  185  188  190  191  193  195  195  194  196  197  197
  195  197  198  200  198  198  199  199  198  198  197  197  200  199  198  197
  199  198  198  197  194  193  193  192  188  189  190  191  189  191  192  194
  192  193  194  195  193  193  193  193  193  193  192  191  189  187  185  182
  178  176  173  171  170  168  167  166  181
    75.0-180.0 180.0   5.0 450.0                            LAT/LON1/LON2/DLON/H
  179  179  179  179  179  182  184  185  186  187  188  188  189  190  191  191
  190  192  194  195  194  195  196  196  196  196  196  196  200  200  199  199
  201  201  201  201  198  198  197  196  193  194  194  194  194  196  197  199
  198  199  200  201  200  200  200  200  200  199  198  195  193  190  187  184
  178  175  172  169  166  164  162  160  179
    72.5-180.0 180.0   5.0 450.0                            LAT/LON1/LON2/DLON/H
  178  178  178  177  178  179  180  181  181  182  182  182  183  184  184  184
  184  187  188  189  190  191  192  192  194  195  195  195  201  202  202  202
  205  206  206  206  205  204  203  201  200  199  199  199  200  201  202  204
  204  204  205  206  207  206  205  204  205  203  201  198  196  192  188  184
  180  176  172  168  166  163  160  157  178
    70.0-180.0 180.0   5.0 450.0                            LAT/LON1/LON2/DLON/H
  175  176  175  175  173  176  180  184  180  181  183  184  182  184  186  187
  186  189  192  194  193  195  198  200  200  202  203  204  206  208  209  211
  208  210  211  212  208  207  206  205  204  204  204  204  203  205  207  208
  205  208  210  211  206  207  208  209  202  201  199  197  193  190  186  182
  176  172  168  163  163  161  158  155  175
    67.5-180.0 180.0   5.0 450.0                            LAT/LON1/LON2/DLON/H
  175  174  174  173  172  175  178  181  180  181  183  185  183  186  187  189
  188  191  194  196  195  198  201  203  203  205  206  207  208  211  213  214
  213  215  216  215  213  213  211  208  209  209  208  207  208  210  211  211
  210  211  212  211  207  208  208  207  204  202  200  198  195  192  188  183
  178  174  169  164  163  161  158  154  175
    65.0-180.0 180.0   5.0 450.0                            LAT/LON1/LON2/DLON/H
  172  171  170  169  170  172  174  177  178  181  183  185  186  188  190  192
  191  194  197  200  198  201  203  206  206  208  209  210  211  214  216  217
  218  220  220  219  219  218  215  212  214  213  212  211  214  215  215  214
  214  214  213  211  208  208  207  205  204  203  200  197  195  192  188  183
  178  174  169  163  162  159  155  152  172
    62.5-180.0 180.0   5.0 450.0                            LAT/LON1/LON2/DLON/H
  168  167  165  164  166  168  169  172  176  179  182  185  189  191  193  195
  194  197  200  202  200  203  205  207  208  210  211  212  214  218  220  221
  222  224  224  223  222  221  218  215  217  217  216  214  218  218  217  215
  216  215  213  210  207  207  206  204  204  202  200  198  194  190  186  182
  178  173  168  162  162  159  155  151  168
    60.0-180.0 180.0   5.0 450.0                            LAT/LON1/LON2/DLON/H
  157  156  156  155  152  154  158  164  167  173  180  188  190  192  194  196
  196  196  196  197  197  200  204  207  208  210  212  215  216  218  221  224
  226  227  228  229  227  226  225  224  228  227  225  223  225  224  222  219
  218  217  214  211  212  212  211  210  208  207  205  203  201  197  193  187
  181  176  171  165  160  156  152  148  157
    57.5-180.0 180.0   5.0 450.0                            LAT/LON1/LON2/DLON/H
  153  152  151  150  146  147  150  154  160  165  173  181  188  191  194  197
  197  198  198  198  197  201  204  207  207  211  215  218  219  223  227  230
  230  231  232  232  230  230  230  229  232  232  231  229  229  229  227  224
  220  220  218  216  217  217  216  215  216  215  212  209  209  204  197  190
  182  176  169  162  155  151  147  143  153
    55.0-180.0 180.0   5.0 450.0                            LAT/LON1/LON2/DLON/H
  152  150  148  146  143  142  144  146  153  158  165  173  183  188  193  196
  198  198  199  200  197  200  204  207  208  213  218  222  224  229  233  236
  236  237  237  236  236  236  237  237  239  239  239  237  236  236  234  231
  226  227  226  224  226  227  227  226  227  226  223  219  219  212  204  194
  185  178  171  163  153  149  144  140  152
    52.5-180.0 180.0   5.0 450.0                            LAT/LON1/LON2/DLON/H
  153  150  147  145  141  140  139  141  147  152  159  167  178  184  189  194
  197  198  199  200  197  200  203  206  209  216  222  226  229  234  238  242
  242  242  242  241  243  243  244  245  245  246  245  243  242  242  241  237
  235  236  236  234  239  240  240  239  239  238  235  231  229  220  210  199
  190  183  175  167  155  151  146  143  153
    50.0-180.0 180.0   5.0 450.0                            LAT/LON1/LON2/DLON/H
  155  151  148  145  139  138  138  139  148  154  161  170  180  187  194  201
  197  200  202  204  205  207  209  211  218  224  230  236  237  243  249  253
  253  253  253  254  257  257  256  254  256  254  252  249  252  251  250  250
  251  252  253  254  252  254  255  255  252  250  246  241  238  230  221  211
  205  195  186  176  161  157  154  150  155
    47.5-180.0 180.0   5.0 450.0                            LAT/LON1/LON2/DLON/H
  161  157  154  151  145  144  144  144  150  155  162  170  182  188  195  203
  205  208  210  213  213  215  216  218  226  231  237  242  244  250  255  259
  259  261  263  264  267  268  268  267  265  264  262  259  258  258  258  258
  259  260  261  261  260  261  260  257  256  252  248  242  241  233  224  215
  210  200  190  180  167  163  159  156  161
    45.0-180.0 180.0   5.0 450.0                            LAT/LON1/LON2/DLON/H
  166  163  159  156  152  151  150  150  154  159  165  172  185  191  198  206
  215  218  220  223  223  225  227  229  234  240  245  250  251  256  261  265
  266  270  275  278  280  282  284  283  278  278  276  272  268  270  271  271
  268  269  270  268  265  264  261  257  253  250  245  239  239  232  224  216
  215  205  195  185  174  170  166  162  166
    42.5-180.0 180.0   5.0 450.0                            LAT/LON1/LON2/DLON/H
  168  165  162  159  156  155  154  154  159  164  170  177  189  196  204  212
  224  228  231  235  233  235  238  240  242  247  252  256  256  261  266  269
  273  280  287  293  294  299  301  302  292  292  291  287  281  284  285  285
  279  280  279  277  268  265  261  256  249  245  241  236  236  231  224  217
  219  210  201  192  182  177  173  169  168
    40.0-180.0 180.0   5.0 450.0                            LAT/LON1/LON2/DLON/H
  168  165  164  163  154  155  155  156  158  165  173  182  187  199  211  222
  230  236  240  244  244  246  247  248  255  258  261  264  270  274  279  285
  293  300  308  319  324  325  326  328  320  316  313  310  300  299  298  298
  296  291  287  283  273  266  258  250  244  239  234  228  235  232  229  226
  223  216  209  203  200  194  188  184  168
    37.5-180.0 180.0   5.0 450.0                            LAT/LON1/LON2/DLON/H
  170  165  162  160  151  152  154  156  159  168  179  190  199  211  223  233
  242  247  251  255  256  258  260  260  267  270  273  276  281  287  294  302
  313  324  337  350  358  360  361  360  353  349  344  339  327  324  321  318
  315  309  303  296  283  275  266  257  248  243  237  230  241  237  233  229
  229  222  215  208  203  197  191  185  170
    35.0-180.0 180.0   5.0 450.0                            LAT/LON1/LON2/DLON/H
  172  166  161  157  146  148  150  153  156  168  181  195  208  220  231  242
  250  255  260  263  265  268  270  271  278  281  284  288  293  302  312  323
  337  354  370  386  395  398  399  398  389  384  379  372  356  352  347  341
  336  329  321  312  296  288  278  267  257  251  244  237  248  245  240  235
  235  228  221  213  208  201  194  187  172
    32.5-180.0 180.0   5.0 450.0                            LAT/LON1/LON2/DLON/H
  174  167  160  155  142  144  147  151  152  165  180  196  214  226  238  249
  255  261  266  270  272  275  278  279  289  292  296  301  308  320  332  346
  365  386  406  424  432  437  438  436  425  421  415  407  385  380  373  365
  360  352  343  331  316  307  296  285  271  265  258  250  258  255  251  245
  243  236  228  220  217  208  200  193  174
    30.0-180.0 180.0   5.0 450.0                            LAT/LON1/LON2/DLON/H
  182  174  165  157  142  143  144  147  148  163  181  201  216  229  241  254
  258  264  269  274  270  277  282  286  291  299  307  315  327  345  366  388
  401  424  447  470  468  470  470  469  454  447  440  433  414  404  395  388
  387  378  370  361  348  337  326  315  296  287  280  273  278  269  263  259
  263  255  247  240  242  229  216  205  182
    27.5-180.0 180.0   5.0 450.0                            LAT/LON1/LON2/DLON/H
  192  182  171  160  147  144  143  143  145  159  176  195  214  228  242  256
  261  267  273  278  280  286  292  297  304  314  324  334  349  372  396  420
  440  462  483  503  502  502  500  498  482  474  467  461  441  431  423  416
  419  410  400  390  381  367  353  337  320  309  299  291  290  282  274  269
  270  263  256  250  250  239  227  216  192
    25.0-180.0 180.0   5.0 450.0                            LAT/LON1/LON2/DLON/H
  203  192  180  168  155  150  146  143  143  156  172  189  212  227  242  258
  264  272  279  285  290  296  302  309  318  330  342  355  373  399  426  451
  472  491  510  526  523  521  518  513  501  494  487  481  468  459  452  445
  451  441  430  419  406  389  370  350  331  319  308  297  295  287  280  273
  271  266  260  255  253  244  234  224  203
    22.5-180.0 180.0   5.0 450.0                            LAT/LON1/LON2/DLON/H
  209  199  187  175  164  157  151  147  143  154  168  184  210  226  242  259
  269  277  285  292  300  306  313  320  331  346  361  375  396  424  452  478
  496  512  526  537  534  530  524  517  512  505  499  493  489  482  475  468
  476  466  455  442  420  400  378  354  332  321  309  298  293  287  281  275
  267  263  260  257  254  247  239  232  209
    20.0-180.0 180.0   5.0 450.0                            LAT/LON1/LON2/DLON/H
  210  204  196  186  167  164  160  155  149  154  161  170  199  220  242  265
  272  281  290  299  310  318  325  332  341  359  378  398  414  445  476  505
  522  534  543  551  546  539  531  523  525  521  518  516  505  505  505  505
  508  496  481  464  428  401  374  348  340  324  311  300  298  290  283  277
  270  265  260  254  255  249  243  237  210
    17.5-180.0 180.0   5.0 450.0                            LAT/LON1/LON2/DLON/H
  210  203  195  186  173  170  166  160  149  153  158  166  195  216  238  262
  271  283  293  304  314  322  331  341  352  372  393  413  434  462  490  517
  524  532  539  546  534  528  522  519  525  524  524  525  521  522  522  521
  524  507  487  464  419  388  359  331  322  306  293  284  285  277  270  264
  261  256  251  247  252  246  240  234  210
    15.0-180.0 180.0   5.0 450.0                            LAT/LON1/LON2/DLON/H
  200  194  187  178  172  168  164  159  147  149  153  159  190  211  234  258
  270  283  296  308  316  327  338  349  364  386  408  429  452  477  500  523
  523  529  533  537  527  524  522  521  529  531  533  537  535  535  535  533
  532  509  483  455  410  376  343  313  310  294  282  273  274  266  259  254
  253  247  242  238  245  238  231  224  200
    12.5-180.0 180.0   5.0 450.0                            LAT/LON1/LON2/DLON/H
  187  180  174  166  162  159  155  151  143  143  145  150  186  207  230  253
  268  283  298  312  319  331  345  358  379  402  424  444  469  489  508  526
  522  526  529  531  528  528  529  532  537  542  547  552  545  546  545  543
  531  504  474  444  401  365  331  300  303  288  277  268  267  259  252  245
  244  238  232  228  238  229  221  213  187
    10.0-180.0 180.0   5.0 450.0                            LAT/LON1/LON2/DLON/H
  164  159  154  150  138  135  134  134  129  128  130  134  165  190  217  244
  256  273  288  303  304  322  340  358  373  399  425  450  477  494  510  523
  529  531  532  532  529  536  541  545  550  558  563  565  551  550  546  538
  531  502  469  435  397  369  343  320  309  296  285  277  272  264  257  249
  242  236  231  226  217  208  200  194  164
     7.5-180.0 180.0   5.0 450.0                            LAT/LON1/LON2/DLON/H
  151  144  139  134  124  121  120  121  119  120  123  130  161  187  215  244
  258  275  291  306  311  330  348  366  389  416  443  467  491  504  517  529
  529  532  534  537  544  551  556  560  570  573  572  569  558  553  545  534
  522  493  461  429  396  371  348  329  326  312  300  290  279  268  257  246
  237  229  223  217  206  198  191  184  151
     5.0-180.0 180.0   5.0 450.0                            LAT/LON1/LON2/DLON/H
  141  133  127  121  111  109  108  109  107  109  114  122  155  182  211  240
  258  276  293  308  319  339  358  375  407  435  461  485  504  515  525  535
  533  538  542  547  558  564  569  574  579  576  571  563  552  543  532  518
  504  477  448  419  397  377  360  345  344  330  318  306  287  272  257  243
  233  224  216  209  197  189  182  174  141
     2.5-180.0 180.0   5.0 450.0                            LAT/LON1/LON2/DLON/H
  138  129  121  115  105  102  101  101   97  100  107  117  150  177  206  236
  258  277  295  310  327  348  368  386  424  451  477  501  517  527  535  543
  539  546  553  559  566  572  577  581  577  569  559  547  535  523  509  494
  479  455  430  406  399  385  373  363  359  346  333  320  289  272  255  238
  230  220  210  201  193  184  175  167  138
