o1pg2120-20230801.23i
     1.0            IONOSPHERE MAPS     GNSS                IONEX VERSION / TYPE
IONINX V4.3         AIUB                01-Aug-23 09:25     PGM / RUN BY / DATE 
406 1-DAY PREDICTED IONOSPHERE MAPS FOR DAY 212, 2023       COMMENT             
We use the deep learning algorithm, based on the global     DESCRIPTION         
ionospheric map provided by CODE and the final global       DESCRIPTION         
ionospheric map combined by IGS, and use our proposed       DESCRIPTION         
spatiotemporal network model to predict the global          DESCRIPTION         
ionospheric map of the next day.                            DESCRIPTION         
Contact address: wanghongyue@stu.cdut.edu.cn                DESCRIPTION         
  2023    07    31     0     0     0                        EPOCH OF FIRST MAP  
  2023    07    31    22     0     0                        EPOCH OF LAST MAP   
  7200                                                      INTERVAL            
    12                                                      # OF MAPS IN FILE   
  NONE                                                      MAPPING FUNCTION    
     0.0                                                    ELEVATION CUTOFF    
TEC prediction calculated as a spatiotemporal network model OBSERVABLES USED    
  6371.0                                                    BASE RADIUS         
     2                                                      MAP DIMENSION       
   450.0 450.0   0.0                                        HGT1 / HGT2 / DHGT  
    87.5 -87.5  -2.5                                        LAT1 / LAT2 / DLAT  
  -180.0 180.0   5.0                                        LON1 / LON2 / DLON  
    -1                                                      EXPONENT            
TEC values in 0.1 tec units;  9999, if no value available   COMMENT             
                                                            END OF HEADER       
[from data line 3861]
    10                                                      START OF TEC MAP    
  2023    07    31    18     0     0                        EPOCH OF CURRENT MAP
    87.5-180.0 180.0   5.0 450.0                            LAT/LON1/LON2/DLON/H
  174  175  176  177  173  175  176  177  178  179  179  180  178  178  178  179
  179  179  179  179  180  179  179  178  179  179  178  177  179  179  178  177
  179  179  178  177  177  177  177  176  176  177  176  176  177  178  178  178
  180  181  181  181  182  183  183  183  180  180  181  181  178  178  179  179
  178  178  178  178  177  178  179  179  174
    85.0-180.0 180.0   5.0 450.0                            LAT/LON1/LON2/DLON/H
  172  173  174  176  174  175  177  179  181  182  183  185  185  185  186  186
  187  187  187  187  186  185  184  183  184  182  181  179  180  179  177  175
  176  175  174  172  172  171  171  170  169  169  169  169  170  170  170  171
  173  173  174  174  176  177  177  177  176  176  176  176  173  173  174  174
  172  173  173  173  172  174  175  176  172
    82.5-180.0 180.0   5.0 450.0                            LAT/LON1/LON2/DLON/H
  167  169  171  174  172  174  177  179  181  183  185  186  189  190  190  191
  193  193  193  193  191  190  189  187  186  184  182  180  179  177  175  172
  174  172  170  168  167  166  165  164  163  163  163  163  162  163  164  164
  166  167  167  168  171  171  171  172  171  172  172  172  168  169  169  170
  165  166  167  167  165  167  169  170  167
    80.0-180.0 180.0   5.0 450.0                            LAT/LON1/LON2/DLON/H
  163  163  163  165  165  168  171  174  179  183  186  190  188  191  193  195
  195  195  195  196  196  194  192  190  190  187  183  181  182  180  177  175
  174  172  170  169  167  166  166  165  162  162  163  163  159  161  163  165
  163  165  167  168  167  168  169  169  171  171  171  170  171  170  170  169
  166  165  164  164  157  157  158  160  163
    77.5-180.0 180.0   5.0 450.0                            LAT/LON1/LON2/DLON/H
  161  161  162  163  163  166  169  172  176  181  184  188  187  191  193  196
  196  197  198  198  198  196  195  192  191  188  185  181  181  179  176  173
  173  171  170  168  167  166  165  164  162  162  163  163  160  161  163  164
  163  164  166  168  166  167  167  167  169  169  169  168  168  167  167  166
  163  162  161  160  155  156  157  158  161
    75.0-180.0 180.0   5.0 450.0                            LAT/LON1/LON2/DLON/H
  164  164  165  166  164  167  169  172  175  179  183  186  187  190  193  196
  197  199  201  201  201  200  198  196  195  192  188  183  183  181  178  175
  174  173  172  171  170  169  168  166  164  164  164  164  162  163  164  165
  164  165  166  167  165  165  165  165  166  166  165  165  164  164  164  163
  162  161  160  159  156  157  157  158  164
    72.5-180.0 180.0   5.0 450.0                            LAT/LON1/LON2/DLON/H
  169  170  170  171  168  170  172  174  175  178  182  184  186  188  191  193
  197  199  200  201  203  202  200  198  198  195  190  186  185  183  180  177
  177  176  175  174  174  173  171  170  168  167  167  166  165  165  165  166
  165  165  165  166  163  162  162  161  162  161  160  160  160  160  160  159
  162  161  160  159  160  160  160  160  169
    70.0-180.0 180.0   5.0 450.0                            LAT/LON1/LON2/DLON/H
  178  179  180  181  177  178  179  179  182  184  186  187  189  193  196  198
  199  203  205  206  208  207  206  204  202  199  194  189  183  181  179  177
  177  177  177  177  176  175  174  172  170  169  168  167  165  166  165  164
  163  163  161  159  153  153  152  150  146  146  146  146  150  151  153  155
  159  162  164  166  171  174  176  177  178
    67.5-180.0 180.0   5.0 450.0                            LAT/LON1/LON2/DLON/H
  186  188  190  191  188  188  189  189  190  192  193  194  194  197  200  202
  203  206  209  210  212  212  211  209  206  202  197  192  186  184  183  180
  182  183  182  181  182  181  179  176  173  172  170  168  167  166  165  162
  162  160  157  153  147  145  143  140  136  136  136  136  141  143  146  150
  156  159  163  166  172  176  179  181  186
    65.0-180.0 180.0   5.0 450.0                            LAT/LON1/LON2/DLON/H
  191  194  197  199  199  199  199  199  198  199  200  200  201  204  206  207
  208  210  213  215  216  216  215  213  209  205  200  195  190  189  188  186
  189  189  189  187  188  186  184  180  177  176  174  171  170  167  164  160
  160  156  151  145  139  136  132  129  125  124  124  126  130  133  137  142
  149  154  158  163  170  175  179  181  191
    62.5-180.0 180.0   5.0 450.0                            LAT/LON1/LON2/DLON/H
  195  198  201  204  207  207  207  207  204  205  206  206  209  210  211  211
  213  215  216  218  219  219  218  216  212  208  203  198  196  195  194  192
  195  195  194  193  193  191  188  184  182  179  177  174  172  168  163  159
  158  152  145  138  132  127  123  119  115  114  115  117  119  123  129  135
  142  147  153  159  168  173  178  181  195
    60.0-180.0 180.0   5.0 450.0                            LAT/LON1/LON2/DLON/H
  198  206  213  220  212  212  212  212  212  213  213  213  216  217  217  217
  219  220  222  223  223  222  221  220  216  212  208  205  201  200  200  200
  202  202  201  200  199  196  194  191  190  187  184  181  179  174  169  163
  158  152  145  137  126  122  118  114  108  107  107  107  113  115  119  123
  129  136  142  149  159  168  176  184  198
    57.5-180.0 180.0   5.0 450.0                            LAT/LON1/LON2/DLON/H
  195  204  212  219  216  216  216  216  216  216  216  216  218  220  220  220
  221  222  223  224  223  223  222  221  217  215  213  211  208  208  209  209
  211  210  209  207  206  204  202  200  198  196  193  189  184  179  173  165
  159  152  144  136  126  121  117  113  108  107  106  107  111  112  115  118
  121  127  134  140  149  159  169  178  195
    55.0-180.0 180.0   5.0 450.0                            LAT/LON1/LON2/DLON/H
  194  203  212  220  222  223  223  223  221  221  220  219  220  222  223  222
  224  224  224  225  223  223  222  222  219  219  219  219  216  218  219  220
  220  219  217  215  215  214  213  212  209  207  204  199  193  186  178  169
  162  155  147  139  131  126  122  118  113  111  111  112  113  113  115  117
  117  122  128  134  142  152  163  173  194
    52.5-180.0 180.0   5.0 450.0                            LAT/LON1/LON2/DLON/H
  193  203  212  220  229  230  230  230  225  225  224  222  221  223  223  223
  225  225  224  224  223  223  223  223  222  224  226  227  224  227  229  230
  228  227  224  222  225  224  223  223  220  218  214  209  201  194  185  175
  169  161  153  144  138  134  130  126  121  120  120  120  118  118  118  119
  116  120  125  130  138  148  158  168  193
    50.0-180.0 180.0   5.0 450.0                            LAT/LON1/LON2/DLON/H
  191  201  212  224  235  239  241  244  239  237  234  231  232  232  232  231
  233  231  229  226  228  227  226  225  226  229  232  235  233  236  238  239
  235  235  235  234  237  238  239  240  239  236  231  227  214  206  196  187
  173  166  160  153  146  142  139  136  133  131  130  130  129  127  124  123
  124  125  127  129  137  145  154  162  191
    47.5-180.0 180.0   5.0 450.0                            LAT/LON1/LON2/DLON/H
  197  208  220  233  247  251  255  258  254  251  246  242  243  242  240  238
  241  238  234  232  231  230  229  229  232  235  238  241  241  243  245  245
  240  242  242  243  245  247  248  249  248  244  238  231  219  211  201  190
  180  173  166  159  156  152  148  145  144  142  141  140  140  137  135  133
  133  134  135  136  145  153  161  168  197
    45.0-180.0 180.0   5.0 450.0                            LAT/LON1/LON2/DLON/H
  204  216  228  242  258  265  271  275  271  267  261  256  257  254  251  248
  251  247  243  241  238  237  237  239  240  243  247  250  250  251  252  251
  247  250  253  254  257  260  261  261  258  254  247  238  227  218  208  198
  188  182  175  167  165  162  158  155  154  153  151  150  149  147  145  143
  143  143  144  145  155  162  169  175  204
    42.5-180.0 180.0   5.0 450.0                            LAT/LON1/LON2/DLON/H
  209  221  235  248  266  276  284  290  286  283  278  273  271  268  264  260
  262  258  255  252  246  247  248  250  250  253  257  260  258  260  260  258
  256  261  265  268  271  274  276  277  268  263  256  247  235  227  217  207
  197  191  184  176  173  169  166  163  162  161  160  159  158  156  154  152
  153  153  154  154  166  172  177  183  209
    40.0-180.0 180.0   5.0 450.0                            LAT/LON1/LON2/DLON/H
  217  231  247  264  275  286  296  304  305  303  301  297  286  284  281  276
  276  272  268  264  260  260  260  261  266  268  271  275  278  279  282  286
  281  284  289  295  294  294  293  291  286  276  266  256  243  233  223  212
  207  200  193  185  182  180  179  177  172  173  174  175  168  168  167  165
  167  166  165  163  174  180  186  193  217
    37.5-180.0 180.0   5.0 450.0                            LAT/LON1/LON2/DLON/H
  223  236  251  267  279  291  301  312  316  316  316  314  306  303  299  293
  294  290  285  280  277  277  278  280  283  285  289  293  293  296  301  307
  306  312  319  324  325  324  320  314  307  297  286  274  260  249  237  225
  220  212  204  195  191  190  188  187  183  184  185  185  182  180  178  175
  177  175  173  170  177  183  188  194  223
    35.0-180.0 180.0   5.0 450.0                            LAT/LON1/LON2/DLON/H
  225  238  253  268  279  292  304  315  319  323  325  326  323  320  315  310
  312  308  303  299  296  297  298  301  302  305  309  315  316  322  329  338
  341  350  358  363  360  357  351  341  332  321  309  295  279  266  253  238
  231  222  213  203  198  197  196  194  193  194  195  195  193  191  188  185
  187  183  179  176  182  185  190  194  225
    32.5-180.0 180.0   5.0 450.0                            LAT/LON1/LON2/DLON/H
  227  240  255  270  279  292  305  318  319  327  332  337  338  336  332  328
  330  327  323  319  316  318  321  323  323  327  332  338  346  355  365  375
  380  392  401  407  396  391  382  370  358  346  333  318  296  282  267  252
  239  230  220  209  204  203  202  200  201  203  204  204  202  200  198  194
  196  191  186  182  189  190  193  196  227
    30.0-180.0 180.0   5.0 450.0                            LAT/LON1/LON2/DLON/H
  232  248  265  282  280  291  302  313  319  331  341  351  352  353  352  351
  349  348  347  345  342  347  352  356  355  361  368  375  385  397  410  424
  426  435  442  447  431  424  415  402  374  361  348  332  321  299  276  255
  249  235  221  209  209  208  209  210  207  210  214  217  209  207  204  200
  196  190  184  177  182  182  182  184  232
    27.5-180.0 180.0   5.0 450.0                            LAT/LON1/LON2/DLON/H
  232  249  266  283  282  294  305  317  326  339  351  361  369  372  373  374
  374  373  371  370  369  372  376  381  381  390  399  410  423  440  457  472
  478  483  486  485  469  456  441  422  396  380  362  343  326  303  279  256
  247  234  222  212  213  213  215  217  216  220  222  224  219  216  212  207
  201  195  188  181  183  183  184  185  232
    25.0-180.0 180.0   5.0 450.0                            LAT/LON1/LON2/DLON/H
  233  251  269  287  288  301  314  326  335  349  362  373  388  392  396  398
  404  402  400  398  399  401  403  409  410  421  434  448  461  481  501  517
  523  523  520  513  493  475  453  429  403  383  361  339  319  295  271  248
  238  228  219  211  211  213  216  218  219  222  224  226  222  218  213  208
  201  196  189  182  184  184  186  187  233
    22.5-180.0 180.0   5.0 450.0                            LAT/LON1/LON2/DLON/H
  231  250  270  288  294  308  323  336  346  361  374  386  408  415  419  423
  435  433  431  429  429  431  434  438  436  451  466  481  494  516  536  552
  556  550  541  528  504  480  453  425  396  373  349  325  300  277  254  232
  225  218  212  207  208  211  214  217  219  222  224  225  220  217  212  206
  200  195  189  183  187  188  189  191  231
    20.0-180.0 180.0   5.0 450.0                            LAT/LON1/LON2/DLON/H
  223  246  271  298  296  309  322  333  352  369  385  399  415  430  443  456
  451  455  458  461  457  458  460  463  467  480  495  512  533  552  569  586
  580  572  561  547  528  494  456  417  388  359  332  305  280  261  245  232
  209  205  203  203  193  197  201  205  212  214  215  214  205  203  200  196
  183  181  179  176  176  177  180  183  223
    17.5-180.0 180.0   5.0 450.0                            LAT/LON1/LON2/DLON/H
  218  242  269  297  299  315  329  341  359  376  393  408  427  446  463  478
  482  487  491  495  487  486  486  489  492  504  517  530  552  568  582  594
  582  572  558  541  518  479  438  397  361  330  301  276  258  240  226  216
  205  202  201  202  195  198  201  204  208  208  207  206  196  193  190  185
  175  174  172  171  172  173  176  179  218
    15.0-180.0 180.0   5.0 450.0                            LAT/LON1/LON2/DLON/H
  207  232  260  289  297  315  331  345  362  381  398  413  436  458  478  494
  503  510  515  519  511  509  509  512  517  527  537  545  564  576  586  592
  576  564  548  530  506  465  422  381  339  308  279  255  244  229  218  212
  208  206  206  208  200  201  202  205  204  201  199  197  185  181  177  172
  165  164  163  162  166  168  170  173  207
    12.5-180.0 180.0   5.0 450.0                            LAT/LON1/LON2/DLON/H
  195  220  248  277  293  311  329  344  365  384  401  416  443  466  487  506
  518  526  533  538  532  531  532  534  537  546  553  558  570  577  582  584
  566  553  537  519  495  453  411  372  327  296  268  246  240  228  220  216
  216  216  217  219  206  206  206  206  200  196  192  188  175  170  165  159
  156  154  153  153  160  161  163  166  195
    10.0-180.0 180.0   5.0 450.0                            LAT/LON1/LON2/DLON/H
  168  198  233  273  289  306  324  343  364  383  400  416  445  470  493  513
  532  543  551  557  548  548  549  551  557  560  562  563  578  580  580  576
  567  550  530  510  485  450  413  377  326  300  277  258  255  248  245  243
  236  235  233  232  227  222  218  213  202  192  183  173  160  154  147  141
  138  136  135  135  134  133  134  138  168
     7.5-180.0 180.0   5.0 450.0                            LAT/LON1/LON2/DLON/H
  156  186  223  264  284  304  325  345  366  386  404  421  444  467  489  510
  536  547  556  563  561  562  564  566  575  577  576  575  581  579  575  570
  557  543  526  508  493  461  426  392  354  329  307  288  290  281  274  269
  257  252  246  239  234  227  220  214  202  190  178  167  155  147  140  133
  127  125  124  124  119  120  124  128  156
     5.0-180.0 180.0   5.0 450.0                            LAT/LON1/LON2/DLON/H
  147  177  214  256  283  305  327  349  369  389  408  426  444  464  484  503
  531  542  551  559  567  570  573  577  590  591  590  586  583  579  572  565
  547  537  525  511  498  470  441  411  385  363  343  324  323  312  303  293
  272  262  252  240  236  227  218  210  198  185  172  160  151  143  135  127
  118  116  115  116  109  111  116  122  147
     2.5-180.0 180.0   5.0 450.0                            LAT/LON1/LON2/DLON/H
  142  173  210  252  286  310  334  357  378  398  417  435  448  466  483  498
  523  533  542  550  565  571  577  582  600  600  599  595  588  581  574  566
  539  533  525  516  498  476  452  429  414  395  376  358  349  337  325  312
  275  263  248  234  231  220  210  201  191  177  164  152  148  139  131  123
  112  110  110  111  103  106  112  118  142
