o1pg2090-20230729.23i
     1.0            IONOSPHERE MAPS     GNSS                IONEX VERSION / TYPE
IONINX V4.3         AIUB                01-Aug-23 09:21     PGM / RUN BY / DATE 
406 1-DAY PREDICTED IONOSPHERE MAPS FOR DAY 209, 2023       COMMENT             
We use the deep learning algorithm, based on the global     DESCRIPTION         
ionospheric map provided by CODE and the final global       DESCRIPTION         
ionospheric map combined by IGS, and use our proposed       DESCRIPTION         
spatiotemporal network model to predict the global          DESCRIPTION         
ionospheric map of the next day.                            DESCRIPTION         
Contact address: wanghongyue@stu.cdut.edu.cn                DESCRIPTION         
  2023    07    28     0     0     0                        EPOCH OF FIRST MAP  
  2023    07    28    22     0     0                        EPOCH OF LAST MAP   
  7200                                                      INTERVAL            
    12                                                      # OF MAPS IN FILE   
  NONE                                                      MAPPING FUNCTION    
     0.0                                                    ELEVATION CUTOFF    
TEC prediction calculated as a spatiotemporal network model OBSERVABLES USED    
  6371.0                                                    BASE RADIUS         
     2                                                      MAP DIMENSION       
   450.0 450.0   0.0                                        HGT1 / HGT2 / DHGT  
    87.5 -87.5  -2.5                                        LAT1 / LAT2 / DLAT  
  -180.0 180.0   5.0                                        LON1 / LON2 / DLON  
    -1                                                      EXPONENT            
TEC values in 0.1 tec units;  9999, if no value available   COMMENT             
                                                            END OF HEADER       
[from data line 2574]
     7                                                      START OF TEC MAP    
  2023    07    28    12     0     0                        EPOCH OF CURRENT MAP
    87.5-180.0 180.0   5.0 450.0                            LAT/LON1/LON2/DLON/H
  171  171  171  171  171  172  173  175  179  180  181  181  186  187  187  187
  190  190  190  190  190  190  190  190  188  188  188  189  186  186  186  186
  185  185  185  184  182  182  181  181  181  180  179  179  181  180  179  179
  181  181  180  179  178  178  177  177  176  176  175  175  174  174  174  173
  175  175  175  175  175  176  177  177  171
    85.0-180.0 180.0   5.0 450.0                            LAT/LON1/LON2/DLON/H
  168  168  169  170  171  173  175  177  181  182  183  184  189  189  189  189
  191  191  191  191  192  192  192  192  190  190  190  190  187  187  187  187
  185  185  184  184  182  181  180  179  179  178  177  176  177  176  175  174
  176  175  174  174  173  172  172  171  172  171  170  170  171  170  169  168
  171  171  171  170  171  172  173  173  168
    82.5-180.0 180.0   5.0 450.0                            LAT/LON1/LON2/DLON/H
  163  165  166  168  170  172  175  177  180  181  182  183  188  188  188  188
  190  190  190  191  192  192  191  191  190  190  190  189  188  187  187  186
  185  185  184  183  182  181  180  179  179  177  176  175  175  174  173  172
  174  172  171  170  171  170  168  168  171  169  168  167  170  168  167  166
  168  168  167  166  166  167  167  166  163
    80.0-180.0 180.0   5.0 450.0                            LAT/LON1/LON2/DLON/H
  162  161  161  160  163  165  167  169  173  175  176  177  179  180  181  181
  182  182  182  183  183  183  182  183  186  185  185  185  190  190  189  189
  192  191  189  189  189  188  187  186  183  183  182  181  178  178  177  177
  179  179  178  178  179  179  179  178  180  178  177  176  174  172  170  168
  168  166  163  161  165  163  161  161  162
    77.5-180.0 180.0   5.0 450.0                            LAT/LON1/LON2/DLON/H
  159  158  157  157  159  161  162  164  167  168  169  169  172  173  173  173
  174  174  175  175  175  175  176  176  178  178  179  180  185  186  187  188
  191  192  192  192  192  192  191  190  188  187  187  186  184  184  184  185
  187  187  187  187  190  189  189  189  191  190  188  187  185  182  179  176
  174  170  167  163  162  159  157  155  159
    75.0-180.0 180.0   5.0 450.0                            LAT/LON1/LON2/DLON/H
  159  158  156  155  156  158  158  159  161  161  161  161  164  165  165  164
  165  166  167  168  168  169  169  170  172  173  175  176  182  184  187  189
  193  195  196  197  198  198  197  196  196  195  195  194  194  194  195  195
  198  198  199  199  203  203  202  202  205  203  202  200  198  194  190  186
  182  177  172  167  163  159  155  152  159
    72.5-180.0 180.0   5.0 450.0                            LAT/LON1/LON2/DLON/H
  159  158  156  155  154  155  155  155  155  155  154  153  156  155  155  154
  157  158  158  159  161  162  163  164  167  169  171  172  180  184  187  190
  196  198  201  203  204  204  204  203  205  204  204  203  205  205  206  206
  210  210  210  210  215  214  214  213  217  215  212  210  210  205  200  194
  191  185  179  173  167  162  158  153  159
    70.0-180.0 180.0   5.0 450.0                            LAT/LON1/LON2/DLON/H
  158  157  156  154  153  153  154  154  151  151  150  150  151  152  154  155
  156  158  160  162  163  165  166  167  170  173  175  178  183  189  194  198
  200  204  208  211  211  211  211  210  213  214  214  214  215  217  219  220
  218  220  222  222  216  218  219  220  216  216  215  214  211  208  203  199
  195  189  181  173  167  162  157  150  158
    67.5-180.0 180.0   5.0 450.0                            LAT/LON1/LON2/DLON/H
  159  157  155  153  151  151  151  151  148  148  148  147  149  150  151  152
  154  157  159  162  164  166  168  170  172  175  177  180  185  191  197  201
  205  210  214  216  217  218  217  216  220  221  221  220  223  225  226  225
  224  225  224  222  218  219  219  217  216  217  216  215  215  211  207  203
  200  194  186  178  170  165  160  153  159
    65.0-180.0 180.0   5.0 450.0                            LAT/LON1/LON2/DLON/H
  157  155  152  150  148  147  147  146  145  145  145  144  147  148  149  150
  153  156  159  162  164  167  169  172  174  177  180  182  189  195  201  205
  210  215  219  221  222  223  222  221  225  227  227  226  230  231  230  228
  227  226  223  218  217  216  215  212  214  214  214  213  214  212  209  205
  202  196  188  180  172  167  161  154  157
    62.5-180.0 180.0   5.0 450.0                            LAT/LON1/LON2/DLON/H
  154  151  148  145  143  142  141  140  140  140  140  141  145  145  146  147
  152  155  158  162  164  167  170  173  177  180  182  185  192  198  204  208
  213  218  222  224  224  225  225  224  229  230  231  230  234  233  231  228
  226  223  218  212  212  211  208  205  210  211  211  211  212  211  208  205
  202  196  188  181  174  169  163  157  154
    60.0-180.0 180.0   5.0 450.0                            LAT/LON1/LON2/DLON/H
  147  143  139  136  130  127  125  124  125  126  128  131  134  137  141  146
  150  153  158  164  161  164  168  171  176  179  182  186  195  201  206  212
  220  224  227  231  231  231  232  232  238  238  237  236  238  235  231  227
  224  221  216  212  206  206  207  207  206  208  210  211  216  216  214  213
  210  203  196  189  179  171  163  154  147
    57.5-180.0 180.0   5.0 450.0                            LAT/LON1/LON2/DLON/H
  146  141  136  132  125  121  118  116  116  116  118  120  125  129  134  139
  145  149  154  160  159  163  168  172  176  181  186  190  199  205  212  217
  224  228  231  234  233  234  235  237  240  241  241  240  239  237  233  228
  222  219  216  212  207  208  209  210  211  214  216  217  223  222  220  217
  215  208  200  192  181  173  164  155  146
    55.0-180.0 180.0   5.0 450.0                            LAT/LON1/LON2/DLON/H
  148  142  137  132  125  119  114  111  109  108  109  111  116  120  125  131
  138  143  148  155  157  161  166  172  177  184  190  195  203  211  218  224
  230  233  235  238  238  240  242  244  246  247  247  246  243  240  236  231
  223  221  219  216  213  216  217  219  224  227  229  231  235  234  231  227
  224  217  208  199  187  178  169  160  148
    52.5-180.0 180.0   5.0 450.0                            LAT/LON1/LON2/DLON/H
  153  147  141  135  127  120  114  109  105  103  103  104  108  111  116  122
  132  136  142  149  153  159  164  170  179  187  194  200  208  216  224  230
  235  238  240  242  244  246  249  251  251  252  253  252  247  245  240  235
  228  227  226  224  224  228  230  232  240  244  246  248  250  248  245  240
  235  228  219  210  196  188  179  170  153
    50.0-180.0 180.0   5.0 450.0                            LAT/LON1/LON2/DLON/H
  162  156  151  145  133  125  118  111  102   97   94   92   97  100  106  112
  124  132  141  151  153  159  165  172  183  190  198  205  215  223  231  237
  240  245  249  252  256  260  264  267  266  265  262  260  257  253  248  244
  237  237  236  236  236  242  246  250  252  257  260  261  264  262  258  252
  248  238  227  216  199  189  179  170  162
    47.5-180.0 180.0   5.0 450.0                            LAT/LON1/LON2/DLON/H
  173  168  163  158  147  138  130  122  111  105  100   96   97  100  104  111
  127  134  144  155  159  166  172  180  191  199  206  212  222  230  236  242
  246  251  256  260  267  271  275  277  276  275  272  267  264  261  256  251
  249  249  249  247  251  256  260  262  265  269  271  272  277  274  269  263
  259  249  238  226  208  198  188  179  173
    45.0-180.0 180.0   5.0 450.0                            LAT/LON1/LON2/DLON/H
  181  177  172  168  160  152  144  135  122  115  108  102  100  102  106  111
  131  139  149  161  168  175  182  190  200  208  215  221  228  235  241  246
  251  258  264  270  280  285  289  292  290  288  285  280  277  274  270  265
  261  261  261  259  260  264  267  268  270  273  274  275  278  275  270  265
  262  252  241  230  213  204  195  186  181
    42.5-180.0 180.0   5.0 450.0                            LAT/LON1/LON2/DLON/H
  185  182  179  175  170  163  154  146  133  125  118  110  106  107  110  114
  136  144  155  167  177  185  193  201  208  215  222  228  231  238  244  249
  255  264  272  280  293  300  305  309  306  305  303  298  295  293  289  284
  278  278  276  274  268  271  273  274  273  275  277  277  279  276  272  267
  262  253  244  233  219  210  201  193  185
    40.0-180.0 180.0   5.0 450.0                            LAT/LON1/LON2/DLON/H
  176  174  174  174  164  161  158  155  145  137  129  121  113  116  120  123
  135  149  165  181  191  200  208  217  224  228  232  234  240  244  248  252
  266  277  289  302  314  322  329  337  337  334  331  329  321  316  312  308
  298  293  287  282  279  276  273  271  271  271  271  270  270  266  261  255
  253  244  235  226  221  210  200  192  176
    37.5-180.0 180.0   5.0 450.0                            LAT/LON1/LON2/DLON/H
  176  172  169  168  161  159  157  155  150  144  138  132  123  125  128  131
  139  154  170  186  199  208  217  225  233  236  239  242  245  250  255  261
  277  292  307  323  340  351  360  368  370  368  366  363  355  349  343  337
  326  319  311  304  294  291  287  283  282  280  278  275  277  271  264  256
  259  249  239  229  223  212  202  193  176
    35.0-180.0 180.0   5.0 450.0                            LAT/LON1/LON2/DLON/H
  176  170  166  163  157  156  155  154  152  148  144  140  132  133  134  136
  142  156  172  189  205  214  223  231  239  243  246  248  250  257  264  272
  288  308  327  345  367  380  392  400  404  403  401  397  392  386  378  370
  358  350  341  331  319  314  309  304  302  298  293  288  287  279  271  262
  264  254  243  232  224  212  202  192  176
    32.5-180.0 180.0   5.0 450.0                            LAT/LON1/LON2/DLON/H
  177  170  165  160  153  153  153  153  152  149  148  146  138  139  139  140
  144  157  173  190  208  218  227  235  243  247  250  253  255  264  274  283
  302  325  348  368  395  411  424  434  441  441  439  435  432  424  416  405
  395  387  377  365  356  351  345  338  334  328  322  314  307  298  288  278
  276  265  254  242  232  220  208  198  177
    30.0-180.0 180.0   5.0 450.0                            LAT/LON1/LON2/DLON/H
  194  185  177  169  152  149  148  146  149  148  147  145  140  137  134  132
  140  151  165  180  201  214  227  239  240  246  251  257  262  274  287  301
  322  349  378  406  424  438  452  466  473  473  473  474  466  457  450  446
  430  422  416  412  405  399  394  390  382  370  358  346  334  319  306  294
  286  271  259  247  252  236  222  210  194
    27.5-180.0 180.0   5.0 450.0                            LAT/LON1/LON2/DLON/H
  216  204  192  180  163  157  152  148  155  152  149  146  142  139  136  134
  140  153  167  182  205  218  231  244  244  251  258  265  269  284  300  316
  344  372  400  428  451  465  479  492  500  503  506  509  501  498  495  493
  481  478  475  471  471  465  458  448  439  422  403  383  362  344  326  310
  305  290  277  266  266  251  237  226  216
    25.0-180.0 180.0   5.0 450.0                            LAT/LON1/LON2/DLON/H
  241  228  213  199  181  173  164  157  163  158  154  150  145  141  139  137
  143  156  170  186  209  223  236  250  248  258  267  276  278  297  316  335
  365  392  419  445  468  482  494  505  513  518  524  529  527  529  531  531
  528  529  529  526  531  524  514  499  483  461  435  408  380  360  340  321
  319  305  292  281  279  265  253  242  241
    22.5-180.0 180.0   5.0 450.0                            LAT/LON1/LON2/DLON/H
  265  251  236  220  203  192  181  170  172  165  159  154  146  143  141  140
  146  159  174  190  213  227  241  255  251  264  275  287  291  313  334  354
  385  410  435  459  479  491  502  511  517  524  531  538  542  548  553  556
  565  569  571  569  579  570  556  537  511  484  454  421  390  369  347  326
  331  318  306  295  294  282  270  260  265
    20.0-180.0 180.0   5.0 450.0                            LAT/LON1/LON2/DLON/H
  286  276  264  249  232  221  208  194  182  173  164  155  150  147  146  145
  153  165  180  197  220  231  242  254  260  269  279  289  297  322  349  374
  397  421  445  467  489  497  504  511  514  524  536  547  541  555  568  580
  584  597  608  616  608  599  586  571  534  502  467  431  414  394  374  355
  345  333  323  314  305  293  281  270  286
    17.5-180.0 180.0   5.0 450.0                            LAT/LON1/LON2/DLON/H
  296  288  277  263  253  241  227  212  194  183  172  161  153  149  146  144
  153  165  181  199  220  232  244  258  262  274  286  298  314  340  367  392
  415  437  459  480  488  494  500  508  515  524  535  547  551  563  575  586
  593  608  618  623  611  601  586  566  524  489  452  414  396  376  357  339
  334  324  316  309  308  298  288  278  296
    15.0-180.0 180.0   5.0 450.0                            LAT/LON1/LON2/DLON/H
  295  288  279  267  262  251  237  222  202  189  176  164  156  150  146  143
  150  163  179  198  218  230  245  260  263  279  294  308  331  357  383  408
  430  450  469  489  494  499  504  512  520  529  539  550  555  566  576  585
  591  604  613  616  603  590  572  550  507  469  431  394  376  357  338  322
  322  313  306  301  307  298  289  281  295
    12.5-180.0 180.0   5.0 450.0                            LAT/LON1/LON2/DLON/H
  283  278  270  260  260  249  236  222  205  191  177  164  157  150  145  141
  148  160  177  196  214  228  244  261  266  285  303  320  347  372  398  422
  444  461  479  496  505  510  515  522  531  538  547  556  554  563  571  579
  580  591  597  598  589  572  552  528  486  448  410  374  357  338  320  305
  309  300  295  291  301  292  285  278  283
    10.0-180.0 180.0   5.0 450.0                            LAT/LON1/LON2/DLON/H
  269  265  260  256  238  230  222  214  193  181  170  159  155  150  145  142
  138  150  167  185  202  221  241  261  263  288  314  338  367  398  426  451
  470  485  497  508  518  530  540  548  555  562  569  573  563  569  575  577
  579  583  585  584  570  552  531  511  471  437  405  374  353  333  315  298
  298  293  291  291  296  290  286  282  269
     7.5-180.0 180.0   5.0 450.0                            LAT/LON1/LON2/DLON/H
  251  245  239  234  220  212  205  197  186  176  166  157  155  149  145  142
  134  146  162  180  199  217  237  258  270  297  323  349  385  413  440  465
  481  496  508  520  534  546  556  566  573  577  579  579  567  569  570  570
  570  574  575  574  556  541  525  507  474  441  410  380  363  342  321  303
  296  291  288  286  291  287  283  278  251
     5.0-180.0 180.0   5.0 450.0                            LAT/LON1/LON2/DLON/H
  240  231  223  217  203  195  187  181  175  167  158  151  151  146  142  139
  128  140  155  172  195  213  234  255  279  307  335  362  399  426  450  474
  487  503  517  529  543  556  568  579  582  582  580  577  565  562  560  557
  562  564  564  563  546  536  525  512  482  452  423  396  380  357  336  316
  299  293  289  286  288  284  280  274  240
     2.5-180.0 180.0   5.0 450.0                            LAT/LON1/LON2/DLON/H
  236  226  216  208  191  183  175  168  166  158  151  146  147  142  138  135
  125  135  149  166  192  211  233  255  287  318  348  376  412  436  460  482
  489  506  522  535  544  559  572  584  581  578  574  568  558  552  547  543
  555  556  555  554  542  538  531  523  493  467  442  417  397  375  353  332
  303  296  291  287  288  283  278  272  236
