o1pg1930.23i
     1.0            IONOSPHERE MAPS     GNSS                IONEX VERSION / TYPE
IONINX V4.3         AIUB                13-Jul-23 09:02     PGM / RUN BY / DATE 
406 1-DAY PREDICTED IONOSPHERE MAPS FOR DAY 193, 2023       COMMENT             
We use the deep learning algorithm, based on the global     DESCRIPTION         
ionospheric map provided by CODE and the final global       DESCRIPTION         
ionospheric map combined by IGS, and use our proposed       DESCRIPTION         
spatiotemporal network model to predict the global          DESCRIPTION         
ionospheric map of the next day.                            DESCRIPTION         
Contact address: wanghongyue@stu.cdut.edu.cn                DESCRIPTION         
  2023    07    12     0     0     0                        EPOCH OF FIRST MAP  
  2023    07    12    22     0     0                        EPOCH OF LAST MAP   
  7200                                                      INTERVAL            
    12                                                      # OF MAPS IN FILE   
  NONE                                                      MAPPING FUNCTION    
     0.0                                                    ELEVATION CUTOFF    
TEC prediction calculated as a spatiotemporal network model OBSERVABLES USED    
  6371.0                                                    BASE RADIUS         
     2                                                      MAP DIMENSION       
   450.0 450.0   0.0                                        HGT1 / HGT2 / DHGT  
    87.5 -87.5  -2.5                                        LAT1 / LAT2 / DLAT  
  -180.0 180.0   5.0                                        LON1 / LON2 / DLON  
    -1                                                      EXPONENT            
TEC values in 0.1 tec units;  9999, if no value available   COMMENT             
                                                            END OF HEADER       
[from data line 2145]
     6                                                      START OF TEC MAP    
  2023    07    12    10     0     0                        EPOCH OF CURRENT MAP
    87.5-180.0 180.0   5.0 450.0                            LAT/LON1/LON2/DLON/H
  164  164  164  164  165  166  167  168  171  172  173  173  177  178  178  178
  180  180  180  180  182  182  182  181  180  180  179  179  177  177  176  176
  175  175  175  174  175  174  173  173  174  173  173  173  173  173  173  173
  174  174  173  173  171  171  171  170  169  169  169  170  169  170  170  170
  169  170  170  169  168  169  169  169  164
    85.0-180.0 180.0   5.0 450.0                            LAT/LON1/LON2/DLON/H
  162  162  163  163  164  166  167  169  172  173  174  175  178  179  179  179
  180  181  181  181  182  182  182  182  181  180  180  179  177  177  176  176
  176  175  175  174  174  174  173  173  172  172  171  171  171  171  171  171
  171  171  170  170  168  167  167  166  165  165  165  165  166  166  166  166
  166  166  166  165  165  166  166  166  162
    82.5-180.0 180.0   5.0 450.0                            LAT/LON1/LON2/DLON/H
  157  158  159  161  161  163  165  167  169  171  172  174  177  177  177  177
  179  179  180  180  181  181  180  180  179  179  178  177  176  176  175  174
  176  175  175  174  175  174  174  173  173  172  172  172  171  170  170  171
  170  170  169  169  167  166  165  165  164  163  163  162  165  164  164  164
  163  163  162  162  161  161  161  161  157
    80.0-180.0 180.0   5.0 450.0                            LAT/LON1/LON2/DLON/H
  155  155  154  154  154  156  158  160  163  165  166  167  169  170  170  170
  170  171  172  172  172  173  173  174  173  173  173  173  176  176  176  176
  180  180  180  181  182  182  182  182  177  177  178  178  174  175  176  177
  175  176  176  176  174  173  172  171  171  169  168  167  167  166  166  165
  164  162  161  159  159  158  158  158  155
    77.5-180.0 180.0   5.0 450.0                            LAT/LON1/LON2/DLON/H
  153  152  151  150  150  152  153  154  157  158  159  158  161  162  162  161
  161  162  163  164  163  164  165  165  164  165  166  166  169  170  171  172
  178  180  181  182  185  186  186  186  182  183  183  183  180  182  183  184
  183  184  184  184  184  183  182  181  181  180  179  178  176  175  174  173
  169  167  164  162  158  156  155  154  153
    75.0-180.0 180.0   5.0 450.0                            LAT/LON1/LON2/DLON/H
  153  152  150  149  146  147  148  148  150  151  150  149  152  153  152  151
  152  153  154  155  155  156  157  158  157  158  159  160  163  166  168  170
  177  180  183  186  190  191  192  192  190  191  191  191  190  191  192  193
  194  194  195  195  196  195  194  193  194  193  192  190  188  187  185  182
  178  174  171  167  160  158  156  154  153
    72.5-180.0 180.0   5.0 450.0                            LAT/LON1/LON2/DLON/H
  154  152  150  148  144  143  143  142  143  143  142  140  143  143  142  141
  142  144  145  145  147  148  149  150  150  152  153  154  159  162  165  168
  177  182  186  189  195  197  198  198  199  199  199  199  201  202  202  203
  205  205  205  205  207  206  205  204  206  205  203  201  200  197  195  191
  188  184  179  174  167  163  160  157  154
    70.0-180.0 180.0   5.0 450.0                            LAT/LON1/LON2/DLON/H
  163  159  153  147  141  140  140  139  135  134  134  133  136  137  137  138
  139  141  143  145  144  145  146  147  148  150  151  153  159  163  168  172
  178  184  189  195  198  201  203  205  206  208  210  210  210  212  214  214
  214  215  216  215  213  214  213  212  211  211  210  209  208  206  204  202
  197  192  187  181  176  172  167  162  163
    67.5-180.0 180.0   5.0 450.0                            LAT/LON1/LON2/DLON/H
  167  162  156  149  140  139  137  135  131  130  129  128  132  132  132  133
  136  138  140  142  142  144  146  147  149  151  153  155  160  166  171  176
  183  189  195  199  203  206  209  210  212  215  216  217  219  221  221  220
  221  221  219  216  215  215  213  211  212  213  212  211  213  212  211  209
  207  202  197  191  185  181  176  169  167
    65.0-180.0 180.0   5.0 450.0                            LAT/LON1/LON2/DLON/H
  170  164  157  150  140  137  134  130  127  126  124  123  128  128  129  129
  132  135  137  139  141  143  145  148  150  153  155  157  164  170  176  180
  188  194  200  204  207  211  213  214  219  221  223  223  227  228  228  226
  226  224  221  216  214  213  211  208  210  211  212  211  215  215  215  214
  213  209  204  198  193  188  182  176  170
    62.5-180.0 180.0   5.0 450.0                            LAT/LON1/LON2/DLON/H
  171  165  157  149  138  134  129  125  123  122  120  119  125  125  125  126
  129  132  134  137  138  141  144  147  151  155  157  160  169  175  181  185
  192  198  203  207  210  214  216  218  223  226  227  228  233  233  232  230
  228  225  220  215  211  210  207  204  207  209  210  210  214  215  216  216
  217  214  209  204  200  195  189  183  171
    60.0-180.0 180.0   5.0 450.0                            LAT/LON1/LON2/DLON/H
  174  166  155  144  130  123  118  113  109  108  109  111  113  115  117  119
  123  125  128  132  133  136  141  146  150  154  158  162  173  179  184  189
  198  204  209  214  216  220  224  227  232  235  237  238  241  239  235  231
  227  221  214  207  205  203  200  197  204  205  206  206  218  219  220  220
  226  224  221  218  216  211  204  196  174
    57.5-180.0 180.0   5.0 450.0                            LAT/LON1/LON2/DLON/H
  180  171  161  150  133  125  117  111  105  103  103  104  107  108  110  112
  117  119  121  125  129  133  138  144  150  156  161  166  177  184  189  195
  202  208  213  217  219  223  228  232  236  239  242  243  245  243  240  235
  229  224  217  210  207  205  203  201  208  210  211  212  224  225  225  225
  234  232  229  225  225  220  213  205  180
    55.0-180.0 180.0   5.0 450.0                            LAT/LON1/LON2/DLON/H
  187  179  169  158  140  130  121  112  103  100   99   98  101  101  102  104
  110  111  114  117  124  129  135  141  150  157  164  170  181  188  195  200
  208  213  217  220  224  229  233  238  241  245  248  250  251  249  246  241
  235  230  224  217  214  213  211  209  216  218  219  221  231  232  233  232
  243  241  237  233  235  230  223  215  187
    52.5-180.0 180.0   5.0 450.0                            LAT/LON1/LON2/DLON/H
  194  186  177  166  148  137  126  116  103   99   97   95   95   95   95   97
  103  104  106  109  119  124  130  137  151  159  166  173  185  193  199  204
  212  217  220  223  229  234  239  243  247  251  253  255  258  256  252  246
  243  239  233  226  224  224  223  221  226  229  231  232  240  241  241  240
  251  249  246  241  246  242  235  228  194
    50.0-180.0 180.0   5.0 450.0                            LAT/LON1/LON2/DLON/H
  200  194  187  179  161  150  139  129  113  107  101   97   94   92   91   91
   99  100  102  105  118  125  134  144  157  166  174  183  193  200  206  211
  220  225  229  233  240  246  251  257  260  262  263  265  267  265  262  259
  257  253  248  243  241  240  238  236  240  243  244  245  249  251  252  252
  259  257  255  253  249  244  239  233  200
    47.5-180.0 180.0   5.0 450.0                            LAT/LON1/LON2/DLON/H
  207  201  195  187  172  162  151  140  123  116  109  104   97   94   92   91
   99  100  102  106  121  128  137  148  164  173  181  190  200  206  212  216
  227  233  237  242  250  257  262  267  270  273  275  276  277  276  274  271
  271  266  261  254  254  253  250  245  250  253  254  254  259  261  262  262
  269  268  265  262  254  249  244  238  207
    45.0-180.0 180.0   5.0 450.0                            LAT/LON1/LON2/DLON/H
  209  204  199  192  181  173  163  153  136  128  120  113  102   98   95   93
  102  103  106  110  127  135  144  155  173  181  190  198  206  212  217  222
  233  240  246  251  260  267  274  279  281  286  288  289  290  290  289  286
  285  281  275  268  265  262  258  252  254  256  257  257  263  265  266  267
  275  273  270  266  257  252  246  241  209
    42.5-180.0 180.0   5.0 450.0                            LAT/LON1/LON2/DLON/H
  206  202  197  192  186  179  171  163  148  140  131  123  109  105  101   97
  107  108  111  116  135  143  152  163  181  190  198  205  210  217  222  226
  237  245  253  260  269  277  285  291  292  297  300  302  304  306  306  304
  301  297  291  283  274  271  266  260  258  260  261  262  268  270  272  273
  280  278  275  272  259  254  249  243  206
    40.0-180.0 180.0   5.0 450.0                            LAT/LON1/LON2/DLON/H
  196  193  190  188  177  175  172  169  160  152  144  137  124  119  114  109
  115  119  124  129  135  148  162  177  191  201  210  218  220  223  225  228
  244  250  257  264  284  292  300  308  317  320  324  327  327  327  326  326
  328  320  312  304  295  287  279  272  263  263  264  265  268  274  280  284
  282  280  277  274  263  247  231  218  196
    37.5-180.0 180.0   5.0 450.0                            LAT/LON1/LON2/DLON/H
  194  188  183  179  172  170  168  166  165  159  153  148  137  131  125  119
  121  124  129  133  141  154  167  181  199  208  217  225  226  229  232  235
  249  258  267  275  295  305  315  323  335  341  345  350  349  351  351  351
  352  345  337  329  314  306  298  289  280  279  277  275  284  288  291  292
  294  291  286  281  264  247  231  217  194
    35.0-180.0 180.0   5.0 450.0                            LAT/LON1/LON2/DLON/H
  195  187  180  174  168  166  165  164  167  164  161  158  149  143  136  129
  127  130  133  137  146  157  170  183  204  213  221  229  229  234  238  242
  252  264  275  286  305  317  328  337  352  359  366  371  371  374  376  376
  378  373  366  358  342  335  327  318  308  305  302  297  304  306  306  305
  305  300  294  286  266  248  232  217  195
    32.5-180.0 180.0   5.0 450.0                            LAT/LON1/LON2/DLON/H
  197  189  181  173  165  164  163  163  168  167  166  166  160  153  146  138
  132  134  136  139  148  159  170  182  205  214  222  230  229  236  242  248
  255  269  283  295  315  329  341  351  369  378  385  392  392  396  399  400
  405  402  397  389  379  374  366  357  346  343  337  330  331  331  329  325
  319  313  306  297  271  254  238  222  197
    30.0-180.0 180.0   5.0 450.0                            LAT/LON1/LON2/DLON/H
  215  203  191  181  171  167  164  163  167  166  166  166  164  157  149  141
  132  132  131  131  144  153  164  175  199  207  216  225  237  238  240  242
  258  270  283  295  320  335  351  365  381  391  401  411  415  420  427  433
  435  434  435  436  428  423  418  413  404  392  380  368  373  362  352  342
  334  320  306  293  278  262  247  233  215
    27.5-180.0 180.0   5.0 450.0                            LAT/LON1/LON2/DLON/H
  228  216  203  191  181  175  170  167  174  171  170  169  170  162  153  145
  136  134  132  131  144  153  163  174  199  207  216  226  233  237  241  245
  263  275  288  301  329  344  360  375  390  400  411  422  427  435  444  455
  462  467  473  478  476  475  472  467  456  443  428  413  412  396  380  364
  347  329  313  297  283  267  251  237  228
    25.0-180.0 180.0   5.0 450.0                            LAT/LON1/LON2/DLON/H
  244  233  221  209  199  192  186  181  183  180  177  176  177  168  159  150
  143  139  136  133  146  154  163  175  196  205  216  227  229  236  243  250
  267  280  294  307  335  350  365  380  394  404  415  427  435  446  459  472
  485  496  507  516  519  521  520  515  504  490  473  454  449  428  406  385
  357  338  319  302  286  270  255  241  244
    22.5-180.0 180.0   5.0 450.0                            LAT/LON1/LON2/DLON/H
  257  248  238  228  219  212  205  199  195  190  186  184  184  174  165  156
  150  145  140  136  149  156  165  175  189  200  212  224  224  234  244  254
  271  286  299  313  341  356  370  384  397  406  417  429  439  452  467  481
  500  516  530  542  550  555  554  549  541  526  508  487  479  455  430  404
  367  347  329  311  293  278  264  251  257
    20.0-180.0 180.0   5.0 450.0                            LAT/LON1/LON2/DLON/H
  269  261  252  241  242  235  227  219  212  204  197  190  186  177  169  160
  154  151  147  144  152  154  158  163  189  194  202  211  211  223  236  249
  271  291  311  330  359  372  385  397  405  416  428  438  443  459  475  489
  508  528  545  559  563  570  573  574  561  552  540  528  514  486  455  424
  391  365  340  316  299  287  277  268  269
    17.5-180.0 180.0   5.0 450.0                            LAT/LON1/LON2/DLON/H
  275  269  260  250  256  250  243  234  222  213  204  195  190  181  172  163
  160  155  151  147  153  155  158  163  184  190  199  208  216  229  242  256
  283  303  323  341  368  380  392  404  411  421  430  441  450  464  478  491
  510  528  543  555  557  565  568  569  556  551  542  531  522  494  464  432
  394  367  341  318  304  291  280  270  275
    15.0-180.0 180.0   5.0 450.0                            LAT/LON1/LON2/DLON/H
  272  267  260  252  260  255  249  241  226  216  206  196  193  184  174  166
  163  158  153  148  151  152  155  160  176  184  194  205  218  232  247  262
  294  314  333  352  379  391  403  415  421  429  438  448  459  470  481  493
  507  522  534  543  543  549  552  551  543  540  534  526  520  493  464  434
  392  366  341  318  308  294  282  271  272
    12.5-180.0 180.0   5.0 450.0                            LAT/LON1/LON2/DLON/H
  263  259  254  247  253  250  245  240  224  214  203  193  192  183  174  166
  166  160  154  148  148  149  152  156  167  177  188  201  219  235  250  266
  303  324  343  362  392  404  415  427  435  442  449  458  466  475  484  494
  501  512  520  526  526  530  531  530  528  526  522  516  509  484  457  429
  387  361  337  316  313  298  284  272  263
    10.0-180.0 180.0   5.0 450.0                            LAT/LON1/LON2/DLON/H
  256  250  246  242  236  233  230  228  213  206  199  193  182  177  171  165
  156  150  144  137  135  133  132  133  148  165  184  205  219  243  266  289
  319  341  362  379  405  421  434  443  446  458  466  473  475  484  492  498
  500  505  508  510  504  508  511  514  504  505  504  501  493  468  440  410
  381  363  346  330  312  299  289  280  256
     7.5-180.0 180.0   5.0 450.0                            LAT/LON1/LON2/DLON/H
  250  242  235  230  222  218  215  212  202  196  189  183  177  171  165  159
  154  147  140  132  127  124  123  124  141  159  179  202  225  248  271  294
  324  345  364  381  409  424  436  446  453  463  470  476  478  486  493  499
  498  503  507  509  501  504  507  508  505  504  500  494  484  458  429  397
  373  357  341  326  311  303  295  288  250
     5.0-180.0 180.0   5.0 450.0                            LAT/LON1/LON2/DLON/H
  252  241  232  224  213  207  202  198  189  183  177  171  169  164  158  152
  148  140  133  125  117  114  113  114  135  154  176  200  230  254  276  299
  326  346  364  380  405  419  431  442  451  459  466  471  474  482  488  494
  497  503  507  510  505  508  510  511  508  504  498  490  470  443  414  382
  360  347  334  322  308  303  299  294  252
     2.5-180.0 180.0   5.0 450.0                            LAT/LON1/LON2/DLON/H
  261  249  239  229  211  203  196  191  179  173  167  162  161  156  150  144
  142  134  125  117  107  104  103  104  130  151  174  200  234  258  281  304
  325  344  362  378  393  408  421  432  440  448  454  459  464  471  477  483
  496  502  507  510  514  517  519  519  510  505  496  486  450  424  395  365
  343  333  324  315  305  303  301  299  261
