o1pg2070-20230727.23i
     1.0            IONOSPHERE MAPS     GNSS                IONEX VERSION / TYPE
IONINX V4.3         AIUB                01-Aug-23 09:18     PGM / RUN BY / DATE 
406 1-DAY PREDICTED IONOSPHERE MAPS FOR DAY 207, 2023       COMMENT             
We use the deep learning algorithm, based on the global     DESCRIPTION         
ionospheric map provided by CODE and the final global       DESCRIPTION         
ionospheric map combined by IGS, and use our proposed       DESCRIPTION         
spatiotemporal network model to predict the global          DESCRIPTION         
ionospheric map of the next day.                            DESCRIPTION         
Contact address: wanghongyue@stu.cdut.edu.cn                DESCRIPTION         
  2023    07    26     0     0     0                        EPOCH OF FIRST MAP  
  2023    07    26    22     0     0                        EPOCH OF LAST MAP   
  7200                                                      INTERVAL            
    12                                                      # OF MAPS IN FILE   
  NONE                                                      MAPPING FUNCTION    
     0.0                                                    ELEVATION CUTOFF    
TEC prediction calculated as a spatiotemporal network model OBSERVABLES USED    
  6371.0                                                    BASE RADIUS         
     2                                                      MAP DIMENSION       
   450.0 450.0   0.0                                        HGT1 / HGT2 / DHGT  
    87.5 -87.5  -2.5                                        LAT1 / LAT2 / DLAT  
  -180.0 180.0   5.0                                        LON1 / LON2 / DLON  
    -1                                                      EXPONENT            
TEC values in 0.1 tec units;  9999, if no value available   COMMENT             
                                                            END OF HEADER       
[from data line 3432]
     9                                                      START OF TEC MAP    
  2023    07    26    16     0     0                        EPOCH OF CURRENT MAP
    87.5-180.0 180.0   5.0 450.0                            LAT/LON1/LON2/DLON/H
  187  187  188  188  183  184  185  187  189  189  190  191  190  190  191  191
  193  193  193  194  194  194  195  195  194  193  193  192  193  192  192  191
  192  192  191  190  191  190  190  189  190  189  189  189  188  189  188  188
  188  189  189  189  187  188  189  189  188  189  189  190  188  189  189  190
  187  188  189  190  187  189  191  192  187
    85.0-180.0 180.0   5.0 450.0                            LAT/LON1/LON2/DLON/H
  184  185  186  188  184  186  188  190  192  194  195  196  196  197  197  198
  199  199  199  200  200  200  200  200  198  197  196  195  194  193  191  189
  190  188  187  185  186  185  183  182  183  183  182  182  183  183  183  183
  184  184  184  184  184  185  185  186  187  187  187  188  187  187  187  187
  184  185  186  186  184  186  189  190  184
    82.5-180.0 180.0   5.0 450.0                            LAT/LON1/LON2/DLON/H
  180  182  184  186  184  187  190  193  194  196  197  199  200  201  201  202
  203  203  204  204  204  204  203  203  201  199  198  196  194  192  190  188
  188  186  183  181  182  180  179  177  178  178  177  177  178  178  178  178
  180  180  181  181  183  183  183  184  186  187  187  187  185  185  186  186
  180  181  182  182  178  180  182  183  180
    80.0-180.0 180.0   5.0 450.0                            LAT/LON1/LON2/DLON/H
  179  179  179  179  181  183  186  188  192  194  195  196  197  199  200  200
  202  202  202  202  205  204  202  201  202  200  198  196  198  196  193  191
  191  189  187  185  183  181  180  180  178  178  179  180  177  179  180  182
  181  183  184  185  184  185  186  187  188  188  188  187  185  184  182  180
  178  177  175  174  171  172  173  174  179
    77.5-180.0 180.0   5.0 450.0                            LAT/LON1/LON2/DLON/H
  176  177  177  178  180  182  184  186  190  192  193  194  195  197  198  199
  200  201  202  202  203  203  203  202  201  200  199  197  198  196  194  192
  192  191  189  187  185  184  183  181  180  180  181  181  179  181  183  185
  184  186  187  188  188  189  190  191  190  191  190  190  186  185  182  180
  176  174  172  170  166  167  167  168  176
    75.0-180.0 180.0   5.0 450.0                            LAT/LON1/LON2/DLON/H
  178  178  179  180  181  183  185  187  189  191  192  192  194  195  196  196
  198  200  201  201  203  204  204  204  203  202  201  199  201  199  198  196
  196  195  194  192  190  189  187  185  185  185  185  185  184  185  187  188
  189  190  191  192  193  194  194  195  193  193  192  191  187  185  182  179
  174  172  170  167  164  164  164  164  178
    72.5-180.0 180.0   5.0 450.0                            LAT/LON1/LON2/DLON/H
  180  181  182  182  183  186  187  188  188  189  190  190  191  192  192  192
  196  197  198  199  202  203  204  204  205  204  203  201  204  203  202  200
  202  201  200  198  197  195  193  190  191  190  189  188  189  190  191  192
  194  194  194  195  197  197  196  196  194  193  192  190  186  184  181  177
  174  171  169  166  165  165  164  164  180
    70.0-180.0 180.0   5.0 450.0                            LAT/LON1/LON2/DLON/H
  181  183  186  188  187  190  192  194  194  194  193  192  195  196  197  197
  201  204  207  209  209  211  213  214  213  213  211  209  207  206  205  204
  204  204  203  202  202  200  198  196  196  195  194  194  192  193  194  196
  195  197  198  199  193  194  194  193  188  186  184  181  178  176  172  169
  167  166  165  163  165  168  170  170  181
    67.5-180.0 180.0   5.0 450.0                            LAT/LON1/LON2/DLON/H
  184  187  190  192  193  195  197  199  199  200  199  198  200  201  202  202
  205  208  211  213  214  216  218  219  218  217  215  212  209  209  208  206
  208  209  208  207  207  206  203  200  200  200  200  199  198  199  200  200
  200  201  201  200  194  194  192  190  185  183  180  177  175  172  169  165
  165  165  164  162  164  168  170  171  184
    65.0-180.0 180.0   5.0 450.0                            LAT/LON1/LON2/DLON/H
  184  187  190  193  196  199  201  203  204  205  205  205  207  208  208  207
  210  213  215  218  218  221  223  224  222  221  218  215  213  213  212  210
  213  213  213  211  212  210  208  204  206  206  205  204  205  205  206  205
  205  205  203  201  194  193  190  187  182  179  175  171  170  166  163  160
  161  161  160  159  162  165  168  169  184
    62.5-180.0 180.0   5.0 450.0                            LAT/LON1/LON2/DLON/H
  183  186  189  192  197  199  202  204  207  209  209  210  214  214  214  213
  216  218  220  222  222  224  226  227  226  224  221  219  218  218  216  215
  217  218  217  215  215  213  210  208  210  210  210  209  211  211  210  209
  209  207  204  201  195  192  188  184  179  175  171  167  164  160  158  155
  157  156  156  156  159  163  165  168  183
    60.0-180.0 180.0   5.0 450.0                            LAT/LON1/LON2/DLON/H
  176  182  188  195  197  201  206  212  210  212  213  215  219  218  216  214
  220  221  223  224  223  226  228  230  229  227  225  223  221  221  220  220
  223  223  222  222  221  220  218  218  215  215  215  216  215  215  214  213
  211  209  206  202  196  193  189  184  177  173  169  164  158  154  151  148
  146  146  146  146  147  150  153  155  176
    57.5-180.0 180.0   5.0 450.0                            LAT/LON1/LON2/DLON/H
  169  175  181  187  193  197  202  208  210  212  214  215  220  221  220  219
  222  223  225  225  223  226  229  231  230  230  229  228  226  227  227  228
  231  229  228  227  226  225  225  225  222  223  224  225  223  223  222  220
  217  215  212  208  203  199  194  189  184  179  174  168  160  156  151  147
  141  140  140  139  136  139  143  146  169
    55.0-180.0 180.0   5.0 450.0                            LAT/LON1/LON2/DLON/H
  164  169  175  181  190  194  200  206  210  212  215  216  220  222  223  222
  224  225  226  226  224  226  228  231  230  232  234  235  233  235  236  237
  240  238  235  233  233  233  233  233  232  234  236  236  234  235  233  230
  226  225  222  217  212  209  204  198  193  188  182  176  167  162  156  151
  141  139  138  137  128  132  135  139  164
    52.5-180.0 180.0   5.0 450.0                            LAT/LON1/LON2/DLON/H
  161  165  171  177  188  193  199  205  209  212  215  217  219  222  223  223
  225  225  225  225  224  226  228  230  231  236  239  241  240  243  245  246
  250  247  243  240  241  241  242  242  241  244  246  246  245  246  244  240
  238  236  233  229  224  220  216  210  205  199  194  187  176  170  164  158
  145  143  141  140  127  130  133  137  161
    50.0-180.0 180.0   5.0 450.0                            LAT/LON1/LON2/DLON/H
  153  157  162  168  184  191  198  206  213  216  220  222  224  225  226  226
  230  229  228  226  230  230  231  232  236  240  245  249  248  252  254  255
  255  253  250  248  249  250  251  251  255  257  258  258  259  258  256  254
  250  247  243  238  234  229  223  216  210  205  199  193  185  178  172  165
  160  154  149  144  137  136  135  135  153
    47.5-180.0 180.0   5.0 450.0                            LAT/LON1/LON2/DLON/H
  158  162  167  174  189  197  206  215  223  226  228  231  234  234  233  233
  238  236  234  232  234  234  234  235  242  246  251  255  256  259  261  262
  262  261  260  258  260  262  263  263  265  268  268  267  265  265  263  260
  259  255  250  243  241  235  228  219  214  209  204  197  193  187  181  175
  170  164  158  153  144  143  142  142  158
    45.0-180.0 180.0   5.0 450.0                            LAT/LON1/LON2/DLON/H
  163  167  173  180  193  204  215  226  234  237  240  243  245  244  243  242
  249  247  244  242  241  241  242  244  249  254  259  263  264  267  269  269
  270  271  271  271  274  277  279  279  279  281  281  279  274  274  273  270
  266  261  255  248  243  236  228  219  214  210  205  200  198  194  189  184
  180  175  169  164  153  152  151  151  163
    42.5-180.0 180.0   5.0 450.0                            LAT/LON1/LON2/DLON/H
  166  171  178  185  195  208  222  235  244  249  254  257  257  257  256  255
  261  259  257  254  250  251  252  254  258  263  267  272  272  274  276  276
  280  283  285  286  291  295  297  298  293  295  294  291  286  287  286  283
  274  269  262  254  244  237  229  220  213  209  205  202  203  200  197  194
  191  186  181  177  163  162  161  161  166
    40.0-180.0 180.0   5.0 450.0                            LAT/LON1/LON2/DLON/H
  164  168  175  183  190  207  224  240  255  261  267  272  268  271  272  272
  275  274  273  270  264  264  265  266  271  275  280  284  292  295  299  305
  308  312  317  325  323  323  323  323  321  317  313  309  306  302  297  291
  285  274  261  249  243  235  226  217  212  212  212  213  211  210  208  207
  203  197  191  184  182  179  176  173  164
    37.5-180.0 180.0   5.0 450.0                            LAT/LON1/LON2/DLON/H
  165  168  173  179  187  205  223  242  263  272  280  286  286  288  287  286
  289  288  285  282  278  279  280  281  289  293  297  303  308  314  321  329
  334  343  353  362  362  362  359  353  350  346  340  333  329  323  315  306
  297  285  271  256  248  240  231  223  218  219  219  219  223  221  218  216
  216  209  201  193  188  183  179  175  165
    35.0-180.0 180.0   5.0 450.0                            LAT/LON1/LON2/DLON/H
  162  164  168  174  180  199  219  240  265  277  288  298  300  301  301  299
  300  299  296  293  292  293  295  297  307  311  316  322  328  337  347  358
  368  382  396  407  405  403  398  389  383  377  370  360  354  346  335  323
  309  296  280  263  253  246  238  230  228  229  229  229  235  233  231  227
  228  220  210  201  194  188  183  177  162
    32.5-180.0 180.0   5.0 450.0                            LAT/LON1/LON2/DLON/H
  159  161  165  170  174  194  215  237  264  280  294  306  310  312  312  311
  309  309  307  304  305  308  310  312  326  330  336  342  353  366  379  392
  408  427  443  456  450  447  440  428  418  411  402  391  381  369  356  341
  322  307  290  272  262  256  249  241  240  242  243  243  249  248  246  242
  241  232  222  211  204  197  189  182  159
    30.0-180.0 180.0   5.0 450.0                            LAT/LON1/LON2/DLON/H
  160  161  163  165  169  189  210  231  259  278  296  311  319  319  317  316
  314  315  315  314  312  321  330  337  342  350  360  370  389  406  425  446
  455  471  486  500  487  482  474  464  447  438  429  419  407  391  375  358
  333  316  300  285  271  266  263  261  259  260  263  266  270  268  265  263
  259  249  237  225  213  200  188  177  160
    27.5-180.0 180.0   5.0 450.0                            LAT/LON1/LON2/DLON/H
  163  164  164  164  167  186  206  227  259  279  297  312  321  323  323  323
  323  325  326  326  328  336  344  354  363  373  384  396  420  444  468  491
  506  521  534  544  526  519  508  495  477  467  456  445  432  413  392  372
  345  327  310  293  286  282  279  277  275  277  280  283  285  283  279  276
  271  260  248  236  220  208  195  184  163
    25.0-180.0 180.0   5.0 450.0                            LAT/LON1/LON2/DLON/H
  168  167  167  166  168  186  205  226  259  279  297  313  323  327  331  332
  335  339  341  341  347  354  362  372  384  396  409  423  450  479  507  531
  546  559  568  572  552  542  529  513  497  486  474  462  446  424  401  377
  349  331  313  296  294  290  287  284  282  285  288  290  292  290  286  282
  275  265  254  242  224  212  200  189  168
    22.5-180.0 180.0   5.0 450.0                            LAT/LON1/LON2/DLON/H
  168  168  167  167  169  187  206  226  259  279  297  313  325  332  338  342
  351  355  358  360  366  374  383  393  405  419  434  449  476  508  537  562
  573  581  584  584  566  553  537  519  507  495  482  469  447  423  398  373
  345  327  309  292  294  291  288  284  284  287  290  292  292  290  287  283
  275  266  256  245  229  217  206  196  168
    20.0-180.0 180.0   5.0 450.0                            LAT/LON1/LON2/DLON/H
  179  180  181  182  173  190  208  228  255  274  292  310  323  334  344  354
  359  368  375  382  386  395  403  411  423  440  459  479  507  536  564  591
  594  598  599  598  573  559  545  531  523  509  494  480  450  423  395  369
  342  325  309  294  284  278  275  272  275  277  280  283  285  286  286  284
  267  262  256  249  228  220  213  205  179
    17.5-180.0 180.0   5.0 450.0                            LAT/LON1/LON2/DLON/H
  174  175  177  178  173  191  210  229  252  271  290  308  320  334  347  358
  371  383  393  402  405  413  422  432  445  462  480  497  528  553  576  596
  595  596  594  590  559  547  536  525  521  507  492  477  444  414  385  358
  334  316  299  285  274  268  264  262  265  266  267  270  270  270  268  265
  251  246  240  234  220  213  205  197  174
    15.0-180.0 180.0   5.0 450.0                            LAT/LON1/LON2/DLON/H
  161  162  164  166  167  185  205  224  247  266  285  304  316  334  350  363
  380  395  407  418  421  429  439  450  465  482  498  512  544  562  578  592
  587  585  580  575  548  540  532  525  520  506  491  476  438  406  376  348
  329  311  294  279  271  263  258  254  258  257  257  258  254  252  248  243
  232  226  220  214  207  199  191  183  161
    12.5-180.0 180.0   5.0 450.0                            LAT/LON1/LON2/DLON/H
  145  146  148  151  155  173  193  213  241  260  279  298  314  335  353  368
  389  405  419  431  436  446  456  467  484  499  513  525  554  565  575  582
  576  571  565  558  544  539  535  532  522  508  493  479  430  398  368  341
  327  308  291  276  273  264  257  251  256  252  250  249  241  235  229  221
  214  207  201  194  194  185  177  169  145
    10.0-180.0 180.0   5.0 450.0                            LAT/LON1/LON2/DLON/H
  126  126  128  132  131  150  175  204  229  250  272  295  309  330  350  369
  391  407  422  433  439  453  466  479  496  510  523  534  555  561  566  568
  573  568  560  553  541  545  545  544  529  518  504  486  437  410  381  353
  338  322  307  293  288  282  278  276  268  260  252  245  235  225  213  202
  193  185  178  173  169  160  152  148  126
     7.5-180.0 180.0   5.0 450.0                            LAT/LON1/LON2/DLON/H
  112  110  111  114  112  132  159  190  222  245  270  294  310  332  353  372
  397  414  428  439  448  461  475  488  512  525  537  547  559  563  565  567
  565  560  556  551  550  554  555  553  544  531  514  493  449  421  393  365
  352  336  321  307  302  296  291  288  282  270  258  246  234  220  206  191
  180  171  164  158  151  144  137  133  112
     5.0-180.0 180.0   5.0 450.0                            LAT/LON1/LON2/DLON/H
   99   96   97   99   96  115  142  174  215  240  267  293  313  336  358  378
  400  417  431  442  454  468  482  496  525  538  549  558  563  566  567  568
  562  561  559  558  559  562  563  561  551  535  516  493  455  428  401  374
  365  350  336  322  315  309  303  299  294  278  262  247  234  218  201  184
  172  163  155  148  139  132  127  122   99
     2.5-180.0 180.0   5.0 450.0                            LAT/LON1/LON2/DLON/H
   93   89   88   90   87  106  132  164  210  238  266  294  319  343  366  386
  405  421  434  446  459  474  489  503  534  547  557  566  570  572  573  574
  566  568  569  571  565  568  569  567  550  532  511  488  453  428  403  378
  372  359  346  333  324  317  311  306  300  281  263  244  235  216  198  179
  169  160  151  143  135  128  122  118   93
