o1pg1960-20230716.23i
     1.0            IONOSPHERE MAPS     GNSS                IONEX VERSION / TYPE
IONINX V4.3         AIUB                16-Jul-23 :11:4     PGM / RUN BY / DATE 
406 1-DAY PREDICTED IONOSPHERE MAPS FOR DAY 196, 2023       COMMENT             
We use the deep learning algorithm, based on the global     DESCRIPTION         
ionospheric map provided by CODE and the final global       DESCRIPTION         
ionospheric map combined by IGS, and use our proposed       DESCRIPTION         
spatiotemporal network model to predict the global          DESCRIPTION         
ionospheric map of the next day.                            DESCRIPTION         
Contact address: wanghongyue@stu.cdut.edu.cn                DESCRIPTION         
  2023    07    15     0     0     0                        EPOCH OF FIRST MAP  
  2023    07    15    22     0     0                        EPOCH OF LAST MAP   
  7200                                                      INTERVAL            
    12                                                      # OF MAPS IN FILE   
  NONE                                                      MAPPING FUNCTION    
     0.0                                                    ELEVATION CUTOFF    
TEC prediction calculated as a spatiotemporal network model OBSERVABLES USED    
  6371.0                                                    BASE RADIUS         
     2                                                      MAP DIMENSION       
   450.0 450.0   0.0                                        HGT1 / HGT2 / DHGT  
    87.5 -87.5  -2.5                                        LAT1 / LAT2 / DLAT  
  -180.0 180.0   5.0                                        LON1 / LON2 / DLON  
    -1                                                      EXPONENT            
TEC values in 0.1 tec units;  9999, if no value available   COMMENT             
                                                            END OF HEADER       
[from data line 3432]
     9                                                      START OF TEC MAP    
  2023    07    15    16     0     0                        EPOCH OF CURRENT MAP
    87.5-180.0 180.0   5.0 450.0                            LAT/LON1/LON2/DLON/H
  173  173  174  174  169  170  171  173  173  174  175  175  174  174  175  175
  175  176  176  176  176  176  177  177  175  175  175  174  174  174  174  173
  176  175  175  174  176  176  175  174  176  176  176  176  176  176  177  177
  176  177  177  178  175  176  177  178  177  178  179  180  177  178  179  180
  175  176  177  178  174  176  178  179  173
    85.0-180.0 180.0   5.0 450.0                            LAT/LON1/LON2/DLON/H
  169  170  171  172  169  171  173  175  176  177  178  179  179  179  180  180
  180  181  181  181  181  181  181  180  178  178  177  176  175  174  173  172
  172  171  170  169  170  170  169  168  169  169  169  169  170  170  170  171
  171  171  172  172  172  172  173  174  175  176  177  178  175  176  177  177
  171  172  173  174  171  173  176  177  169
    82.5-180.0 180.0   5.0 450.0                            LAT/LON1/LON2/DLON/H
  164  165  167  169  168  171  173  175  176  178  180  181  182  182  183  183
  184  184  184  184  184  184  183  183  180  179  178  176  174  173  171  169
  170  168  166  165  166  165  164  163  164  164  163  164  164  165  165  166
  166  167  167  168  169  170  171  172  174  175  176  176  174  174  174  175
  166  167  168  168  165  167  169  171  164
    80.0-180.0 180.0   5.0 450.0                            LAT/LON1/LON2/DLON/H
  162  162  162  164  164  167  169  171  173  175  177  178  179  180  181  181
  183  183  182  182  185  184  182  181  182  180  178  177  178  176  175  173
  173  171  169  168  167  166  165  165  163  164  165  166  162  164  166  167
  165  167  168  169  168  170  171  172  172  173  173  172  171  170  168  166
  163  162  161  161  157  159  160  162  162
    77.5-180.0 180.0   5.0 450.0                            LAT/LON1/LON2/DLON/H
  159  159  160  161  162  164  167  169  171  173  175  176  177  178  179  180
  181  181  182  182  183  183  183  182  181  181  179  178  178  177  176  174
  174  173  172  171  169  168  167  166  165  165  166  166  164  165  167  169
  167  169  170  172  171  172  174  175  173  174  174  173  169  168  167  165
  159  158  157  156  152  153  154  156  159
    75.0-180.0 180.0   5.0 450.0                            LAT/LON1/LON2/DLON/H
  159  159  160  161  162  164  167  168  170  172  173  174  175  177  177  178
  179  180  181  181  183  184  184  183  183  183  182  180  181  180  179  178
  178  178  177  175  174  173  171  169  169  169  169  169  168  169  170  172
  171  172  173  175  174  175  176  177  174  174  174  173  169  167  165  163
  157  155  154  152  150  151  151  152  159
    72.5-180.0 180.0   5.0 450.0                            LAT/LON1/LON2/DLON/H
  160  161  162  163  163  165  167  169  169  171  172  172  173  174  174  174
  177  178  179  180  183  184  184  184  186  185  184  183  185  184  183  182
  184  183  182  180  181  179  176  174  175  174  173  172  173  173  174  175
  175  176  176  177  178  178  178  178  175  174  173  172  167  165  163  160
  156  154  152  150  151  151  152  152  160
    70.0-180.0 180.0   5.0 450.0                            LAT/LON1/LON2/DLON/H
  161  163  165  166  166  168  171  173  174  174  174  173  177  178  178  177
  182  184  186  187  188  190  191  191  192  191  189  187  186  186  185  184
  184  185  184  184  184  183  180  178  178  178  177  177  174  175  176  178
  176  177  178  179  175  175  175  174  171  169  167  165  162  160  157  155
  151  151  151  150  152  155  157  158  161
    67.5-180.0 180.0   5.0 450.0                            LAT/LON1/LON2/DLON/H
  165  167  169  171  171  173  176  178  179  179  179  179  181  182  182  182
  186  188  190  191  192  194  195  195  195  194  192  190  188  188  187  186
  188  189  188  187  189  187  185  182  183  183  183  183  180  182  183  184
  182  183  183  182  177  176  175  174  170  168  165  162  161  158  156  153
  151  151  151  151  153  156  158  159  165
    65.0-180.0 180.0   5.0 450.0                            LAT/LON1/LON2/DLON/H
  167  169  171  173  175  177  180  182  183  184  185  185  187  188  187  187
  190  192  194  195  196  198  199  199  199  197  195  193  191  191  190  189
  192  193  192  191  193  191  189  186  188  188  189  189  189  190  190  191
  189  188  187  185  179  178  175  173  169  166  163  160  158  155  153  150
  149  150  150  150  153  155  158  159  167
    62.5-180.0 180.0   5.0 450.0                            LAT/LON1/LON2/DLON/H
  168  169  171  174  177  179  181  184  186  188  189  190  194  194  193  192
  195  197  198  199  199  201  201  202  201  200  197  195  194  195  194  193
  196  196  196  194  196  194  192  190  192  193  194  194  196  197  197  197
  196  194  192  189  182  179  176  172  168  165  161  158  155  152  150  148
  147  147  148  148  152  155  157  159  168
    60.0-180.0 180.0   5.0 450.0                            LAT/LON1/LON2/DLON/H
  166  170  173  177  179  182  186  191  190  192  193  194  198  197  195  193
  199  199  200  200  200  202  203  204  204  202  201  199  198  198  199  199
  202  202  202  203  202  201  200  200  196  198  200  202  200  202  203  204
  201  199  196  193  187  184  179  174  169  165  161  157  152  149  146  143
  143  143  143  143  143  147  150  152  166
    57.5-180.0 180.0   5.0 450.0                            LAT/LON1/LON2/DLON/H
  162  166  170  174  178  181  185  190  192  193  195  196  200  200  200  198
  201  202  202  202  201  202  204  205  204  205  205  205  204  205  206  207
  210  209  209  208  207  206  206  207  204  206  209  211  209  211  212  211
  208  206  204  200  194  190  186  180  176  172  167  161  156  152  147  143
  138  137  137  136  133  137  141  145  162
    55.0-180.0 180.0   5.0 450.0                            LAT/LON1/LON2/DLON/H
  160  163  167  171  178  181  185  190  193  195  197  198  201  202  203  202
  203  204  203  203  202  203  204  206  206  208  210  211  211  213  215  217
  220  218  216  215  215  215  215  216  214  218  221  223  221  223  223  222
  218  217  214  210  205  201  196  190  186  181  176  170  163  158  152  147
  138  136  135  134  126  130  134  138  160
    52.5-180.0 180.0   5.0 450.0                            LAT/LON1/LON2/DLON/H
  159  162  166  170  179  182  187  191  194  197  199  200  202  203  204  204
  205  205  204  204  203  204  205  207  209  213  216  219  219  222  225  227
  230  228  225  222  224  224  225  226  225  229  231  233  233  235  234  231
  231  229  226  221  217  214  209  203  197  192  187  181  172  166  159  153
  141  139  137  136  124  127  131  135  159
    50.0-180.0 180.0   5.0 450.0                            LAT/LON1/LON2/DLON/H
  151  155  159  164  177  183  190  196  202  205  208  210  210  211  211  211
  213  212  210  208  211  211  211  212  217  221  225  230  230  234  237  239
  238  237  235  234  234  236  237  238  243  245  246  247  251  250  248  246
  246  243  239  234  230  226  220  214  205  200  194  188  182  174  166  158
  152  147  142  138  132  132  133  135  151
    47.5-180.0 180.0   5.0 450.0                            LAT/LON1/LON2/DLON/H
  155  159  164  170  181  189  198  206  213  215  217  219  220  220  219  218
  223  221  218  216  216  216  216  217  224  228  233  237  240  243  245  247
  246  246  247  246  246  249  251  252  255  258  259  258  258  258  256  254
  255  252  247  241  240  234  228  219  211  206  200  193  190  183  175  168
  161  155  151  146  137  137  138  139  155
    45.0-180.0 180.0   5.0 450.0                            LAT/LON1/LON2/DLON/H
  159  163  169  175  185  195  206  217  224  227  229  232  232  232  230  229
  235  232  229  226  225  225  226  227  234  238  243  247  249  252  255  256
  256  258  260  261  263  267  269  270  271  274  274  272  269  270  269  267
  265  261  256  249  246  240  232  223  214  209  203  198  195  189  183  177
  171  166  161  157  146  146  146  147  159
    42.5-180.0 180.0   5.0 450.0                            LAT/LON1/LON2/DLON/H
  161  166  172  179  186  199  213  225  234  239  243  246  246  245  243  241
  247  245  242  239  235  236  237  239  244  249  253  257  259  262  263  264
  268  273  276  278  282  287  290  291  288  291  290  287  283  285  284  282
  275  271  266  259  251  244  236  228  215  211  206  201  200  196  191  186
  182  178  174  170  157  157  157  157  161
    40.0-180.0 180.0   5.0 450.0                            LAT/LON1/LON2/DLON/H
  159  163  169  177  185  202  218  233  248  254  260  264  258  260  261  260
  263  261  259  256  250  251  252  253  257  262  267  272  279  284  290  296
  298  305  312  320  318  320  321  321  320  317  313  309  305  302  298  293
  284  276  266  255  251  244  236  227  218  217  216  216  208  206  204  202
  194  189  184  178  175  171  167  165  159
    37.5-180.0 180.0   5.0 450.0                            LAT/LON1/LON2/DLON/H
  160  163  167  174  183  200  217  235  256  265  273  279  276  278  278  276
  278  276  273  270  265  267  268  269  276  280  285  291  296  303  311  320
  326  337  347  357  357  358  357  352  348  345  340  333  327  322  316  308
  297  287  275  262  256  250  241  232  224  224  223  221  219  217  215  211
  208  203  197  190  182  178  174  170  160
    35.0-180.0 180.0   5.0 450.0                            LAT/LON1/LON2/DLON/H
  158  160  163  168  177  195  214  233  259  271  281  290  290  292  291  290
  289  288  286  283  280  282  284  286  294  299  305  311  318  327  338  349
  361  376  390  401  398  398  394  385  379  374  367  358  350  343  334  323
  306  295  281  265  257  251  243  233  227  228  227  224  225  224  222  219
  216  211  205  197  188  183  178  174  158
    32.5-180.0 180.0   5.0 450.0                            LAT/LON1/LON2/DLON/H
  156  157  160  165  171  191  211  231  258  273  287  299  300  302  303  302
  299  299  298  295  295  298  300  302  314  319  325  332  344  357  370  383
  400  419  435  448  441  439  431  420  410  405  396  386  372  363  351  337
  314  301  285  268  258  252  244  235  230  231  230  228  228  229  228  225
  222  217  211  203  195  189  184  178  156
    30.0-180.0 180.0   5.0 450.0                            LAT/LON1/LON2/DLON/H
  155  157  158  160  166  184  204  225  251  270  287  303  307  307  306  305
  304  307  308  309  307  315  324  331  336  344  352  362  382  399  418  438
  447  463  476  488  476  471  464  454  436  427  418  408  398  382  365  347
  320  301  283  265  254  246  239  235  233  232  232  234  233  232  231  230
  229  224  218  211  201  196  190  184  155
    27.5-180.0 180.0   5.0 450.0                            LAT/LON1/LON2/DLON/H
  157  158  158  159  162  180  200  220  250  270  288  303  309  312  313  313
  314  318  321  322  325  332  340  349  357  367  377  389  414  438  461  482
  496  510  520  527  510  502  491  477  458  448  438  426  413  393  372  350
  317  298  279  260  250  243  238  233  232  231  232  234  232  231  230  229
  228  223  217  211  203  197  192  186  157
    25.0-180.0 180.0   5.0 450.0                            LAT/LON1/LON2/DLON/H
  159  159  159  159  162  179  198  218  249  269  288  303  312  317  320  322
  327  332  335  337  344  351  359  369  379  391  404  418  444  472  499  522
  535  545  551  552  532  520  505  489  472  461  449  436  419  396  371  346
  310  290  270  251  242  236  231  227  226  226  227  229  226  225  224  223
  221  217  212  207  200  195  190  185  159
    22.5-180.0 180.0   5.0 450.0                            LAT/LON1/LON2/DLON/H
  158  158  159  159  163  179  198  217  250  270  288  304  314  322  328  332
  342  348  352  355  364  371  380  389  399  415  430  445  471  502  529  553
  561  566  566  562  542  527  510  491  477  465  452  438  413  388  361  333
  296  276  257  238  233  227  222  218  219  220  221  223  219  219  219  218
  214  210  206  202  197  193  189  186  158
    20.0-180.0 180.0   5.0 450.0                            LAT/LON1/LON2/DLON/H
  164  166  168  170  163  180  199  218  248  266  285  302  314  325  336  346
  351  361  370  378  384  392  401  409  422  440  460  480  509  535  561  585
  585  585  582  577  549  534  517  501  490  474  457  441  409  379  349  321
  285  265  247  231  218  211  206  203  206  205  206  207  213  213  212  211
  201  199  197  195  190  187  184  182  164
    17.5-180.0 180.0   5.0 450.0                            LAT/LON1/LON2/DLON/H
  159  161  163  165  162  180  200  219  245  264  283  301  312  327  340  352
  364  377  388  397  402  410  419  430  444  462  480  497  530  552  572  590
  586  583  577  570  537  523  509  496  489  473  456  439  406  374  343  314
  284  263  244  228  217  209  203  200  203  202  202  203  207  206  204  202
  191  189  186  184  183  179  176  172  159
    15.0-180.0 180.0   5.0 450.0                            LAT/LON1/LON2/DLON/H
  147  149  151  154  156  174  194  215  240  260  279  298  310  328  344  357
  374  389  402  413  418  427  436  447  464  481  497  512  545  560  574  585
  579  572  564  555  528  517  507  498  491  474  457  440  404  371  340  311
  288  267  248  232  223  214  207  202  205  203  202  202  201  199  195  191
  181  178  175  172  173  168  163  159  147
    12.5-180.0 180.0   5.0 450.0                            LAT/LON1/LON2/DLON/H
  134  135  137  140  145  164  184  205  235  254  274  293  310  330  348  363
  384  401  415  427  434  443  453  464  483  498  512  524  554  563  570  575
  567  558  549  539  524  517  511  506  495  479  462  447  404  371  341  313
  296  275  257  240  234  223  215  209  212  208  205  203  199  194  188  182
  174  169  165  161  165  158  152  146  134
    10.0-180.0 180.0   5.0 450.0                            LAT/LON1/LON2/DLON/H
  115  114  116  120  123  142  167  196  225  246  268  289  304  325  345  364
  385  402  417  429  438  452  465  478  494  508  520  530  553  558  560  561
  564  556  547  537  523  525  524  521  499  488  473  456  410  386  360  333
  315  299  282  267  255  247  241  237  231  224  217  211  199  191  182  174
  167  160  154  149  151  141  134  129  115
     7.5-180.0 180.0   5.0 450.0                            LAT/LON1/LON2/DLON/H
  102  101  102  105  106  126  152  183  219  242  265  289  304  327  347  366
  391  408  423  434  447  460  473  486  509  521  532  541  556  558  559  559
  555  549  543  537  533  535  533  529  515  501  483  463  424  398  371  344
  328  311  294  278  266  258  251  246  242  232  223  213  201  191  180  169
  161  154  147  142  141  133  127  123  102
     5.0-180.0 180.0   5.0 450.0                            LAT/LON1/LON2/DLON/H
   92   90   90   92   92  112  139  170  212  237  263  288  306  329  351  370
  393  410  424  435  451  465  478  491  521  532  542  550  558  559  559  559
  551  548  545  543  541  542  540  536  522  504  484  461  427  401  375  348
  334  317  300  284  271  263  256  250  249  237  225  213  202  190  177  165
  157  149  142  137  133  127  122  118   92
     2.5-180.0 180.0   5.0 450.0                            LAT/LON1/LON2/DLON/H
   88   85   84   86   86  105  131  161  209  235  263  290  311  335  357  377
  396  412  425  436  454  469  483  496  527  539  548  555  562  563  563  562
  552  553  553  553  546  545  543  538  519  499  476  452  420  395  369  344
  330  314  298  281  269  261  254  248  248  235  220  206  199  186  173  159
  153  145  138  133  130  124  120  117   88
