o1pg2040-20230724.23i
     1.0            IONOSPHERE MAPS     GNSS                IONEX VERSION / TYPE
IONINX V4.3         AIUB                01-Aug-23 09:11     PGM / RUN BY / DATE 
406 1-DAY PREDICTED IONOSPHERE MAPS FOR DAY 204, 2023       COMMENT             
We use the deep learning algorithm, based on the global     DESCRIPTION         
ionospheric map provided by CODE and the final global       DESCRIPTION         
ionospheric map combined by IGS, and use our proposed       DESCRIPTION         
spatiotemporal network model to predict the global          DESCRIPTION         
ionospheric map of the next day.                            DESCRIPTION         
Contact address: wanghongyue@stu.cdut.edu.cn                DESCRIPTION         
  2023    07    23     0     0     0                        EPOCH OF FIRST MAP  
  2023    07    23    22     0     0                        EPOCH OF LAST MAP   
  7200                                                      INTERVAL            
    12                                                      # OF MAPS IN FILE   
  NONE                                                      MAPPING FUNCTION    
     0.0                                                    ELEVATION CUTOFF    
TEC prediction calculated as a spatiotemporal network model OBSERVABLES USED    
  6371.0                                                    BASE RADIUS         
     2                                                      MAP DIMENSION       
   450.0 450.0   0.0                                        HGT1 / HGT2 / DHGT  
    87.5 -87.5  -2.5                                        LAT1 / LAT2 / DLAT  
  -180.0 180.0   5.0                                        LON1 / LON2 / DLON  
    -1                                                      EXPONENT            
TEC values in 0.1 tec units;  9999, if no value available   COMMENT             
                                                            END OF HEADER       
[from data line 4719]
    12                                                      START OF TEC MAP    
  2023    07    23    22     0     0                        EPOCH OF CURRENT MAP
    87.5-180.0 180.0   5.0 450.0                            LAT/LON1/LON2/DLON/H
  183  183  183  184  184  185  186  187  185  185  186  186  189  189  189  188
  191  191  191  191  192  191  190  189  188  187  185  183  182  181  179  177
  176  175  175  174  175  175  174  174  177  177  177  177  179  179  179  180
  179  179  179  179  179  179  178  178  175  175  175  175  173  174  174  175
  171  173  174  174  171  172  172  173  183
    85.0-180.0 180.0   5.0 450.0                            LAT/LON1/LON2/DLON/H
  185  185  186  187  187  189  191  192  191  192  193  194  196  196  196  196
  199  199  198  198  198  197  196  194  193  191  188  185  182  180  178  175
  172  171  170  168  169  168  168  167  169  169  169  170  172  172  172  173
  174  174  174  175  175  175  175  175  172  172  172  172  171  172  172  173
  171  172  172  172  170  171  171  171  185
    82.5-180.0 180.0   5.0 450.0                            LAT/LON1/LON2/DLON/H
  184  186  187  189  189  192  194  196  195  197  198  200  202  203  203  202
  204  204  204  203  203  202  200  198  196  193  189  186  181  179  175  172
  169  167  166  164  163  163  162  162  163  163  163  164  165  166  167  169
  169  170  171  172  173  173  173  173  171  171  171  171  170  171  171  171
  170  170  170  170  169  169  169  169  184
    80.0-180.0 180.0   5.0 450.0                            LAT/LON1/LON2/DLON/H
  183  184  184  185  190  193  196  199  200  203  206  208  207  208  209  209
  212  212  211  211  212  210  207  204  200  196  192  188  183  180  177  174
  171  170  169  168  166  166  167  168  163  165  166  168  166  168  170  172
  173  175  177  178  178  179  179  179  178  178  178  178  176  177  177  178
  179  178  177  176  172  173  173  174  183
    77.5-180.0 180.0   5.0 450.0                            LAT/LON1/LON2/DLON/H
  184  184  185  186  189  193  197  200  200  205  208  210  210  212  213  212
  215  215  215  214  213  211  208  205  200  196  191  186  181  178  176  173
  171  170  169  168  166  167  167  167  164  165  166  167  165  167  169  171
  172  174  176  178  178  179  180  181  182  182  183  183  181  182  183  183
  183  182  180  179  173  174  175  175  184
    75.0-180.0 180.0   5.0 450.0                            LAT/LON1/LON2/DLON/H
  188  188  189  190  191  195  199  202  203  207  211  213  215  216  217  216
  219  219  219  217  216  213  210  206  200  196  191  186  182  179  177  174
  172  172  171  170  169  169  169  168  165  166  166  167  166  168  169  171
  172  174  176  178  178  180  181  182  185  187  188  189  187  188  189  189
  188  187  186  185  178  178  179  179  188
    72.5-180.0 180.0   5.0 450.0                            LAT/LON1/LON2/DLON/H
  193  194  194  195  195  199  202  205  205  210  213  216  218  219  219  218
  222  221  220  218  217  214  210  205  201  196  191  186  183  181  178  176
  176  175  175  174  173  173  172  170  168  167  167  167  167  168  169  170
  171  173  175  178  177  179  180  182  188  189  191  192  192  193  193  193
  195  193  192  190  184  185  185  185  193
    70.0-180.0 180.0   5.0 450.0                            LAT/LON1/LON2/DLON/H
  202  202  202  201  200  204  208  211  209  215  219  223  222  224  224  222
  224  222  219  215  215  212  207  203  198  194  189  184  178  177  176  174
  174  175  176  176  175  174  172  170  167  165  163  161  162  162  162  161
  164  167  169  171  170  174  178  182  183  186  189  193  195  196  197  198
  200  201  200  199  194  196  196  196  202
    67.5-180.0 180.0   5.0 450.0                            LAT/LON1/LON2/DLON/H
  212  213  212  211  209  212  214  216  215  220  224  227  227  228  228  226
  225  224  221  217  217  214  210  205  200  196  190  185  179  178  177  175
  177  178  177  176  176  174  171  167  163  161  158  155  156  155  154  154
  158  160  161  163  163  167  171  175  179  183  187  191  196  198  201  203
  206  207  208  207  203  206  207  207  212
    65.0-180.0 180.0   5.0 450.0                            LAT/LON1/LON2/DLON/H
  222  222  221  220  218  219  221  222  221  226  229  231  232  232  232  229
  228  226  223  219  220  217  213  208  204  199  194  188  183  182  180  177
  181  181  179  176  177  173  169  163  159  156  152  149  149  148  147  146
  151  152  153  154  155  158  162  167  172  177  182  187  193  197  202  206
  208  211  212  213  210  213  215  216  222
    62.5-180.0 180.0   5.0 450.0                            LAT/LON1/LON2/DLON/H
  229  229  228  227  225  225  225  225  226  229  231  233  237  237  235  232
  232  229  226  222  224  221  217  212  209  204  198  193  189  187  185  182
  186  184  181  177  178  172  166  160  155  151  148  144  144  142  140  140
  144  144  145  147  146  150  154  159  164  170  177  183  188  195  200  206
  208  212  215  217  216  220  222  223  229
    60.0-180.0 180.0   5.0 450.0                            LAT/LON1/LON2/DLON/H
  236  238  240  239  232  231  231  231  230  233  236  239  245  243  241  238
  242  238  234  232  233  229  226  223  221  215  209  204  199  196  194  192
  193  190  186  183  176  171  165  160  148  145  141  139  132  130  128  126
  127  127  127  128  134  139  145  151  158  166  174  182  188  194  201  207
  209  214  218  222  222  228  233  237  236
    57.5-180.0 180.0   5.0 450.0                            LAT/LON1/LON2/DLON/H
  241  244  245  246  239  237  235  234  233  235  237  239  245  245  244  242
  244  241  239  237  239  237  235  232  229  225  221  217  213  210  207  204
  204  199  192  186  179  173  167  162  150  146  142  139  130  127  125  123
  123  123  124  125  132  137  143  150  159  166  175  183  189  196  202  208
  211  216  220  223  223  230  236  240  241
    55.0-180.0 180.0   5.0 450.0                            LAT/LON1/LON2/DLON/H
  248  251  253  253  250  247  244  240  239  239  240  241  245  246  246  245
  247  246  244  243  246  245  244  243  239  238  236  233  230  227  223  218
  216  208  199  189  184  178  172  166  154  149  145  142  131  128  125  124
  121  121  122  125  132  138  144  151  161  169  178  187  193  199  206  211
  215  220  224  227  226  233  239  243  248
    52.5-180.0 180.0   5.0 450.0                            LAT/LON1/LON2/DLON/H
  255  259  261  262  263  259  254  250  245  245  244  243  246  247  247  246
  250  250  249  248  253  253  252  252  250  251  250  248  246  243  238  232
  227  217  205  193  190  183  177  172  158  153  149  145  133  130  127  125
  121  122  124  127  135  141  148  156  164  173  182  191  197  204  210  216
  220  225  229  231  232  239  244  248  255
    50.0-180.0 180.0   5.0 450.0                            LAT/LON1/LON2/DLON/H
  263  269  274  278  277  274  272  269  262  258  253  249  251  250  248  246
  250  250  250  249  261  262  264  265  262  264  266  267  259  258  255  250
  239  229  218  207  194  189  183  176  167  163  159  155  145  141  138  135
  129  128  128  130  135  140  147  155  164  174  184  195  209  216  223  230
  235  239  242  245  240  246  251  256  263
    47.5-180.0 180.0   5.0 450.0                            LAT/LON1/LON2/DLON/H
  274  280  286  291  293  292  290  288  282  275  268  261  260  257  254  251
  255  254  253  253  263  265  268  270  270  272  274  275  272  268  262  254
  245  235  223  210  201  195  188  181  174  169  164  159  150  146  143  140
  134  133  133  135  139  144  151  159  171  181  191  202  218  225  232  239
  244  248  251  254  250  256  262  266  274
    45.0-180.0 180.0   5.0 450.0                            LAT/LON1/LON2/DLON/H
  283  290  296  302  309  309  309  307  303  295  286  277  271  267  263  259
  260  259  259  259  267  270  274  278  280  282  284  284  282  276  267  256
  248  238  226  214  207  201  194  187  181  176  170  164  157  153  151  149
  140  140  140  141  142  147  154  161  175  185  195  206  224  233  240  248
  254  259  263  266  263  269  274  278  283
    42.5-180.0 180.0   5.0 450.0                            LAT/LON1/LON2/DLON/H
  290  297  304  310  321  323  325  325  322  314  305  295  283  279  275  270
  267  266  266  267  272  277  282  287  289  292  293  293  288  280  269  257
  247  238  228  217  211  206  200  193  187  182  176  169  165  162  160  158
  148  147  147  148  144  149  156  163  177  187  198  209  229  239  248  257
  264  271  276  279  277  283  287  291  290
    40.0-180.0 180.0   5.0 450.0                            LAT/LON1/LON2/DLON/H
  305  311  319  326  335  342  347  351  351  343  334  325  309  301  291  282
  274  272  270  268  282  287  293  298  303  304  304  304  297  286  275  262
  258  249  239  230  223  216  209  203  201  195  189  184  179  176  173  170
  162  159  155  151  148  151  153  157  171  188  206  224  237  250  263  276
  273  281  288  294  288  295  300  305  305
    37.5-180.0 180.0   5.0 450.0                            LAT/LON1/LON2/DLON/H
  319  324  330  336  347  354  360  367  369  364  357  350  333  324  313  301
  291  289  286  283  297  302  308  313  315  316  315  314  301  291  280  269
  264  257  249  240  235  229  223  215  216  210  205  199  195  191  187  183
  174  169  164  158  153  154  157  160  173  190  208  227  243  256  270  282
  283  292  299  305  303  311  317  321  319
    35.0-180.0 180.0   5.0 450.0                            LAT/LON1/LON2/DLON/H
  335  339  343  348  358  365  373  381  385  383  379  375  359  349  338  326
  311  309  305  301  313  319  324  329  330  330  329  327  307  299  290  281
  272  267  262  255  248  243  237  230  234  228  223  218  212  208  202  197
  185  179  172  165  156  158  160  163  173  189  207  226  245  260  274  287
  290  301  309  315  316  325  331  334  335
    32.5-180.0 180.0   5.0 450.0                            LAT/LON1/LON2/DLON/H
  352  356  360  364  370  378  387  396  399  400  401  400  386  377  366  354
  333  331  327  323  331  337  342  346  345  344  343  341  315  309  303  297
  279  278  275  271  260  257  251  244  252  247  242  236  228  222  216  209
  194  186  178  169  159  160  161  163  171  187  204  222  246  262  277  291
  298  310  319  327  331  339  344  347  352
    30.0-180.0 180.0   5.0 450.0                            LAT/LON1/LON2/DLON/H
  367  374  381  388  387  396  405  414  417  426  434  439  417  408  397  385
  363  358  352  345  351  358  364  368  367  363  358  353  341  327  313  300
  298  289  280  272  277  274  270  266  264  261  258  254  237  230  222  214
  196  189  181  172  164  163  161  160  173  185  197  210  247  259  271  283
  302  314  323  331  340  350  358  364  367
    27.5-180.0 180.0   5.0 450.0                            LAT/LON1/LON2/DLON/H
  383  393  402  408  409  418  428  437  442  453  463  470  451  442  431  419
  397  388  379  369  373  376  380  383  384  379  373  367  352  338  324  311
  306  296  287  277  284  281  278  274  275  272  269  265  246  238  229  219
  199  191  182  173  164  162  160  158  169  180  192  204  243  258  271  284
  300  314  325  334  338  355  368  378  383
    25.0-180.0 180.0   5.0 450.0                            LAT/LON1/LON2/DLON/H
  399  412  423  432  435  445  455  465  473  484  494  502  489  481  470  457
  436  424  412  398  396  396  397  398  397  392  386  379  354  342  329  316
  305  295  284  275  280  278  275  273  275  272  269  265  248  239  229  218
  197  189  181  171  161  159  156  153  161  171  182  194  232  249  266  281
  295  311  324  335  335  357  376  390  399
    22.5-180.0 180.0   5.0 450.0                            LAT/LON1/LON2/DLON/H
  411  429  443  453  461  472  482  492  505  515  524  532  528  520  509  496
  475  461  446  430  419  417  415  413  404  399  392  386  349  338  326  314
  296  285  275  265  268  266  265  264  267  264  261  258  242  232  221  210
  192  184  175  166  157  153  149  145  150  160  171  183  217  237  256  274
  288  305  321  334  334  359  380  397  411
    20.0-180.0 180.0   5.0 450.0                            LAT/LON1/LON2/DLON/H
  413  432  448  461  475  489  501  511  526  538  548  556  566  559  549  539
  508  492  474  455  448  438  429  419  416  402  387  374  350  332  315  299
  282  269  257  246  238  235  233  233  236  237  237  237  217  210  202  193
  173  167  159  152  139  136  134  132  123  133  145  159  195  222  249  277
  292  306  320  331  340  361  381  400  413
    17.5-180.0 180.0   5.0 450.0                            LAT/LON1/LON2/DLON/H
  417  437  454  470  485  501  515  527  545  560  572  582  592  590  585  576
  549  530  508  485  472  455  440  426  414  395  377  360  335  314  294  276
  260  246  233  223  212  208  207  207  209  209  209  210  195  189  182  176
  158  152  145  138  130  126  124  121  114  123  135  149  188  215  244  273
  293  308  322  335  347  368  388  406  417
    15.0-180.0 180.0   5.0 450.0                            LAT/LON1/LON2/DLON/H
  416  437  455  473  486  504  520  534  555  572  586  598  609  613  612  606
  585  564  541  516  497  475  454  435  411  388  366  346  318  293  271  251
  239  225  213  203  192  188  187  188  185  185  185  187  175  169  164  160
  144  137  130  123  121  117  113  110  105  114  126  139  178  206  237  267
  294  311  326  339  356  375  394  410  416
    12.5-180.0 180.0   5.0 450.0                            LAT/LON1/LON2/DLON/H
  416  436  455  473  484  503  519  534  555  572  588  600  618  626  628  626
  612  592  569  544  520  494  469  446  406  381  357  334  300  273  249  229
  223  209  198  189  181  177  176  177  170  169  170  171  158  154  150  148
  132  125  118  111  115  109  104  101   97  106  117  130  166  196  228  260
  294  312  330  345  365  383  400  414  416
    10.0-180.0 180.0   5.0 450.0                            LAT/LON1/LON2/DLON/H
  440  453  464  474  493  508  523  535  555  572  588  600  616  629  637  640
  627  611  590  566  531  504  477  449  412  379  346  314  280  260  242  228
  227  213  201  194  183  178  174  173  164  160  157  156  150  145  140  135
  124  117  110  103   98   94   92   92   90   96  104  115  152  188  226  265
  283  307  330  352  367  387  407  426  440
     7.5-180.0 180.0   5.0 450.0                            LAT/LON1/LON2/DLON/H
  451  463  473  482  490  502  514  525  542  557  571  584  607  622  632  639
  632  620  603  580  543  516  488  459  419  384  349  316  282  262  246  233
  229  218  210  206  197  192  188  187  177  171  165  161  155  147  140  133
  122  113  105   97   93   89   87   87   83   88   96  107  146  182  220  260
  287  313  337  358  383  404  424  441  451
     5.0-180.0 180.0   5.0 450.0                            LAT/LON1/LON2/DLON/H
  468  479  489  496  496  505  513  521  532  544  555  567  590  606  617  626
  622  614  600  582  546  522  495  468  428  392  357  324  292  275  261  251
  245  238  235  235  222  217  214  211  196  188  179  171  161  152  142  133
  120  111  101   93   87   84   83   83   76   81   89  100  139  175  214  254
  288  317  342  366  401  422  441  457  468
     2.5-180.0 180.0   5.0 450.0                            LAT/LON1/LON2/DLON/H
  488  500  509  516  511  517  523  527  526  535  544  553  570  584  596  605
  600  595  586  573  540  519  495  472  435  401  368  337  309  295  284  277
  270  268  268  271  250  247  243  240  217  206  195  184  168  157  145  134
  119  110  100   91   84   81   80   81   71   75   83   94  131  167  206  247
  284  316  345  370  414  437  456  471  488
