o1pg1910.23i
     1.0            IONOSPHERE MAPS     GNSS                IONEX VERSION / TYPE
IONINX V4.3         AIUB                11-Jul-23 10:08     PGM / RUN BY / DATE 
406 1-DAY PREDICTED IONOSPHERE MAPS FOR DAY 191, 2023       COMMENT             
We use the deep learning algorithm, based on the global     DESCRIPTION         
ionospheric map provided by CODE and the final global       DESCRIPTION         
ionospheric map combined by IGS, and use our proposed       DESCRIPTION         
spatiotemporal network model to predict the global          DESCRIPTION         
ionospheric map of the next day.                            DESCRIPTION         
Contact address: wanghongyue@stu.cdut.edu.cn                DESCRIPTION         
  2023    07    10     0     0     0                        EPOCH OF FIRST MAP  
  2023    07    10    22     0     0                        EPOCH OF LAST MAP   
  7200                                                      INTERVAL            
    12                                                      # OF MAPS IN FILE   
  NONE                                                      MAPPING FUNCTION    
     0.0                                                    ELEVATION CUTOFF    
TEC prediction calculated as a spatiotemporal network model OBSERVABLES USED    
  6371.0                                                    BASE RADIUS         
     2                                                      MAP DIMENSION       
   450.0 450.0   0.0                                        HGT1 / HGT2 / DHGT  
    87.5 -87.5  -2.5                                        LAT1 / LAT2 / DLAT  
  -180.0 180.0   5.0                                        LON1 / LON2 / DLON  
    -1                                                      EXPONENT            
TEC values in 0.1 tec units;  9999, if no value available   COMMENT             
                                                            END OF HEADER       
[from data line 429]
     2                                                      START OF TEC MAP    
  2023    07    10     2     0     0                        EPOCH OF CURRENT MAP
    87.5-180.0 180.0   5.0 450.0                            LAT/LON1/LON2/DLON/H
  176  175  175  175  174  174  174  174  172  172  172  172  174  174  174  173
  171  170  170  169  167  166  165  164  162  161  159  158  158  158  157  156
  156  156  156  156  157  158  158  159  160  161  162  163  161  162  163  164
  162  163  163  164  163  164  165  166  163  164  166  167  165  167  167  168
  167  168  168  168  168  169  169  170  176
    85.0-180.0 180.0   5.0 450.0                            LAT/LON1/LON2/DLON/H
  178  178  178  179  177  177  177  177  176  176  176  177  178  178  177  177
  175  175  174  173  170  169  167  165  162  160  158  156  154  153  152  150
  150  150  150  149  151  152  153  153  155  156  157  159  159  160  161  162
  161  162  163  164  165  165  166  167  167  167  168  169  170  170  171  171
  170  171  171  170  170  171  171  171  178
    82.5-180.0 180.0   5.0 450.0                            LAT/LON1/LON2/DLON/H
  177  179  180  181  178  179  179  179  178  178  179  179  179  179  179  178
  177  177  176  175  172  170  168  165  160  158  156  153  150  148  147  145
  145  144  144  144  146  147  148  149  151  153  155  157  157  159  160  162
  162  163  164  165  167  168  169  169  171  172  172  173  175  175  175  175
  174  173  173  171  171  171  171  171  177
    80.0-180.0 180.0   5.0 450.0                            LAT/LON1/LON2/DLON/H
  182  181  181  181  182  183  184  184  182  183  184  184  183  184  184  184
  181  181  180  179  175  173  170  168  160  157  154  151  145  144  142  141
  140  141  141  143  145  147  149  152  154  156  159  161  163  165  167  169
  169  170  171  172  175  175  176  175  179  180  180  180  181  181  181  181
  179  177  175  173  172  172  171  171  182
    77.5-180.0 180.0   5.0 450.0                            LAT/LON1/LON2/DLON/H
  182  182  182  182  181  183  184  184  181  183  184  184  183  184  184  183
  180  180  179  178  173  171  169  166  157  154  151  148  142  141  140  138
  139  140  141  142  146  148  151  153  157  160  163  166  168  171  173  176
  176  178  180  181  184  185  186  186  190  191  191  191  190  190  190  189
  185  183  181  178  175  173  172  171  182
    75.0-180.0 180.0   5.0 450.0                            LAT/LON1/LON2/DLON/H
  184  184  183  183  181  183  184  184  182  183  184  183  183  183  183  181
  179  179  178  176  172  170  167  164  156  153  150  146  142  141  139  138
  140  142  143  144  149  151  154  156  161  164  168  170  174  178  181  183
  185  188  190  191  194  196  196  196  200  201  201  201  200  200  200  198
  194  191  188  185  180  177  175  173  184
    72.5-180.0 180.0   5.0 450.0                            LAT/LON1/LON2/DLON/H
  185  185  185  184  182  183  184  184  183  184  184  183  183  182  180  178
  178  177  175  173  171  168  165  161  156  152  148  145  143  142  140  139
  144  145  146  147  153  155  157  159  165  168  171  174  180  183  187  189
  193  195  198  199  202  203  204  204  208  209  209  208  209  208  207  204
  203  200  196  191  187  184  181  178  185
    70.0-180.0 180.0   5.0 450.0                            LAT/LON1/LON2/DLON/H
  190  189  187  185  183  185  187  188  183  184  184  184  183  181  178  175
  173  172  169  166  165  163  160  157  151  149  146  142  142  142  142  142
  144  146  147  149  154  156  158  161  165  170  175  181  182  188  193  199
  197  201  204  207  205  208  210  211  209  211  211  211  211  211  211  210
  203  201  198  194  192  189  184  178  190
    67.5-180.0 180.0   5.0 450.0                            LAT/LON1/LON2/DLON/H
  196  195  193  190  187  188  189  189  186  187  188  187  184  183  180  177
  173  171  168  165  165  162  159  156  152  150  146  143  143  143  143  143
  146  147  148  149  153  155  157  159  164  169  175  181  185  191  197  203
  203  206  209  211  210  212  212  212  212  213  214  213  214  215  215  214
  210  208  206  202  200  197  192  186  196
    65.0-180.0 180.0   5.0 450.0                            LAT/LON1/LON2/DLON/H
  202  200  197  194  192  192  191  190  189  190  191  190  188  186  183  180
  174  171  168  165  166  163  160  156  154  150  147  143  145  144  144  143
  147  148  148  148  151  153  154  157  162  168  174  181  188  195  201  207
  208  211  213  214  213  214  214  214  213  214  215  215  215  216  217  216
  213  213  211  208  206  203  198  192  202
    62.5-180.0 180.0   5.0 450.0                            LAT/LON1/LON2/DLON/H
  207  205  201  198  195  194  192  190  192  193  193  192  191  189  186  183
  176  173  169  166  167  164  160  157  155  152  148  144  147  146  146  145
  148  148  147  147  148  150  151  153  159  165  172  180  190  197  204  210
  212  215  216  218  215  215  215  215  213  214  215  216  213  215  216  217
  214  214  213  211  211  207  202  197  207
    60.0-180.0 180.0   5.0 450.0                            LAT/LON1/LON2/DLON/H
  216  212  207  201  199  197  196  195  194  195  197  199  194  192  189  186
  177  174  170  167  164  162  159  155  151  148  145  142  145  144  144  144
  144  142  141  140  137  137  138  140  145  154  164  174  185  195  205  214
  212  214  216  217  211  212  212  212  213  215  216  216  219  221  222  223
  219  221  221  221  220  219  217  213  216
    57.5-180.0 180.0   5.0 450.0                            LAT/LON1/LON2/DLON/H
  222  219  214  209  206  203  200  196  197  198  198  199  198  196  194  192
  183  180  176  172  169  166  162  158  153  150  147  144  148  147  145  144
  144  141  138  136  132  133  135  138  141  150  161  172  182  193  204  214
  213  216  219  221  216  217  217  217  218  219  219  219  221  222  222  222
  220  221  222  221  221  221  219  216  222
    55.0-180.0 180.0   5.0 450.0                            LAT/LON1/LON2/DLON/H
  232  229  225  220  216  211  206  201  202  201  201  200  201  201  200  198
  191  188  184  180  176  171  167  162  157  155  152  149  153  151  149  146
  144  140  136  133  129  130  133  137  138  147  158  170  178  190  202  213
  215  220  224  227  224  225  226  226  225  225  225  225  225  225  225  223
  221  223  223  222  223  223  222  220  232
    52.5-180.0 180.0   5.0 450.0                            LAT/LON1/LON2/DLON/H
  242  240  236  232  229  222  216  209  208  206  204  202  205  205  204  203
  199  196  192  187  183  178  172  167  164  161  158  156  160  157  153  150
  145  140  136  132  128  129  132  136  135  144  155  167  175  187  198  210
  216  223  228  232  232  235  236  236  233  233  233  232  230  229  228  226
  223  224  224  224  227  227  226  224  242
    50.0-180.0 180.0   5.0 450.0                            LAT/LON1/LON2/DLON/H
  253  252  250  247  241  234  226  219  213  211  208  207  207  208  208  208
  205  204  202  200  194  191  187  183  175  173  170  167  164  161  157  153
  145  141  137  133  132  133  134  135  134  141  148  155  171  183  196  209
  214  223  231  239  241  243  243  243  242  241  238  233  233  231  228  224
  225  225  225  226  229  231  233  235  253
    47.5-180.0 180.0   5.0 450.0                            LAT/LON1/LON2/DLON/H
  266  265  264  263  258  251  243  235  228  223  219  214  214  213  212  211
  211  209  207  204  199  196  192  188  184  181  177  173  172  168  163  157
  150  146  142  139  138  139  140  141  138  144  151  157  170  182  195  210
  217  226  235  244  250  251  251  250  252  249  245  240  238  236  233  230
  229  230  231  232  234  236  238  240  266
    45.0-180.0 180.0   5.0 450.0                            LAT/LON1/LON2/DLON/H
  277  277  277  277  273  267  261  253  243  237  231  225  222  220  218  216
  217  215  212  210  207  204  200  196  194  191  186  181  180  175  169  162
  155  152  149  146  145  146  148  149  144  149  154  159  169  182  196  211
  219  229  239  249  257  258  258  257  259  256  251  246  243  241  239  237
  236  238  239  240  243  245  247  248  277
    42.5-180.0 180.0   5.0 450.0                            LAT/LON1/LON2/DLON/H
  284  286  287  288  285  280  275  268  257  252  245  237  232  230  227  224
  224  222  220  217  216  213  210  206  204  201  196  191  186  181  174  167
  159  158  156  154  154  155  156  157  149  153  157  161  169  182  197  212
  221  233  244  254  262  265  265  265  265  261  257  252  248  247  246  245
  246  248  250  251  256  257  258  259  284
    40.0-180.0 180.0   5.0 450.0                            LAT/LON1/LON2/DLON/H
  299  299  300  301  300  298  295  290  282  274  265  257  243  240  237  233
  235  234  232  229  222  220  217  213  208  208  206  203  195  189  183  178
  178  173  169  165  167  165  163  161  157  160  163  167  166  179  194  209
  218  231  244  256  270  273  275  276  281  278  273  267  261  261  260  260
  258  262  266  270  277  278  280  281  299
    37.5-180.0 180.0   5.0 450.0                            LAT/LON1/LON2/DLON/H
  318  316  314  312  314  311  307  303  295  289  282  275  260  257  252  246
  244  242  239  235  227  226  223  219  218  216  214  211  205  200  195  189
  191  187  183  180  181  178  175  172  166  168  171  174  171  183  197  211
  221  234  247  258  272  278  281  282  286  285  281  275  271  272  272  272
  273  278  283  286  292  294  295  296  318
    35.0-180.0 180.0   5.0 450.0                            LAT/LON1/LON2/DLON/H
  340  336  332  328  326  324  320  317  307  303  299  293  278  273  267  261
  251  249  245  240  232  231  229  226  227  225  222  219  214  211  206  202
  202  200  197  194  193  190  186  182  175  176  178  181  174  186  199  212
  220  234  247  259  272  280  285  288  290  291  289  284  281  284  286  286
  289  295  300  304  314  315  315  314  340
    32.5-180.0 180.0   5.0 450.0                            LAT/LON1/LON2/DLON/H
  363  359  355  349  339  337  335  332  317  316  314  311  296  291  284  277
  259  256  252  247  235  235  233  230  234  232  229  225  220  219  216  213
  210  210  208  206  202  199  194  189  184  184  185  186  177  187  199  211
  218  232  245  256  271  281  289  293  294  297  297  294  291  296  300  303
  306  313  318  322  339  340  339  336  363
    30.0-180.0 180.0   5.0 450.0                            LAT/LON1/LON2/DLON/H
  389  385  381  376  364  359  355  351  341  339  335  331  321  310  297  283
  269  260  250  240  231  233  233  233  244  241  239  236  236  229  223  218
  219  216  212  207  205  201  196  190  189  186  183  178  181  185  190  196
  215  226  238  250  269  276  280  285  295  296  296  296  296  301  306  312
  308  320  330  339  354  360  364  366  389
    27.5-180.0 180.0   5.0 450.0                            LAT/LON1/LON2/DLON/H
  416  414  410  404  392  385  378  372  364  360  355  350  345  331  316  299
  279  268  257  245  237  238  239  240  255  252  249  246  241  235  228  220
  220  215  209  203  205  201  195  189  188  185  181  177  171  175  179  186
  202  215  228  243  263  272  280  285  297  301  303  304  306  313  319  326
  323  336  349  359  367  381  392  398  416
    25.0-180.0 180.0   5.0 450.0                            LAT/LON1/LON2/DLON/H
  445  445  443  438  427  419  411  403  394  389  382  376  370  354  336  318
  291  278  264  251  243  243  244  246  262  260  257  254  242  235  227  219
  214  208  201  194  197  193  187  181  181  177  173  168  158  161  166  172
  188  202  218  234  256  268  278  286  298  305  309  313  316  324  333  341
  337  352  365  376  382  401  417  427  445
    22.5-180.0 180.0   5.0 450.0                            LAT/LON1/LON2/DLON/H
  468  473  474  471  463  455  446  437  428  421  414  406  395  377  358  338
  304  288  273  259  251  251  252  254  263  261  258  255  235  228  219  210
  203  196  189  181  185  180  175  169  170  166  161  157  143  146  150  157
  173  190  207  225  248  263  276  287  299  308  315  321  327  337  347  357
  351  366  379  391  397  418  436  448  468
    20.0-180.0 180.0   5.0 450.0                            LAT/LON1/LON2/DLON/H
  487  494  498  498  488  484  479  472  461  454  445  435  420  400  378  355
  315  299  284  268  262  265  269  272  275  265  254  244  223  208  193  178
  175  171  165  160  156  154  152  150  144  140  136  132  124  125  129  134
  161  181  201  222  245  259  273  286  296  305  315  323  335  345  355  364
  374  388  402  415  414  432  450  464  487
    17.5-180.0 180.0   5.0 450.0                            LAT/LON1/LON2/DLON/H
  495  505  512  515  508  508  505  499  488  481  470  457  444  422  397  371
  332  313  294  277  275  274  274  275  273  260  247  234  210  194  179  165
  160  155  149  144  138  136  134  132  127  123  118  114  108  110  114  121
  153  174  196  219  248  263  277  291  307  318  327  337  352  362  372  381
  388  399  411  422  420  438  454  469  495
    15.0-180.0 180.0   5.0 450.0                            LAT/LON1/LON2/DLON/H
  492  506  516  523  517  520  520  517  510  501  489  475  462  439  413  385
  347  326  305  285  285  281  277  274  266  251  235  220  192  177  163  150
  145  139  133  128  124  121  119  117  113  107  103   99   95   98  103  110
  145  168  192  217  251  266  281  296  319  330  341  352  369  379  389  399
  403  412  420  429  428  442  456  469  492
    12.5-180.0 180.0   5.0 450.0                            LAT/LON1/LON2/DLON/H
  484  499  512  522  514  521  524  525  521  512  500  486  473  450  424  397
  360  337  315  294  292  284  277  270  253  236  219  202  173  159  146  134
  132  125  119  114  115  112  109  107  104   98   93   88   86   89   94  102
  138  162  187  213  252  268  284  300  329  342  355  367  384  395  406  415
  419  425  430  436  436  445  455  463  484
    10.0-180.0 180.0   5.0 450.0                            LAT/LON1/LON2/DLON/H
  486  498  507  512  511  518  523  526  521  515  505  493  474  452  426  397
  362  342  320  296  294  277  261  245  231  210  190  172  151  141  133  127
  125  120  116  112  108  105  102   99   89   85   81   79   80   83   87   94
  123  151  183  217  237  264  291  316  334  354  371  387  397  409  418  426
  432  438  444  451  450  454  460  466  486
     7.5-180.0 180.0   5.0 450.0                            LAT/LON1/LON2/DLON/H
  483  491  497  500  500  506  510  511  512  506  496  484  468  446  420  390
  361  341  318  295  288  270  252  234  212  192  174  158  142  134  128  124
  123  118  114  112  108  104  101   98   88   84   79   76   77   78   82   88
  118  145  176  210  236  263  288  314  339  359  376  391  407  419  428  435
  442  450  457  462  459  461  464  467  483
     5.0-180.0 180.0   5.0 450.0                            LAT/LON1/LON2/DLON/H
  487  492  494  493  490  494  496  496  497  491  481  469  452  430  405  377
  352  332  310  288  278  259  240  222  195  178  162  149  137  131  127  125
  123  120  117  116  110  106  103   99   89   83   78   74   74   75   78   83
  111  137  167  200  232  258  284  310  338  359  377  392  411  424  434  441
  448  458  466  472  469  470  471  471  487
     2.5-180.0 180.0   5.0 450.0                            LAT/LON1/LON2/DLON/H
  495  498  497  492  485  486  486  484  480  473  464  454  430  409  386  361
  336  316  296  276  262  243  225  207  182  168  155  145  136  133  132  131
  127  124  123  122  111  107  104  100   89   83   78   73   71   71   74   78
  103  129  159  191  226  253  280  306  333  355  374  389  406  421  432  440
  446  459  470  477  477  478  477  476  495
