o1pg1960-20230716.23i
     1.0            IONOSPHERE MAPS     GNSS                IONEX VERSION / TYPE
IONINX V4.3         AIUB                16-Jul-23 :11:4     PGM / RUN BY / DATE 
406 1-DAY PREDICTED IONOSPHERE MAPS FOR DAY 196, 2023       COMMENT             
We use the deep learning algorithm, based on the global     DESCRIPTION         
ionospheric map provided by CODE and the final global       DESCRIPTION         
ionospheric map combined by IGS, and use our proposed       DESCRIPTION         
spatiotemporal network model to predict the global          DESCRIPTION         
ionospheric map of the next day.                            DESCRIPTION         
Contact address: wanghongyue@stu.cdut.edu.cn                DESCRIPTION         
  2023    07    15     0     0     0                        EPOCH OF FIRST MAP  
  2023    07    15    22     0     0                        EPOCH OF LAST MAP   
  7200                                                      INTERVAL            
    12                                                      # OF MAPS IN FILE   
  NONE                                                      MAPPING FUNCTION    
     0.0                                                    ELEVATION CUTOFF    
TEC prediction calculated as a spatiotemporal network model OBSERVABLES USED    
  6371.0                                                    BASE RADIUS         
     2                                                      MAP DIMENSION       
   450.0 450.0   0.0                                        HGT1 / HGT2 / DHGT  
    87.5 -87.5  -2.5                                        LAT1 / LAT2 / DLAT  
  -180.0 180.0   5.0                                        LON1 / LON2 / DLON  
    -1                                                      EXPONENT            
TEC values in 0.1 tec units;  9999, if no value available   COMMENT             
                                                            END OF HEADER       
[from data line 3003]
     8                                                      START OF TEC MAP    
  2023    07    15    14     0     0                        EPOCH OF CURRENT MAP
    87.5-180.0 180.0   5.0 450.0                            LAT/LON1/LON2/DLON/H
  167  168  168  169  166  167  169  170  173  174  174  174  174  175  175  174
  173  173  174  174  174  174  174  174  173  173  173  172  172  172  172  171
  173  173  172  171  174  174  173  172  176  176  176  176  177  178  178  178
  178  178  179  178  176  176  177  177  175  176  176  177  176  177  177  177
  177  178  178  177  174  175  176  177  167
    85.0-180.0 180.0   5.0 450.0                            LAT/LON1/LON2/DLON/H
  162  164  165  166  166  167  169  171  174  175  176  177  177  177  178  177
  176  177  177  177  177  177  177  177  177  176  176  175  174  173  172  171
  172  171  170  168  170  169  168  168  170  170  170  170  171  171  171  172
  172  173  173  173  171  172  172  172  172  172  173  173  173  173  173  173
  172  173  173  172  171  172  173  173  162
    82.5-180.0 180.0   5.0 450.0                            LAT/LON1/LON2/DLON/H
  156  158  160  162  163  165  168  171  172  174  175  176  177  178  178  178
  177  178  178  178  179  179  179  178  179  178  177  175  175  173  172  170
  171  170  168  166  167  166  165  164  166  166  165  165  166  166  166  167
  168  168  168  169  168  168  168  169  170  170  170  171  171  170  170  170
  167  167  167  166  165  166  167  168  156
    80.0-180.0 180.0   5.0 450.0                            LAT/LON1/LON2/DLON/H
  155  155  155  156  159  161  164  168  169  171  172  174  172  173  174  174
  173  173  174  175  176  175  175  176  177  176  175  175  179  178  176  175
  177  175  173  172  170  169  168  167  166  167  167  168  165  167  170  172
  168  170  172  173  170  170  171  171  172  171  171  170  168  167  166  165
  160  159  158  157  158  158  158  159  155
    77.5-180.0 180.0   5.0 450.0                            LAT/LON1/LON2/DLON/H
  151  151  151  151  154  157  160  162  163  165  167  168  167  168  169  169
  168  169  170  172  171  172  173  173  174  174  174  174  178  177  176  175
  177  177  175  174  173  172  170  169  168  168  169  169  168  170  172  174
  173  174  176  178  175  176  176  177  176  176  175  174  170  169  167  165
  158  156  154  152  151  151  150  150  151
    75.0-180.0 180.0   5.0 450.0                            LAT/LON1/LON2/DLON/H
  150  150  150  150  152  154  156  158  158  160  161  162  162  164  164  165
  164  166  167  169  168  170  171  172  174  174  175  175  180  180  180  179
  181  181  180  179  178  177  175  173  173  173  173  173  174  176  178  179
  180  181  182  184  182  183  183  183  182  181  180  179  173  172  169  167
  158  156  153  151  148  147  146  145  150
    72.5-180.0 180.0   5.0 450.0                            LAT/LON1/LON2/DLON/H
  150  150  150  149  150  152  154  155  154  156  156  157  157  158  159  159
  160  162  163  165  165  167  168  169  173  174  175  175  182  183  183  183
  186  186  186  185  185  184  182  180  181  180  180  179  182  183  184  185
  187  188  188  189  189  189  189  188  187  186  184  182  177  174  171  168
  161  158  155  152  150  148  145  143  150
    70.0-180.0 180.0   5.0 450.0                            LAT/LON1/LON2/DLON/H
  149  149  148  147  146  149  152  155  154  155  157  158  158  159  160  162
  163  165  167  168  168  171  173  174  178  180  181  182  185  187  188  189
  189  190  190  190  189  188  186  184  185  185  185  184  183  186  188  190
  187  190  192  194  189  191  192  192  186  185  184  182  176  174  171  168
  160  157  154  150  149  147  145  142  149
    67.5-180.0 180.0   5.0 450.0                            LAT/LON1/LON2/DLON/H
  151  150  149  147  146  149  151  154  154  156  157  159  160  162  163  164
  165  167  169  171  171  174  176  178  181  183  184  185  187  189  191  192
  192  194  194  194  194  192  190  188  190  190  190  189  189  191  193  195
  193  195  196  197  192  193  194  193  189  189  187  185  180  178  175  172
  165  162  158  154  152  150  147  143  151
    65.0-180.0 180.0   5.0 450.0                            LAT/LON1/LON2/DLON/H
  150  149  148  146  146  147  150  152  153  156  158  160  163  165  167  168
  168  171  173  175  174  177  179  181  184  185  187  187  190  192  194  195
  196  198  198  197  198  197  195  192  195  195  195  194  195  197  199  200
  198  200  200  199  195  196  195  194  192  191  189  187  183  181  177  174
  168  165  161  157  154  151  147  144  150
    62.5-180.0 180.0   5.0 450.0                            LAT/LON1/LON2/DLON/H
  148  147  145  143  143  144  146  149  152  155  158  161  167  169  171  172
  172  174  177  179  176  179  181  183  186  187  188  189  193  195  197  198
  199  200  201  200  200  199  198  195  199  199  199  198  200  202  203  203
  202  203  202  202  197  197  197  195  194  193  192  190  184  182  179  175
  170  166  162  158  156  153  149  146  148
    60.0-180.0 180.0   5.0 450.0                            LAT/LON1/LON2/DLON/H
  145  142  139  137  133  134  136  139  145  150  157  164  168  170  172  175
  173  174  174  174  174  177  179  182  186  188  190  193  195  198  200  203
  204  205  207  208  206  206  205  205  207  208  208  207  207  209  209  209
  210  210  209  208  207  207  206  204  205  204  201  198  196  192  188  183
  177  173  168  162  157  153  148  144  145
    57.5-180.0 180.0   5.0 450.0                            LAT/LON1/LON2/DLON/H
  144  141  138  134  129  129  130  133  139  144  151  158  166  170  173  176
  175  176  176  177  175  178  181  183  187  190  194  197  200  203  207  210
  210  211  211  212  210  210  210  211  212  213  214  214  212  214  215  215
  214  215  215  214  214  215  214  213  215  213  211  207  206  201  195  188
  179  173  167  161  153  149  145  140  144
    55.0-180.0 180.0   5.0 450.0                            LAT/LON1/LON2/DLON/H
  145  141  138  134  128  126  127  128  134  138  145  152  163  167  172  175
  177  177  178  178  176  179  181  184  188  193  198  202  206  211  215  218
  218  218  219  219  218  218  219  220  220  222  223  222  221  223  224  223
  221  223  224  224  225  226  226  225  228  226  223  219  218  211  203  193
  183  176  169  162  152  148  144  140  145
    52.5-180.0 180.0   5.0 450.0                            LAT/LON1/LON2/DLON/H
  148  144  140  136  128  126  125  125  129  134  140  147  158  164  169  173
  177  178  179  179  177  180  182  185  191  197  203  208  213  218  223  226
  227  227  227  226  227  228  229  230  229  230  231  230  229  231  231  230
  230  233  234  234  238  240  240  240  241  239  236  232  228  220  210  199
  188  181  174  166  154  150  146  143  148
    50.0-180.0 180.0   5.0 450.0                            LAT/LON1/LON2/DLON/H
  154  149  145  141  132  129  128  127  133  137  143  150  162  168  175  182
  181  183  185  186  187  189  190  192  201  207  213  219  223  229  234  239
  240  241  241  242  247  246  245  245  247  246  245  244  245  245  246  247
  250  252  254  256  254  257  258  258  257  254  249  243  237  228  218  207
  199  190  181  171  160  156  154  151  154
    47.5-180.0 180.0   5.0 450.0                            LAT/LON1/LON2/DLON/H
  161  157  153  149  140  137  135  133  137  140  145  152  165  171  178  185
  189  191  193  196  195  197  198  200  209  215  221  226  232  237  242  247
  248  251  253  255  259  260  260  260  260  260  259  256  254  255  257  257
  259  262  263  264  263  265  265  263  262  258  252  246  242  233  223  212
  205  196  186  176  165  162  159  156  161
    45.0-180.0 180.0   5.0 450.0                            LAT/LON1/LON2/DLON/H
  167  163  160  157  148  145  143  141  142  146  150  157  170  176  183  191
  200  202  205  208  206  208  210  213  219  225  231  236  240  246  251  256
  258  263  268  272  275  277  279  279  276  277  276  273  267  270  272  272
  271  273  274  274  269  269  268  264  261  257  252  245  241  234  225  216
  211  202  192  182  172  168  165  162  167
    42.5-180.0 180.0   5.0 450.0                            LAT/LON1/LON2/DLON/H
  170  167  164  161  153  151  149  146  149  152  157  163  177  183  190  198
  211  214  218  221  218  221  223  226  229  235  240  245  247  253  259  263
  269  276  283  289  292  297  299  301  293  294  293  290  283  287  289  289
  285  287  287  286  274  274  271  267  258  254  250  244  239  233  226  219
  217  208  199  190  180  176  172  169  170
    40.0-180.0 180.0   5.0 450.0                            LAT/LON1/LON2/DLON/H
  169  167  166  165  154  153  153  151  153  159  166  174  180  192  202  212
  222  227  231  234  231  234  236  238  242  247  252  257  265  271  278  285
  293  301  310  321  328  330  330  332  327  323  320  317  307  306  305  304
  303  300  295  291  285  278  271  263  258  254  248  242  241  237  234  230
  224  217  210  203  201  194  187  182  169
    37.5-180.0 180.0   5.0 450.0                            LAT/LON1/LON2/DLON/H
  173  169  165  162  153  152  152  152  155  163  173  183  193  204  214  224
  234  239  243  246  245  248  250  252  256  260  265  270  278  285  294  304
  316  328  342  355  365  367  368  366  360  356  352  346  334  332  329  325
  322  317  311  304  293  286  277  268  261  256  249  242  247  243  239  234
  233  227  220  212  207  200  193  187  173
    35.0-180.0 180.0   5.0 450.0                            LAT/LON1/LON2/DLON/H
  175  169  164  160  149  149  149  150  153  164  176  188  203  214  224  234
  243  249  253  256  256  259  262  263  268  273  278  283  292  303  314  326
  343  361  379  394  404  407  407  404  395  391  386  379  363  359  355  349
  342  337  329  319  303  295  285  274  265  258  251  242  249  246  242  237
  237  231  225  217  211  204  197  190  175
    32.5-180.0 180.0   5.0 450.0                            LAT/LON1/LON2/DLON/H
  177  170  164  158  145  145  147  148  150  162  176  191  210  222  232  242
  249  255  260  264  264  268  270  271  280  285  290  296  309  323  337  351
  374  396  417  435  442  446  446  443  429  425  419  411  389  385  379  371
  363  356  347  336  317  308  297  285  270  264  256  247  251  249  246  241
  238  233  227  221  216  208  201  194  177
    30.0-180.0 180.0   5.0 450.0                            LAT/LON1/LON2/DLON/H
  185  177  168  160  144  143  143  144  144  158  175  193  209  221  233  245
  252  258  263  268  266  273  279  284  293  300  308  317  335  354  375  397
  415  437  459  480  478  479  478  476  460  453  445  437  419  409  400  393
  392  382  373  363  344  330  315  301  284  273  264  256  257  250  245  242
  241  236  230  226  229  221  212  204  185
    27.5-180.0 180.0   5.0 450.0                            LAT/LON1/LON2/DLON/H
  194  185  174  164  149  145  142  140  141  154  170  188  208  221  235  248
  255  262  268  273  276  283  289  294  304  313  324  334  354  378  403  427
  450  472  493  510  507  506  503  498  481  474  466  459  440  430  421  414
  415  405  394  383  364  348  331  312  294  282  271  261  258  251  245  241
  239  234  230  226  232  225  217  210  194
    25.0-180.0 180.0   5.0 450.0                            LAT/LON1/LON2/DLON/H
  203  194  182  171  157  151  145  141  139  151  165  182  206  221  236  250
  258  267  274  280  285  292  299  306  315  328  341  354  374  402  430  456
  479  499  516  530  525  521  516  509  495  488  481  474  458  449  441  434
  436  426  414  401  378  359  338  316  295  282  270  259  253  246  241  237
  231  228  225  222  229  223  217  211  203
    22.5-180.0 180.0   5.0 450.0                            LAT/LON1/LON2/DLON/H
  208  199  189  178  164  157  150  144  138  148  162  177  204  220  236  251
  263  272  280  287  294  302  310  317  326  341  357  372  393  424  454  480
  500  516  528  538  532  526  519  510  501  494  488  483  471  464  457  450
  451  441  429  416  383  361  338  313  291  278  265  252  246  241  236  233
  222  220  219  218  224  220  216  212  208
    20.0-180.0 180.0   5.0 450.0                            LAT/LON1/LON2/DLON/H
  207  202  195  187  167  163  158  152  145  149  155  163  192  213  235  258
  265  274  283  291  302  309  316  323  333  352  372  393  415  446  476  505
  525  534  542  547  539  531  522  513  509  504  501  497  484  482  480  478
  478  465  450  433  389  362  335  310  292  274  258  246  247  239  232  226
  226  222  218  214  217  214  212  210  207
    17.5-180.0 180.0   5.0 450.0                            LAT/LON1/LON2/DLON/H
  205  200  193  186  173  169  164  157  145  148  153  159  188  209  232  256
  265  276  286  296  307  315  323  332  344  365  387  408  435  462  490  516
  527  533  538  541  527  519  513  508  510  507  505  504  497  495  493  490
  494  477  457  435  387  357  327  300  282  264  249  237  240  231  224  219
  220  215  211  209  214  211  208  205  205
    15.0-180.0 180.0   5.0 450.0                            LAT/LON1/LON2/DLON/H
  194  190  184  177  170  166  161  155  142  143  147  152  183  205  229  253
  265  277  289  301  310  320  331  342  357  381  404  425  453  477  500  521
  527  530  531  533  521  516  512  510  513  512  512  514  508  506  503  500
  502  481  456  430  386  353  321  291  279  261  246  235  236  228  221  215
  216  210  206  203  210  205  200  196  194
    12.5-180.0 180.0   5.0 450.0                            LAT/LON1/LON2/DLON/H
  181  176  171  165  160  156  152  146  137  137  140  144  180  201  225  249
  264  278  293  306  315  328  340  353  374  398  421  443  470  490  508  525
  526  527  527  526  522  520  520  521  521  522  524  527  517  514  511  508
  504  478  450  421  385  350  316  284  281  264  250  239  236  227  220  214
  213  206  201  197  207  199  192  186  181
    10.0-180.0 180.0   5.0 450.0                            LAT/LON1/LON2/DLON/H
  157  154  151  148  137  134  133  132  128  128  130  134  162  187  213  241
  254  270  286  301  303  322  340  358  374  400  426  451  476  493  508  521
  531  532  531  530  526  532  535  537  534  539  542  540  522  521  517  509
  500  475  448  418  381  356  331  308  294  279  266  256  246  237  229  221
  216  210  205  201  193  184  176  170  157
     7.5-180.0 180.0   5.0 450.0                            LAT/LON1/LON2/DLON/H
  145  140  135  132  122  119  118  119  118  119  122  129  157  183  210  239
  254  272  288  303  310  330  349  367  392  420  446  470  492  505  517  528
  532  533  535  536  543  547  550  552  553  553  550  544  528  523  516  506
  492  468  441  412  381  358  336  316  308  294  280  268  253  242  231  221
  215  208  202  197  187  179  173  166  145
     5.0-180.0 180.0   5.0 450.0                            LAT/LON1/LON2/DLON/H
  136  129  123  119  110  107  105  106  105  107  112  120  150  177  205  235
  252  271  289  305  317  339  359  377  411  439  465  489  507  517  526  534
  535  539  542  546  556  560  562  563  561  555  546  535  520  513  503  491
  473  450  425  400  378  359  342  326  321  306  293  280  258  245  232  219
  213  205  198  192  180  173  167  160  136
     2.5-180.0 180.0   5.0 450.0                            LAT/LON1/LON2/DLON/H
  133  125  118  113  104  100   98   99   96   99  105  115  145  171  200  230
  251  271  290  307  325  348  369  389  428  456  483  506  521  529  536  542
  539  546  551  557  561  564  566  567  557  546  532  517  502  491  479  466
  446  425  403  382  372  358  345  333  326  313  299  286  256  242  227  213
  210  201  193  185  175  168  161  154  133
