o1pg1980-2023.718.23i
     1.0            IONOSPHERE MAPS     GNSS                IONEX VERSION / TYPE
IONINX V4.3         AIUB                19-Jul-23 21:44     PGM / RUN BY / DATE 
406 1-DAY PREDICTED IONOSPHERE MAPS FOR DAY 198, 2023       COMMENT             
We use the deep learning algorithm, based on the global     DESCRIPTION         
ionospheric map provided by CODE and the final global       DESCRIPTION         
ionospheric map combined by IGS, and use our proposed       DESCRIPTION         
spatiotemporal network model to predict the global          DESCRIPTION         
ionospheric map of the next day.                            DESCRIPTION         
Contact address: wanghongyue@stu.cdut.edu.cn                DESCRIPTION         
  2023    07    17     0     0     0                        EPOCH OF FIRST MAP  
  2023    07    17    22     0     0                        EPOCH OF LAST MAP   
  7200                                                      INTERVAL            
    12                                                      # OF MAPS IN FILE   
  NONE                                                      MAPPING FUNCTION    
     0.0                                                    ELEVATION CUTOFF    
TEC prediction calculated as a spatiotemporal network model OBSERVABLES USED    
  6371.0                                                    BASE RADIUS         
     2                                                      MAP DIMENSION       
   450.0 450.0   0.0                                        HGT1 / HGT2 / DHGT  
    87.5 -87.5  -2.5                                        LAT1 / LAT2 / DLAT  
  -180.0 180.0   5.0                                        LON1 / LON2 / DLON  
    -1                                                      EXPONENT            
TEC values in 0.1 tec units;  9999, if no value available   COMMENT             
                                                            END OF HEADER       
[from data line 2145]
     6                                                      START OF TEC MAP    
  2023    07    17    10     0     0                        EPOCH OF CURRENT MAP
    87.5-180.0 180.0   5.0 450.0                            LAT/LON1/LON2/DLON/H
  170  170  171  171  172  173  174  176  180  181  181  182  187  188  188  188
  190  191  191  191  193  193  193  193  192  192  191  191  189  189  189  188
  187  187  187  186  186  185  185  184  184  183  183  183  183  183  183  182
  183  183  182  182  179  179  179  179  176  177  177  177  176  177  177  178
  175  176  176  175  175  175  175  175  170
    85.0-180.0 180.0   5.0 450.0                            LAT/LON1/LON2/DLON/H
  167  168  168  169  170  172  174  176  180  181  183  184  189  189  190  189
  192  193  193  193  195  195  195  194  194  194  193  192  190  190  189  189
  188  188  188  187  187  186  185  185  184  183  182  182  181  181  181  180
  180  180  179  179  176  175  175  174  172  172  172  172  172  172  173  173
  171  172  171  171  171  171  171  171  167
    82.5-180.0 180.0   5.0 450.0                            LAT/LON1/LON2/DLON/H
  162  163  164  166  166  169  172  174  178  180  181  183  188  188  188  188
  191  192  192  192  194  194  194  193  194  193  192  191  190  190  189  188
  189  189  188  188  188  188  187  186  185  185  184  184  181  181  181  181
  179  179  178  177  175  174  173  172  171  170  169  169  170  170  170  169
  168  168  167  166  166  166  166  166  162
    80.0-180.0 180.0   5.0 450.0                            LAT/LON1/LON2/DLON/H
  161  160  159  159  159  162  165  168  173  175  177  178  180  181  182  182
  183  184  185  186  186  186  187  188  189  188  188  188  191  191  190  190
  194  194  193  194  196  196  195  195  190  190  190  190  185  186  186  187
  185  186  186  186  183  182  182  181  179  178  177  176  175  174  173  173
  170  168  166  164  163  162  161  161  161
    77.5-180.0 180.0   5.0 450.0                            LAT/LON1/LON2/DLON/H
  159  158  157  156  156  158  160  162  166  168  169  169  171  173  173  172
  172  174  175  176  176  177  178  179  179  180  180  180  184  185  186  187
  191  193  195  196  199  200  200  200  196  197  197  197  193  194  195  195
  194  194  195  195  194  193  192  192  191  189  188  187  185  184  183  181
  176  173  170  167  163  161  159  158  159
    75.0-180.0 180.0   5.0 450.0                            LAT/LON1/LON2/DLON/H
  161  159  157  156  154  155  156  156  159  160  160  160  162  163  163  162
  162  164  166  166  166  168  169  170  170  172  173  174  177  180  183  185
  191  194  197  200  204  206  207  207  206  206  206  206  204  205  206  207
  206  206  207  207  207  206  205  204  204  203  202  200  198  196  194  192
  186  182  178  174  166  163  161  158  161
    72.5-180.0 180.0   5.0 450.0                            LAT/LON1/LON2/DLON/H
  164  161  159  156  153  153  152  152  152  153  152  151  153  152  152  150
  152  154  155  156  157  159  160  161  162  164  166  167  172  176  180  183
  191  196  200  203  210  212  213  214  215  216  216  215  216  217  217  218
  218  218  218  218  219  218  216  215  217  215  214  212  210  208  205  201
  197  192  187  182  174  170  166  163  164
    70.0-180.0 180.0   5.0 450.0                            LAT/LON1/LON2/DLON/H
  174  170  164  158  151  150  150  149  146  145  144  143  145  146  146  146
  148  150  152  154  153  155  156  158  160  162  164  167  173  179  184  190
  194  200  206  212  214  218  220  222  223  226  227  228  227  229  231  231
  229  230  230  228  225  225  224  222  220  220  219  218  217  216  213  211
  206  201  195  189  183  179  174  168  174
    67.5-180.0 180.0   5.0 450.0                            LAT/LON1/LON2/DLON/H
  178  173  167  160  151  149  147  145  142  141  139  138  141  141  141  141
  144  146  148  150  151  153  156  158  160  163  166  168  175  181  188  193
  199  206  212  217  221  225  227  228  231  233  235  235  237  239  239  238
  237  236  234  230  227  226  224  221  222  222  222  221  223  222  221  219
  216  211  205  199  193  189  183  176  178
    65.0-180.0 180.0   5.0 450.0                            LAT/LON1/LON2/DLON/H
  180  174  167  160  150  147  144  141  138  137  135  134  138  138  138  138
  141  143  145  148  149  152  155  158  161  165  168  171  178  186  192  198
  204  211  218  223  226  230  233  234  238  241  242  242  246  247  246  244
  242  239  235  230  226  224  221  217  219  220  221  220  224  225  225  223
  222  218  213  206  201  196  190  183  180
    62.5-180.0 180.0   5.0 450.0                            LAT/LON1/LON2/DLON/H
  180  173  166  158  147  143  139  135  134  132  131  129  135  135  135  135
  138  140  143  145  147  151  154  158  163  167  171  174  183  191  198  204
  208  216  223  228  229  234  237  239  243  246  248  248  253  253  251  249
  244  240  234  228  222  219  216  212  215  216  218  219  223  224  225  225
  226  222  217  212  208  203  197  190  180
    60.0-180.0 180.0   5.0 450.0                            LAT/LON1/LON2/DLON/H
  180  171  161  149  136  130  125  121  118  117  118  120  122  123  124  126
  130  132  135  139  141  146  151  157  162  166  170  175  187  193  199  205
  216  222  228  233  237  241  245  248  254  257  259  260  264  262  257  252
  248  241  232  223  218  215  212  208  211  212  213  213  226  227  227  228
  235  233  229  225  224  218  210  201  180
    57.5-180.0 180.0   5.0 450.0                            LAT/LON1/LON2/DLON/H
  184  175  164  152  137  129  122  116  112  110  110  112  116  116  117  119
  124  125  128  132  137  142  148  155  162  168  174  179  192  199  205  211
  220  226  232  236  241  245  250  254  258  262  264  266  269  266  262  257
  251  244  236  227  221  218  215  212  216  218  219  220  232  234  234  234
  245  242  238  234  235  228  220  211  184
    55.0-180.0 180.0   5.0 450.0                            LAT/LON1/LON2/DLON/H
  191  181  170  158  141  132  124  116  109  106  105  105  109  109  109  111
  117  117  120  123  132  137  144  151  162  170  177  183  196  204  211  216
  225  231  236  240  246  251  256  261  265  269  272  275  277  275  271  265
  258  251  244  235  229  227  224  221  226  228  229  231  242  243  244  244
  256  253  249  244  247  240  232  223  191
    52.5-180.0 180.0   5.0 450.0                            LAT/LON1/LON2/DLON/H
  199  189  178  167  148  138  128  119  107  104  102  101  102  102  102  102
  109  109  111  115  126  132  139  147  163  172  180  188  201  209  216  222
  230  236  240  244  252  258  263  268  272  277  280  282  285  283  279  273
  268  262  255  246  241  240  238  235  238  241  243  244  253  255  255  255
  267  265  261  256  261  254  247  238  199
    50.0-180.0 180.0   5.0 450.0                            LAT/LON1/LON2/DLON/H
  209  201  193  183  163  152  141  131  116  110  106  103  100   99   98   99
  105  105  108  112  124  132  144  156  168  178  189  199  208  216  222  228
  237  244  249  254  261  269  277  285  287  292  295  298  299  297  294  292
  285  280  274  268  261  260  259  256  257  261  263  264  268  271  273  274
  282  280  278  275  270  262  254  246  209
    47.5-180.0 180.0   5.0 450.0                            LAT/LON1/LON2/DLON/H
  220  212  204  195  177  166  155  144  126  120  114  109  101   99   97   96
  103  103  106  111  125  134  146  159  175  185  195  205  215  222  228  233
  244  251  257  262  271  280  288  295  298  304  307  310  309  309  306  303
  299  294  287  279  276  274  271  266  269  272  273  274  280  283  284  285
  294  292  289  286  277  269  262  254  220
    45.0-180.0 180.0   5.0 450.0                            LAT/LON1/LON2/DLON/H
  225  218  211  204  191  180  169  158  140  132  125  118  106  102   99   97
  104  105  108  113  130  139  151  165  184  194  204  213  222  229  234  239
  250  258  265  271  281  291  300  307  311  317  322  324  323  323  322  319
  315  310  302  293  288  285  280  274  274  276  277  277  284  286  288  290
  300  297  294  290  279  272  265  257  225
    42.5-180.0 180.0   5.0 450.0                            LAT/LON1/LON2/DLON/H
  223  218  212  206  199  190  180  170  152  144  135  127  112  107  103  100
  108  110  113  117  137  147  159  172  192  202  211  220  227  234  239  243
  254  264  273  281  291  302  312  320  322  330  336  339  338  340  340  338
  333  327  319  310  298  294  289  282  278  280  281  281  288  292  294  296
  304  302  299  295  280  274  267  260  223
    40.0-180.0 180.0   5.0 450.0                            LAT/LON1/LON2/DLON/H
  211  209  207  206  193  189  184  179  169  159  150  140  126  121  116  110
  117  121  126  131  137  151  167  183  199  210  220  230  236  238  240  241
  263  269  276  283  305  315  325  335  346  351  357  363  360  359  358  358
  359  348  337  327  320  310  301  292  283  283  283  284  288  294  300  305
  301  298  294  291  282  264  248  234  211
    37.5-180.0 180.0   5.0 450.0                            LAT/LON1/LON2/DLON/H
  209  204  200  197  189  185  182  178  174  167  160  154  139  133  126  120
  121  125  129  134  142  156  171  186  206  216  226  236  241  244  247  249
  268  278  287  296  318  331  342  353  366  374  381  388  385  386  387  387
  385  376  366  355  342  333  323  314  302  300  298  296  304  307  310  312
  311  307  302  296  281  263  246  230  209
    35.0-180.0 180.0   5.0 450.0                            LAT/LON1/LON2/DLON/H
  210  203  197  192  186  183  180  178  178  174  170  166  152  145  138  131
  127  130  134  138  147  160  174  188  210  220  230  240  243  248  253  256
  272  286  298  309  330  345  359  370  385  395  404  411  410  413  415  416
  414  408  399  389  373  365  356  346  332  328  324  319  325  326  326  325
  322  316  310  301  281  262  245  229  210
    32.5-180.0 180.0   5.0 450.0                            LAT/LON1/LON2/DLON/H
  212  204  196  190  183  181  179  178  180  178  176  175  164  157  149  140
  133  135  137  140  150  161  174  187  211  221  231  240  243  251  258  264
  276  293  309  322  344  361  376  388  406  417  427  435  435  440  443  444
  445  442  435  426  412  406  398  388  372  368  362  355  354  353  351  347
  339  332  324  314  288  270  252  235  212
    30.0-180.0 180.0   5.0 450.0                            LAT/LON1/LON2/DLON/H
  230  218  206  196  186  182  180  179  178  176  175  174  168  160  151  142
  134  133  132  132  143  153  164  176  207  216  227  239  253  256  259  263
  283  297  311  326  353  370  387  404  419  430  442  453  456  462  469  477
  477  473  471  471  457  450  443  438  430  417  404  392  399  388  378  368
  360  346  332  318  300  282  265  250  230
    27.5-180.0 180.0   5.0 450.0                            LAT/LON1/LON2/DLON/H
  246  232  219  207  195  189  185  182  186  183  180  179  177  167  157  148
  140  137  134  133  144  153  164  176  208  218  230  242  251  257  262  268
  289  304  320  335  365  382  400  416  432  443  455  467  472  481  491  503
  510  513  517  519  511  509  505  498  487  474  459  444  444  427  411  396
  378  361  344  328  309  291  274  258  246
    25.0-180.0 180.0   5.0 450.0                            LAT/LON1/LON2/DLON/H
  265  253  239  226  213  206  200  195  197  192  189  187  186  175  165  155
  149  144  139  136  147  155  165  177  206  218  230  243  248  257  266  275
  295  311  327  343  374  391  408  424  438  449  461  474  484  496  510  523
  537  547  556  562  559  561  559  553  541  527  511  493  487  465  444  422
  394  374  355  337  317  299  282  267  265
    22.5-180.0 180.0   5.0 450.0                            LAT/LON1/LON2/DLON/H
  283  272  260  248  234  227  220  213  209  203  199  196  194  183  172  161
  157  151  144  139  150  157  167  178  199  213  227  241  244  257  269  280
  301  318  335  350  382  398  414  430  443  454  465  477  492  506  521  536
  556  571  583  593  596  601  600  594  585  572  555  535  522  498  473  447
  408  388  368  349  328  312  296  282  283
    20.0-180.0 180.0   5.0 450.0                            LAT/LON1/LON2/DLON/H
  304  293  281  266  262  253  244  233  225  217  209  202  197  187  176  166
  157  153  149  144  151  154  158  163  194  202  213  226  232  247  263  280
  303  326  349  371  403  419  434  448  455  468  481  493  500  518  535  550
  569  588  604  617  625  630  632  631  617  605  591  575  562  533  500  466
  431  405  379  354  342  329  318  309  304
    17.5-180.0 180.0   5.0 450.0                            LAT/LON1/LON2/DLON/H
  313  304  293  280  278  270  261  250  235  226  216  206  201  190  178  167
  163  158  152  147  152  154  158  163  188  198  210  223  237  253  270  287
  314  338  361  383  411  426  442  456  460  472  484  497  508  524  539  553
  572  589  603  613  620  626  628  626  613  606  594  580  571  541  507  471
  431  402  376  352  345  331  320  311  313
    15.0-180.0 180.0   5.0 450.0                            LAT/LON1/LON2/DLON/H
  311  304  295  284  283  276  267  257  240  229  218  207  203  191  179  168
  166  159  152  146  148  149  153  159  179  190  204  219  239  256  274  292
  324  349  372  394  422  437  453  467  470  481  493  505  518  531  543  555
  569  583  594  602  606  611  613  610  601  595  587  576  568  537  504  469
  425  396  370  346  346  332  320  311  311
    12.5-180.0 180.0   5.0 450.0                            LAT/LON1/LON2/DLON/H
  300  295  288  280  278  272  264  255  239  227  215  204  201  189  178  167
  168  160  152  145  144  145  148  153  169  182  197  213  239  258  277  296
  333  358  381  403  434  450  465  479  485  496  507  518  528  538  548  558
  564  574  581  586  589  593  593  590  586  582  576  567  557  527  494  461
  415  387  362  340  348  333  320  310  300
    10.0-180.0 180.0   5.0 450.0                            LAT/LON1/LON2/DLON/H
  291  286  282  278  261  256  251  246  228  220  211  202  186  180  173  165
  156  149  141  133  129  126  126  127  148  169  193  219  238  265  293  319
  353  377  399  418  448  467  484  497  502  517  529  539  540  551  560  567
  566  569  571  571  566  570  572  573  562  562  559  553  540  510  476  440
  405  384  365  348  337  327  319  314  291
     7.5-180.0 180.0   5.0 450.0                            LAT/LON1/LON2/DLON/H
  284  276  270  264  248  242  236  231  218  209  201  192  180  174  166  158
  152  144  135  126  119  115  115  116  140  162  187  215  245  272  299  325
  360  382  402  420  453  471  487  500  510  523  534  543  544  554  561  568
  565  568  570  571  562  565  568  569  563  561  556  548  534  503  467  429
  399  380  362  346  338  330  325  321  284
     5.0-180.0 180.0   5.0 450.0                            LAT/LON1/LON2/DLON/H
  283  273  264  256  239  231  223  217  206  197  189  181  173  166  158  150
  146  137  128  118  108  105  104  106  134  157  184  213  252  278  305  331
  362  383  402  419  449  467  482  497  507  519  530  538  541  549  556  562
  565  568  571  572  567  570  572  573  566  562  556  546  523  491  455  417
  393  376  360  347  338  333  330  327  283
     2.5-180.0 180.0   5.0 450.0                            LAT/LON1/LON2/DLON/H
  291  279  267  258  236  226  217  209  197  189  181  173  167  159  151  143
  140  131  121  111  100   96   95   97  129  154  182  213  257  284  311  338
  361  381  400  417  437  455  471  486  494  506  516  525  529  537  544  550
  564  569  572  574  579  582  584  585  572  566  557  546  508  476  441  406
  384  370  358  347  341  338  335  333  291
