o1pg1920-20230712.23i
     1.0            IONOSPHERE MAPS     GNSS                IONEX VERSION / TYPE
IONINX V4.3         AIUB                12-Jul-23 21:14     PGM / RUN BY / DATE 
406 1-DAY PREDICTED IONOSPHERE MAPS FOR DAY 192, 2023       COMMENT             
We use the deep learning algorithm, based on the global     DESCRIPTION         
ionospheric map provided by CODE and the final global       DESCRIPTION         
ionospheric map combined by IGS, and use our proposed       DESCRIPTION         
spatiotemporal network model to predict the global          DESCRIPTION         
ionospheric map of the next day.                            DESCRIPTION         
Contact address: wanghongyue@stu.cdut.edu.cn                DESCRIPTION         
  2023    07    11     0     0     0                        EPOCH OF FIRST MAP  
  2023    07    11    22     0     0                        EPOCH OF LAST MAP   
  7200                                                      INTERVAL            
    12                                                      # OF MAPS IN FILE   
  NONE                                                      MAPPING FUNCTION    
     0.0                                                    ELEVATION CUTOFF    
TEC prediction calculated as a spatiotemporal network model OBSERVABLES USED    
  6371.0                                                    BASE RADIUS         
     2                                                      MAP DIMENSION       
   450.0 450.0   0.0                                        HGT1 / HGT2 / DHGT  
    87.5 -87.5  -2.5                                        LAT1 / LAT2 / DLAT  
  -180.0 180.0   5.0                                        LON1 / LON2 / DLON  
    -1                                                      EXPONENT            
TEC values in 0.1 tec units;  9999, if no value available   COMMENT             
                                                            END OF HEADER       
[from data line 2145]
     6                                                      START OF TEC MAP    
  2023    07    11    10     0     0                        EPOCH OF CURRENT MAP
    87.5-180.0 180.0   5.0 450.0                            LAT/LON1/LON2/DLON/H
  170  170  170  170  170  171  172  173  176  176  177  177  181  182  182  182
  183  184  184  184  185  185  185  184  183  183  182  181  179  179  179  179
  178  178  177  177  177  176  176  175  176  175  175  175  175  175  175  175
  175  175  174  174  172  172  172  172  170  170  171  171  171  172  172  173
  171  172  172  172  171  172  172  172  170
    85.0-180.0 180.0   5.0 450.0                            LAT/LON1/LON2/DLON/H
  168  169  169  170  169  171  172  174  176  177  178  179  182  182  183  182
  184  184  184  184  185  185  185  184  183  183  182  181  180  179  179  178
  178  178  178  177  177  177  176  176  175  175  174  174  174  173  173  173
  173  172  172  171  169  169  168  167  166  166  166  166  167  168  168  168
  167  168  168  167  168  168  169  169  168
    82.5-180.0 180.0   5.0 450.0                            LAT/LON1/LON2/DLON/H
  164  165  166  167  167  168  170  172  173  175  176  177  180  181  181  181
  182  183  183  183  183  183  183  182  182  181  181  180  179  178  178  177
  179  179  178  177  179  178  178  177  176  176  176  175  174  173  173  173
  173  172  171  170  169  167  166  166  165  164  164  163  166  165  165  165
  164  164  164  163  163  163  163  163  164
    80.0-180.0 180.0   5.0 450.0                            LAT/LON1/LON2/DLON/H
  163  162  162  161  161  163  165  166  168  169  170  170  172  173  173  173
  173  174  174  175  175  175  176  176  176  175  175  175  178  178  178  178
  183  183  183  184  186  186  186  186  181  181  181  181  176  177  178  178
  177  177  177  177  175  174  172  171  171  170  168  167  167  166  166  165
  164  162  161  159  160  159  159  158  163
    77.5-180.0 180.0   5.0 450.0                            LAT/LON1/LON2/DLON/H
  161  160  159  158  158  159  160  161  161  163  163  163  164  165  165  164
  164  165  166  167  166  167  168  168  167  168  168  168  171  173  174  175
  181  183  185  186  189  190  190  190  187  187  187  187  184  185  185  186
  185  185  185  185  185  184  183  181  182  180  179  178  176  175  174  173
  169  166  164  161  158  157  155  154  161
    75.0-180.0 180.0   5.0 450.0                            LAT/LON1/LON2/DLON/H
  163  161  159  157  155  156  156  155  155  156  155  154  156  157  156  155
  155  157  158  158  158  159  160  160  160  161  162  162  166  169  171  173
  180  184  187  189  194  195  196  196  195  195  196  195  194  195  195  196
  196  196  196  196  197  196  195  194  195  194  192  190  188  187  185  182
  177  174  170  166  160  157  155  153  163
    72.5-180.0 180.0   5.0 450.0                            LAT/LON1/LON2/DLON/H
  164  162  159  157  153  153  152  150  150  149  148  146  148  147  146  145
  146  148  148  149  150  152  152  152  153  155  156  157  162  165  168  171
  181  185  189  192  199  201  202  202  203  204  204  203  204  205  206  206
  207  207  207  207  208  207  206  204  207  205  203  201  200  197  194  190
  187  183  178  173  166  162  159  156  164
    70.0-180.0 180.0   5.0 450.0                            LAT/LON1/LON2/DLON/H
  172  167  162  156  149  148  148  147  142  140  139  138  140  141  141  142
  144  145  147  149  148  148  149  150  151  153  154  156  161  166  171  177
  182  188  193  199  202  205  207  209  210  213  214  215  214  217  218  218
  217  218  218  217  215  215  215  214  212  212  211  210  207  206  203  201
  196  191  185  179  174  170  165  160  172
    67.5-180.0 180.0   5.0 450.0                            LAT/LON1/LON2/DLON/H
  177  172  166  159  150  148  146  143  138  137  135  134  136  137  137  137
  140  142  144  146  146  148  149  151  152  154  156  158  164  170  175  180
  187  193  199  204  207  211  213  215  217  220  221  221  223  225  225  224
  224  223  221  218  216  216  215  212  213  213  213  212  212  212  210  208
  205  200  195  188  183  178  173  167  177
    65.0-180.0 180.0   5.0 450.0                            LAT/LON1/LON2/DLON/H
  181  175  168  160  150  146  143  139  135  133  131  129  134  134  134  134
  137  139  141  143  144  147  149  151  153  156  159  161  168  174  180  185
  192  199  204  209  212  215  218  219  223  226  227  228  232  233  232  230
  228  226  223  218  215  214  212  209  211  212  212  211  214  214  213  212
  211  207  201  195  189  185  179  172  181
    62.5-180.0 180.0   5.0 450.0                            LAT/LON1/LON2/DLON/H
  182  175  168  160  149  144  139  134  132  129  127  125  131  131  131  131
  134  136  138  141  142  145  148  151  154  158  161  164  172  179  185  190
  196  203  208  213  214  218  220  222  227  230  231  232  237  237  236  233
  230  227  222  216  212  211  208  205  207  208  209  210  212  214  214  214
  215  211  206  201  196  191  185  179  182
    60.0-180.0 180.0   5.0 450.0                            LAT/LON1/LON2/DLON/H
  184  176  166  155  141  134  128  122  117  116  116  117  119  120  122  124
  127  128  132  136  135  139  144  149  152  156  161  165  177  182  188  193
  202  208  213  218  220  224  228  232  236  239  241  243  244  243  239  235
  229  224  217  209  207  204  201  198  205  205  206  206  218  219  219  219
  225  223  220  216  213  207  200  192  184
    57.5-180.0 180.0   5.0 450.0                            LAT/LON1/LON2/DLON/H
  190  181  171  160  144  136  128  120  113  111  110  110  113  113  115  116
  120  122  124  128  131  136  141  147  152  158  164  169  180  187  193  198
  206  212  217  221  223  227  232  236  239  243  246  248  248  246  243  238
  231  226  219  212  208  206  204  201  208  209  210  211  223  224  224  224
  233  230  226  222  222  216  208  200  190
    55.0-180.0 180.0   5.0 450.0                            LAT/LON1/LON2/DLON/H
  196  188  178  167  151  141  131  121  111  108  106  104  106  106  107  108
  113  114  116  119  126  130  136  143  152  159  166  173  184  192  198  204
  211  216  221  224  227  232  237  242  245  249  252  254  254  252  249  244
  237  232  226  218  215  213  211  209  216  217  219  220  231  231  231  230
  241  238  234  229  231  225  218  210  196
    52.5-180.0 180.0   5.0 450.0                            LAT/LON1/LON2/DLON/H
  202  194  185  175  158  146  135  124  111  106  103  101  101   99   99  100
  105  105  107  110  120  125  131  138  152  161  169  176  187  196  202  208
  215  220  224  227  232  237  242  247  251  254  257  259  260  258  254  249
  245  240  234  227  225  224  223  221  226  228  230  231  239  240  239  238
  249  246  242  237  242  236  230  222  202
    50.0-180.0 180.0   5.0 450.0                            LAT/LON1/LON2/DLON/H
  206  200  193  185  168  158  147  136  118  112  106  101   98   96   94   93
  100  100  102  104  117  125  134  144  158  167  176  185  195  202  209  214
  222  228  232  236  242  248  254  260  264  266  268  270  271  268  265  262
  258  253  248  244  240  239  237  234  240  242  242  242  247  249  249  249
  255  253  250  247  244  238  231  225  206
    47.5-180.0 180.0   5.0 450.0                            LAT/LON1/LON2/DLON/H
  212  207  200  193  178  168  157  146  128  120  113  107  100   96   94   92
   99   99  101  104  119  127  137  148  164  174  183  192  202  209  214  219
  229  235  241  245  252  259  266  271  275  278  280  281  281  279  277  273
  271  266  261  254  254  252  248  243  250  251  252  251  257  259  259  259
  265  263  259  256  247  241  235  229  212
    45.0-180.0 180.0   5.0 450.0                            LAT/LON1/LON2/DLON/H
  214  209  204  198  187  177  167  157  140  131  123  115  104  100   96   93
  100  101  103  107  125  133  143  154  172  182  191  199  207  214  220  225
  235  242  249  254  262  270  277  283  286  291  293  294  293  293  291  288
  285  280  274  267  263  260  256  250  253  254  254  254  260  262  263  263
  269  267  263  259  249  243  237  231  214
    42.5-180.0 180.0   5.0 450.0                            LAT/LON1/LON2/DLON/H
  210  206  202  197  190  182  174  165  150  141  132  124  110  105  100   97
  104  105  108  112  132  140  150  162  180  190  198  206  212  219  225  229
  239  248  256  263  271  280  289  295  296  302  306  307  307  308  307  305
  300  295  289  281  271  268  263  257  255  256  257  257  264  266  268  268
  274  271  267  263  250  244  238  232  210
    40.0-180.0 180.0   5.0 450.0                            LAT/LON1/LON2/DLON/H
  201  197  194  192  180  177  174  170  160  152  144  136  124  118  113  107
  112  116  120  125  131  144  158  173  189  199  209  218  220  224  228  231
  247  254  261  270  287  296  305  314  323  326  329  332  330  329  327  326
  326  317  309  301  288  280  272  265  257  257  257  258  263  268  272  275
  273  270  266  262  248  232  218  206  201
    37.5-180.0 180.0   5.0 450.0                            LAT/LON1/LON2/DLON/H
  200  194  188  183  175  172  169  166  164  158  152  147  135  129  123  116
  118  121  125  129  137  150  163  177  196  206  215  224  226  230  234  238
  252  261  271  280  298  309  319  328  340  345  350  353  352  352  351  350
  348  341  332  323  305  297  288  280  272  270  269  267  277  279  281  282
  282  278  273  267  247  231  216  202  200
    35.0-180.0 180.0   5.0 450.0                            LAT/LON1/LON2/DLON/H
  202  193  185  178  170  167  165  163  165  162  159  156  147  140  133  126
  124  126  130  133  142  153  166  179  201  210  219  228  228  234  239  244
  254  267  279  290  307  320  332  341  355  362  368  373  373  374  374  373
  372  366  359  350  331  324  316  307  298  295  292  287  295  296  295  293
  292  286  279  271  248  231  215  201  202
    32.5-180.0 180.0   5.0 450.0                            LAT/LON1/LON2/DLON/H
  205  195  186  177  167  165  163  162  166  165  164  163  157  150  143  136
  129  131  134  136  144  155  166  178  201  211  220  228  228  235  242  249
  256  271  285  299  316  330  343  354  370  379  386  392  392  395  396  395
  397  394  387  379  365  360  352  344  333  330  326  319  321  320  317  313
  305  298  290  281  253  236  220  205  205
    30.0-180.0 180.0   5.0 450.0                            LAT/LON1/LON2/DLON/H
  223  210  197  185  173  168  165  162  165  164  164  164  161  153  145  137
  131  130  129  129  140  149  159  170  194  202  211  220  234  235  237  240
  257  269  282  295  321  337  353  367  382  392  402  412  412  417  422  428
  426  424  423  422  410  405  400  395  389  378  367  356  361  350  340  330
  322  308  293  279  262  247  233  220  223
    27.5-180.0 180.0   5.0 450.0                            LAT/LON1/LON2/DLON/H
  236  223  209  195  183  176  171  167  172  170  168  168  167  159  150  142
  135  132  130  129  140  149  158  170  194  202  211  221  229  233  237  242
  260  274  287  300  329  345  360  375  390  400  411  422  424  431  440  449
  453  457  461  465  458  457  454  450  442  430  416  402  400  384  368  352
  336  318  301  285  270  253  238  224  236
    25.0-180.0 180.0   5.0 450.0                            LAT/LON1/LON2/DLON/H
  251  238  225  212  201  193  186  180  182  178  176  174  174  165  156  147
  141  137  134  131  142  150  159  170  191  200  211  222  224  231  239  246
  264  278  292  305  335  350  365  380  394  404  414  426  432  442  454  466
  477  487  496  503  503  505  504  499  491  478  462  445  438  417  395  374
  347  328  309  292  275  258  243  229  251
    22.5-180.0 180.0   5.0 450.0                            LAT/LON1/LON2/DLON/H
  262  252  241  230  221  213  206  199  193  188  185  183  181  172  162  153
  148  143  138  134  145  152  160  170  184  195  207  219  219  229  240  250
  268  283  297  311  341  355  369  383  396  405  416  427  436  449  463  477
  494  508  521  532  537  541  541  536  530  517  500  480  469  445  419  394
  358  339  319  302  284  268  254  241  262
    20.0-180.0 180.0   5.0 450.0                            LAT/LON1/LON2/DLON/H
  268  261  251  241  240  234  226  218  209  202  195  187  183  175  166  157
  151  148  144  140  147  149  152  156  181  187  195  205  206  219  232  245
  268  288  308  328  354  368  382  394  402  415  427  438  442  458  474  487
  505  523  539  552  557  564  567  567  558  548  537  523  507  478  448  416
  380  354  330  306  289  277  267  258  268
    17.5-180.0 180.0   5.0 450.0                            LAT/LON1/LON2/DLON/H
  272  266  257  247  252  247  240  232  219  210  201  192  187  178  169  160
  157  152  147  143  148  149  152  157  177  184  193  203  211  224  238  252
  280  300  320  339  364  376  389  402  409  419  430  441  451  464  477  490
  507  524  538  548  553  559  562  561  552  546  537  525  512  484  453  421
  381  355  330  307  294  281  270  261  272
    15.0-180.0 180.0   5.0 450.0                            LAT/LON1/LON2/DLON/H
  267  261  254  246  254  250  244  237  222  213  203  193  189  180  170  162
  159  154  148  143  144  146  149  153  169  178  188  200  214  228  243  258
  290  311  331  350  375  388  400  412  420  428  437  447  459  469  480  491
  504  518  528  536  538  543  545  544  538  534  527  518  508  480  450  420
  378  352  327  305  299  284  272  262  267
    12.5-180.0 180.0   5.0 450.0                            LAT/LON1/LON2/DLON/H
  255  251  245  239  245  242  239  234  218  209  198  188  187  178  170  161
  161  154  148  143  141  142  145  149  160  170  182  196  214  230  246  262
  299  320  340  359  388  400  412  424  433  440  448  456  466  474  482  491
  496  506  514  519  520  523  523  521  520  517  512  505  495  469  441  413
  371  345  322  301  303  288  275  263  255
    10.0-180.0 180.0   5.0 450.0                            LAT/LON1/LON2/DLON/H
  242  237  232  229  224  223  222  222  205  199  193  186  173  168  163  158
  148  143  137  130  128  125  124  125  141  158  178  199  214  237  261  283
  314  337  358  376  403  420  433  443  445  456  465  471  474  483  490  495
  495  498  501  502  496  499  501  503  495  494  491  486  476  451  422  392
  366  348  331  316  300  288  277  270  242
     7.5-180.0 180.0   5.0 450.0                            LAT/LON1/LON2/DLON/H
  235  226  219  213  207  205  203  202  192  186  180  174  166  161  156  151
  145  139  132  125  119  116  115  116  134  152  173  196  221  244  266  289
  320  342  361  378  407  423  435  446  453  462  469  474  478  484  490  494
  493  495  497  499  490  493  494  495  493  490  485  479  467  441  412  380
  358  342  327  312  298  289  282  275  235
     5.0-180.0 180.0   5.0 450.0                            LAT/LON1/LON2/DLON/H
  234  223  214  205  195  191  187  185  176  170  165  160  157  152  147  142
  138  131  124  116  109  106  104  105  128  147  169  194  226  249  271  294
  322  343  361  378  403  418  431  442  450  458  464  469  475  480  485  489
  492  495  497  499  493  495  496  497  494  490  483  475  455  428  398  367
  347  333  321  308  294  289  285  280  234
     2.5-180.0 180.0   5.0 450.0                            LAT/LON1/LON2/DLON/H
  243  230  218  208  191  184  179  175  164  158  153  149  148  143  138  133
  131  124  116  108   99   96   95   95  122  143  167  193  229  253  276  299
  321  341  359  376  391  407  420  433  440  447  453  458  465  470  474  478
  491  495  498  500  502  504  506  506  496  491  483  473  437  411  382  353
  332  322  312  302  291  288  286  283  243
