o1pg2090-20230729.23i
     1.0            IONOSPHERE MAPS     GNSS                IONEX VERSION / TYPE
IONINX V4.3         AIUB                01-Aug-23 09:21     PGM / RUN BY / DATE 
406 1-DAY PREDICTED IONOSPHERE MAPS FOR DAY 209, 2023       COMMENT             
We use the deep learning algorithm, based on the global     DESCRIPTION         
ionospheric map provided by CODE and the final global       DESCRIPTION         
ionospheric map combined by IGS, and use our proposed       DESCRIPTION         
spatiotemporal network model to predict the global          DESCRIPTION         
ionospheric map of the next day.                            DESCRIPTION         
Contact address: wanghongyue@stu.cdut.edu.cn                DESCRIPTION         
  2023    07    28     0     0     0                        EPOCH OF FIRST MAP  
  2023    07    28    22     0     0                        EPOCH OF LAST MAP   
  7200                                                      INTERVAL            
    12                                                      # OF MAPS IN FILE   
  NONE                                                      MAPPING FUNCTION    
     0.0                                                    ELEVATION CUTOFF    
TEC prediction calculated as a spatiotemporal network model OBSERVABLES USED    
  6371.0                                                    BASE RADIUS         
     2                                                      MAP DIMENSION       
   450.0 450.0   0.0                                        HGT1 / HGT2 / DHGT  
    87.5 -87.5  -2.5                                        LAT1 / LAT2 / DLAT  
  -180.0 180.0   5.0                                        LON1 / LON2 / DLON  
    -1                                                      EXPONENT            
TEC values in 0.1 tec units;  9999, if no value available   COMMENT             
                                                            END OF HEADER       
[from data line 4719]
    12                                                      START OF TEC MAP    
  2023    07    28    22     0     0                        EPOCH OF CURRENT MAP
    87.5-180.0 180.0   5.0 450.0                            LAT/LON1/LON2/DLON/H
  179  178  178  179  178  178  179  181  179  179  180  180  183  183  182  182
  186  186  186  186  187  186  185  185  184  183  181  179  179  178  177  175
  174  174  173  172  173  173  173  172  175  175  176  176  178  178  179  179
  179  179  179  180  179  179  178  178  174  174  174  174  172  172  173  173
  170  171  171  171  169  170  170  171  179
    85.0-180.0 180.0   5.0 450.0                            LAT/LON1/LON2/DLON/H
  179  180  180  181  181  182  184  186  185  186  187  188  190  190  190  190
  193  193  193  192  193  192  191  189  189  187  184  182  180  178  176  173
  171  170  169  167  167  167  167  166  168  168  168  169  171  171  172  173
  173  174  174  174  175  175  174  174  171  171  171  170  169  170  170  171
  168  169  170  169  168  169  169  169  179
    82.5-180.0 180.0   5.0 450.0                            LAT/LON1/LON2/DLON/H
  178  180  181  183  183  185  187  189  189  191  192  193  196  196  196  196
  199  199  198  198  198  196  195  193  192  189  186  183  179  177  174  171
  168  167  165  163  162  162  161  161  161  162  162  163  164  165  166  168
  168  169  170  171  172  172  172  172  169  169  169  169  168  168  168  169
  167  168  168  167  166  167  166  166  178
    80.0-180.0 180.0   5.0 450.0                            LAT/LON1/LON2/DLON/H
  178  177  178  179  183  186  189  192  193  196  200  202  201  202  203  203
  206  206  205  205  206  203  201  199  196  193  189  186  182  179  176  174
  171  169  168  167  165  165  166  167  162  164  165  167  164  167  169  171
  171  173  175  176  177  177  177  177  176  176  176  176  174  175  175  176
  176  176  175  174  170  171  172  173  178
    77.5-180.0 180.0   5.0 450.0                            LAT/LON1/LON2/DLON/H
  178  178  179  180  183  186  190  193  194  198  202  204  205  206  207  207
  210  210  210  209  208  206  204  200  197  193  189  185  181  178  176  173
  170  170  169  168  166  166  166  166  163  164  165  166  164  166  168  170
  170  172  174  176  175  176  177  178  179  179  180  180  179  180  180  181
  180  179  178  178  172  172  173  174  178
    75.0-180.0 180.0   5.0 450.0                            LAT/LON1/LON2/DLON/H
  183  183  183  184  186  189  193  196  197  201  205  207  210  211  212  211
  214  215  214  213  212  210  207  203  199  195  191  186  182  180  177  174
  172  172  171  170  169  169  169  168  165  166  166  166  166  167  168  170
  169  171  173  175  174  175  177  178  181  183  184  185  184  185  185  185
  186  185  184  183  176  177  177  178  183
    72.5-180.0 180.0   5.0 450.0                            LAT/LON1/LON2/DLON/H
  189  189  189  190  190  194  197  199  200  205  208  210  213  214  214  213
  217  217  216  214  214  211  207  203  200  196  191  186  183  181  179  176
  176  175  175  174  173  173  172  171  168  168  167  167  166  167  168  169
  168  170  172  174  172  173  175  176  182  184  185  187  188  188  189  188
  191  190  189  187  183  183  183  184  189
    70.0-180.0 180.0   5.0 450.0                            LAT/LON1/LON2/DLON/H
  198  198  198  197  196  200  203  206  204  210  214  218  217  219  219  219
  220  219  216  213  212  210  206  202  198  194  190  185  178  177  176  174
  173  175  176  176  174  174  173  171  167  166  164  162  162  162  161  160
  163  164  165  166  166  169  173  176  178  181  185  188  190  192  193  194
  197  197  197  197  192  194  195  195  198
    67.5-180.0 180.0   5.0 450.0                            LAT/LON1/LON2/DLON/H
  207  208  208  207  204  207  210  212  210  215  220  223  221  223  224  222
  222  221  219  215  215  213  209  205  201  196  192  186  179  178  177  175
  177  178  177  176  176  174  172  168  164  162  159  156  156  155  154  153
  156  157  157  158  159  162  165  168  173  177  181  185  190  192  195  197
  201  202  203  203  200  203  205  205  207
    65.0-180.0 180.0   5.0 450.0                            LAT/LON1/LON2/DLON/H
  215  216  215  215  212  214  216  217  215  220  224  227  227  228  228  226
  225  224  222  218  219  216  213  209  204  200  194  189  183  181  180  177
  181  181  180  177  177  174  170  165  160  157  154  151  150  148  146  145
  148  148  148  149  150  153  156  160  165  170  175  180  186  190  194  198
  201  204  206  208  205  209  211  213  215
    62.5-180.0 180.0   5.0 450.0                            LAT/LON1/LON2/DLON/H
  220  221  221  220  217  218  219  220  219  223  226  228  232  232  231  229
  229  227  224  221  222  219  216  212  208  203  198  192  188  187  184  182
  186  184  182  178  177  173  167  161  156  153  149  146  143  141  139  138
  140  140  140  141  141  144  148  152  157  163  169  176  180  186  192  198
  200  204  207  210  209  214  217  219  220
    60.0-180.0 180.0   5.0 450.0                            LAT/LON1/LON2/DLON/H
  226  228  230  230  222  221  221  221  221  225  229  233  239  238  237  235
  239  236  233  230  231  229  226  223  220  214  209  204  197  195  193  192
  193  190  186  182  177  171  164  158  149  145  141  137  132  128  125  122
  123  122  121  120  127  131  136  141  149  157  165  172  178  184  191  198
  199  204  209  213  213  220  226  231  226
    57.5-180.0 180.0   5.0 450.0                            LAT/LON1/LON2/DLON/H
  230  233  234  235  228  226  224  223  224  227  230  233  239  240  240  239
  242  239  237  235  237  236  234  232  228  224  220  216  212  209  207  203
  205  199  192  184  179  173  166  160  149  145  140  137  129  125  121  118
  117  116  116  116  123  128  133  139  149  157  165  173  179  185  192  199
  200  206  210  214  214  222  229  234  230
    55.0-180.0 180.0   5.0 450.0                            LAT/LON1/LON2/DLON/H
  236  239  241  242  238  235  232  230  229  231  232  234  239  241  242  241
  244  243  241  240  243  242  241  240  237  235  233  231  228  225  221  216
  216  207  198  187  183  176  170  164  152  147  143  139  128  124  120  117
  114  113  113  115  122  127  133  140  151  159  167  176  182  189  195  202
  204  210  214  217  217  225  232  237  236
    52.5-180.0 180.0   5.0 450.0                            LAT/LON1/LON2/DLON/H
  244  247  249  250  251  247  243  239  235  235  236  236  239  241  242  242
  247  246  245  245  248  248  248  248  247  247  247  245  242  239  235  229
  225  214  202  189  186  180  174  168  154  149  145  141  129  124  121  118
  113  113  114  116  124  129  136  143  154  163  172  181  187  194  200  207
  210  215  219  223  223  231  237  242  244
    50.0-180.0 180.0   5.0 450.0                            LAT/LON1/LON2/DLON/H
  252  258  264  269  266  264  261  258  253  249  245  241  244  243  242  241
  248  248  248  248  257  258  260  262  259  261  262  263  254  253  250  246
  234  224  212  200  187  182  177  171  161  157  152  148  139  134  129  126
  120  118  118  119  125  129  135  143  151  161  172  184  198  206  214  221
  226  231  235  238  231  238  245  251  252
    47.5-180.0 180.0   5.0 450.0                            LAT/LON1/LON2/DLON/H
  264  270  277  283  284  282  280  278  273  266  259  253  253  251  248  246
  252  251  251  251  259  261  264  267  266  268  270  270  265  262  256  248
  237  226  214  201  191  186  180  174  165  161  156  151  142  137  133  130
  125  123  123  123  129  133  139  147  159  169  180  192  208  216  224  232
  237  242  246  249  244  251  257  263  264
    45.0-180.0 180.0   5.0 450.0                            LAT/LON1/LON2/DLON/H
  275  282  289  296  302  301  300  298  295  286  277  268  264  260  257  253
  257  256  256  256  262  266  270  274  275  277  279  279  274  268  259  249
  237  227  215  203  196  191  185  179  172  167  161  156  149  145  141  139
  132  130  130  130  132  136  142  150  164  174  185  197  216  225  234  243
  249  254  259  263  259  266  272  276  275
    42.5-180.0 180.0   5.0 450.0                            LAT/LON1/LON2/DLON/H
  283  290  298  305  317  318  318  317  315  306  296  286  276  272  268  264
  263  263  263  264  268  273  278  283  284  286  287  287  279  271  261  249
  236  227  217  206  201  197  191  185  178  173  168  162  158  154  152  150
  141  139  139  139  135  139  145  153  167  177  189  201  223  233  243  253
  261  268  273  278  274  281  286  290  283
    40.0-180.0 180.0   5.0 450.0                            LAT/LON1/LON2/DLON/H
  299  307  315  323  331  338  343  346  343  334  325  316  302  295  287  279
  271  270  269  268  278  284  289  294  298  299  299  297  290  279  267  254
  246  237  228  220  213  208  202  196  193  188  182  178  174  171  168  166
  158  154  149  145  141  143  145  148  161  179  199  219  231  245  260  275
  271  280  287  294  289  296  302  307  299
    37.5-180.0 180.0   5.0 450.0                            LAT/LON1/LON2/DLON/H
  316  321  327  334  346  352  358  364  364  358  351  344  329  320  310  300
  291  289  287  285  295  300  305  310  312  312  310  308  295  285  273  262
  254  247  240  233  228  223  218  211  211  205  200  196  192  188  184  180
  172  166  160  154  147  148  151  153  164  182  202  223  237  252  267  282
  282  291  299  306  304  313  319  323  316
    35.0-180.0 180.0   5.0 450.0                            LAT/LON1/LON2/DLON/H
  332  337  342  348  359  366  373  381  382  379  375  371  356  347  337  326
  312  310  307  304  312  317  322  326  327  326  324  322  302  293  284  275
  265  261  256  251  246  242  237  230  232  227  222  217  213  207  202  196
  185  178  170  161  153  154  155  157  166  183  202  223  240  256  272  286
  290  301  310  316  318  327  333  336  332
    32.5-180.0 180.0   5.0 450.0                            LAT/LON1/LON2/DLON/H
  351  356  361  366  373  381  390  398  399  400  399  398  385  377  367  356
  336  334  331  328  332  336  341  344  342  340  339  336  310  304  298  292
  276  275  274  271  263  260  256  250  254  250  245  240  231  225  218  210
  196  187  178  167  157  157  158  159  166  182  201  220  243  260  276  291
  298  311  321  328  333  342  347  350  351
    30.0-180.0 180.0   5.0 450.0                            LAT/LON1/LON2/DLON/H
  371  380  387  395  392  401  411  420  418  426  432  435  418  410  400  389
  369  364  357  350  353  359  365  368  364  360  355  350  333  322  311  301
  295  290  286  281  283  280  277  273  270  266  262  257  241  233  225  215
  200  192  183  173  168  166  164  162  171  183  196  209  249  262  274  286
  306  317  326  334  344  355  363  370  371
    27.5-180.0 180.0   5.0 450.0                            LAT/LON1/LON2/DLON/H
  389  400  409  416  416  426  436  445  448  456  463  468  455  447  436  424
  404  395  386  376  377  379  382  384  382  378  372  367  349  338  326  316
  311  305  298  291  295  292  289  286  284  280  276  271  254  245  234  222
  204  195  185  174  169  166  164  161  169  180  193  206  246  261  275  289
  304  317  329  338  342  360  375  385  389
    25.0-180.0 180.0   5.0 450.0                            LAT/LON1/LON2/DLON/H
  407  421  433  441  445  455  465  474  482  489  496  501  494  485  474  462
  442  430  417  405  401  401  401  401  398  393  388  382  357  346  335  324
  317  309  300  291  294  292  289  287  286  282  278  273  258  247  234  221
  203  193  183  172  167  163  159  156  162  172  185  198  236  254  271  287
  299  315  329  341  340  363  383  399  407
    22.5-180.0 180.0   5.0 450.0                            LAT/LON1/LON2/DLON/H
  423  440  453  464  474  484  493  502  516  522  528  532  531  522  511  498
  478  465  450  435  426  423  421  419  408  403  398  392  357  347  337  327
  313  303  293  283  284  282  280  278  278  274  270  265  252  240  226  212
  198  188  177  165  162  157  153  149  151  162  174  188  221  242  262  280
  293  311  327  341  340  366  389  407  423
    20.0-180.0 180.0   5.0 450.0                            LAT/LON1/LON2/DLON/H
  430  448  463  475  486  500  512  522  535  545  554  560  563  556  547  538
  512  496  478  459  456  448  439  430  424  411  398  386  361  345  331  318
  303  290  278  267  261  258  256  255  252  252  252  252  233  224  214  204
  178  170  161  152  139  137  134  132  126  137  151  166  203  231  259  288
  300  314  327  339  349  371  392  412  430
    17.5-180.0 180.0   5.0 450.0                            LAT/LON1/LON2/DLON/H
  436  455  471  486  498  513  527  537  554  566  576  584  589  586  580  572
  551  533  512  490  480  465  451  439  425  407  390  374  350  331  313  297
  282  267  254  244  233  229  227  227  224  224  224  225  211  203  194  186
  164  156  148  140  131  128  125  123  118  129  142  158  197  226  255  285
  304  319  333  346  359  380  401  420  436
    15.0-180.0 180.0   5.0 450.0                            LAT/LON1/LON2/DLON/H
  438  457  474  490  502  517  531  543  565  578  588  597  607  609  607  601
  585  565  543  519  504  484  465  448  424  402  381  362  338  314  293  275
  263  247  234  223  213  208  206  206  201  200  200  201  190  183  176  171
  150  142  134  127  125  120  116  114  111  121  135  150  188  218  250  282
  308  325  340  354  370  390  409  426  438
    12.5-180.0 180.0   5.0 450.0                            LAT/LON1/LON2/DLON/H
  441  459  477  493  501  516  530  541  565  578  589  598  616  621  623  620
  609  590  568  544  524  501  479  458  419  395  372  350  324  298  274  254
  248  232  219  210  202  197  195  196  187  185  184  185  172  166  161  158
  139  131  123  116  120  114  110  106  104  114  127  142  176  208  242  276
  310  329  347  363  382  400  417  431  441
    10.0-180.0 180.0   5.0 450.0                            LAT/LON1/LON2/DLON/H
  468  479  489  497  514  526  537  546  562  577  591  602  619  630  637  640
  629  613  591  567  535  509  482  455  421  391  360  330  304  285  269  256
  252  237  225  217  205  199  195  194  183  178  175  173  170  163  157  151
  136  128  120  112  107  103  101  101   99  105  115  126  163  201  241  282
  301  326  350  372  387  405  423  441  468
     7.5-180.0 180.0   5.0 450.0                            LAT/LON1/LON2/DLON/H
  480  490  499  507  513  521  530  538  553  565  577  588  613  626  636  641
  638  625  605  582  548  522  494  465  428  395  363  332  305  288  273  263
  254  243  235  231  221  216  212  210  199  192  186  180  176  167  157  149
  135  125  116  107  101   97   95   95   90   97  106  118  156  194  235  276
  304  331  356  379  404  424  443  459  480
     5.0-180.0 180.0   5.0 450.0                            LAT/LON1/LON2/DLON/H
  498  508  516  523  520  525  531  536  546  555  565  574  600  614  625  632
  631  620  604  583  553  528  501  473  435  403  370  340  315  300  288  280
  270  264  261  261  249  245  241  238  222  212  201  191  183  171  159  148
  133  122  112  102   95   91   90   90   82   88   98  110  148  186  227  269
  303  334  361  385  421  443  462  477  498
     2.5-180.0 180.0   5.0 450.0                            LAT/LON1/LON2/DLON/H
  519  530  539  545  536  540  542  544  544  551  558  565  584  596  607  615
  612  603  590  574  548  525  501  476  442  411  381  353  331  319  311  305
  294  294  295  298  281  277  273  269  244  231  217  203  189  175  161  147
  131  119  108   98   90   87   86   87   75   81   90  102  138  177  218  261
  297  331  362  389  434  458  478  493  519
