o1pg2080-20230728.23i
     1.0            IONOSPHERE MAPS     GNSS                IONEX VERSION / TYPE
IONINX V4.3         AIUB                01-Aug-23 09::1     PGM / RUN BY / DATE 
406 1-DAY PREDICTED IONOSPHERE MAPS FOR DAY 208, 2023       COMMENT             
We use the deep learning algorithm, based on the global     DESCRIPTION         
ionospheric map provided by CODE and the final global       DESCRIPTION         
ionospheric map combined by IGS, and use our proposed       DESCRIPTION         
spatiotemporal network model to predict the global          DESCRIPTION         
ionospheric map of the next day.                            DESCRIPTION         
Contact address: wanghongyue@stu.cdut.edu.cn                DESCRIPTION         
  2023    07    27     0     0     0                        EPOCH OF FIRST MAP  
  2023    07    27    22     0     0                        EPOCH OF LAST MAP   
  7200                                                      INTERVAL            
    12                                                      # OF MAPS IN FILE   
  NONE                                                      MAPPING FUNCTION    
     0.0                                                    ELEVATION CUTOFF    
TEC prediction calculated as a spatiotemporal network model OBSERVABLES USED    
  6371.0                                                    BASE RADIUS         
     2                                                      MAP DIMENSION       
   450.0 450.0   0.0                                        HGT1 / HGT2 / DHGT  
    87.5 -87.5  -2.5                                        LAT1 / LAT2 / DLAT  
  -180.0 180.0   5.0                                        LON1 / LON2 / DLON  
    -1                                                      EXPONENT            
TEC values in 0.1 tec units;  9999, if no value available   COMMENT             
                                                            END OF HEADER       
[from data line 4719]
    12                                                      START OF TEC MAP    
  2023    07    27    22     0     0                        EPOCH OF CURRENT MAP
    87.5-180.0 180.0   5.0 450.0                            LAT/LON1/LON2/DLON/H
  181  181  181  181  180  180  181  183  181  181  182  182  186  185  185  185
  188  188  187  187  189  188  187  186  185  184  182  180  180  178  177  175
  174  173  172  171  172  172  172  171  174  175  175  175  177  178  178  178
  178  178  178  178  177  176  176  176  171  171  171  171  170  170  171  172
  168  169  170  170  167  168  169  169  181
    85.0-180.0 180.0   5.0 450.0                            LAT/LON1/LON2/DLON/H
  183  183  184  184  183  185  187  188  187  188  189  190  193  193  192  192
  195  195  195  194  195  194  192  191  190  188  185  182  180  178  176  173
  170  169  167  166  166  165  165  165  166  167  167  167  170  170  171  172
  172  173  173  174  173  173  172  172  169  168  168  168  168  168  169  169
  167  168  169  168  167  168  168  168  183
    82.5-180.0 180.0   5.0 450.0                            LAT/LON1/LON2/DLON/H
  183  184  185  187  186  188  190  192  191  193  195  196  198  199  199  198
  201  201  201  200  200  199  197  195  193  190  187  183  180  177  174  171
  167  165  164  162  160  160  160  159  160  160  161  162  163  164  165  167
  167  168  169  170  170  170  170  171  167  167  167  167  167  167  168  168
  167  167  167  167  166  166  166  166  183
    80.0-180.0 180.0   5.0 450.0                            LAT/LON1/LON2/DLON/H
  182  182  182  182  186  189  193  196  197  200  203  206  205  206  206  206
  209  209  209  209  210  207  204  202  198  194  190  186  182  179  175  173
  170  168  167  166  163  164  165  166  161  163  164  166  163  166  169  170
  172  174  176  177  177  177  177  177  175  175  175  175  173  174  175  175
  176  175  174  173  169  170  170  171  182
    77.5-180.0 180.0   5.0 450.0                            LAT/LON1/LON2/DLON/H
  183  183  183  184  187  191  194  198  198  202  206  208  208  210  210  210
  213  213  213  212  212  209  206  203  198  194  190  185  181  178  175  172
  170  169  168  167  165  165  166  165  162  163  164  165  164  167  169  171
  171  174  176  178  177  178  178  179  179  179  180  180  178  179  180  181
  180  179  178  177  171  171  172  172  183
    75.0-180.0 180.0   5.0 450.0                            LAT/LON1/LON2/DLON/H
  188  188  188  189  190  194  198  201  201  206  209  212  213  215  215  214
  218  218  217  215  215  212  209  205  200  196  191  186  182  179  177  174
  173  172  171  170  169  169  168  167  165  165  166  166  166  168  169  171
  172  174  176  178  177  178  180  181  183  184  185  186  185  185  186  186
  186  185  184  182  175  176  176  176  188
    72.5-180.0 180.0   5.0 450.0                            LAT/LON1/LON2/DLON/H
  195  195  195  195  196  199  202  205  206  210  213  215  217  218  218  216
  220  220  218  216  216  213  209  205  201  196  191  186  184  181  179  176
  177  176  175  174  174  173  172  170  168  168  167  167  167  169  170  171
  171  173  175  178  176  177  179  181  185  187  188  190  189  190  190  190
  192  191  189  188  182  182  183  183  195
    70.0-180.0 180.0   5.0 450.0                            LAT/LON1/LON2/DLON/H
  205  205  204  203  202  205  208  211  209  214  218  221  221  222  222  221
  223  221  218  214  214  211  207  203  198  194  190  185  179  177  176  175
  175  176  177  177  176  175  174  172  167  166  164  162  162  162  162  162
  165  167  169  171  170  173  177  180  182  185  188  191  193  194  195  196
  198  199  198  197  193  195  195  195  205
    67.5-180.0 180.0   5.0 450.0                            LAT/LON1/LON2/DLON/H
  215  216  215  214  211  214  216  218  216  221  225  227  226  227  227  225
  225  223  220  216  216  214  210  206  201  196  192  186  180  179  177  176
  179  180  179  178  178  176  173  169  164  162  160  157  156  156  155  155
  159  160  162  164  164  167  170  174  179  182  186  190  195  197  199  201
  203  205  205  205  202  204  205  206  215
    65.0-180.0 180.0   5.0 450.0                            LAT/LON1/LON2/DLON/H
  224  225  224  223  220  221  223  224  222  227  230  232  232  233  232  229
  228  226  223  219  220  217  213  209  205  200  195  190  184  183  182  179
  184  183  182  179  179  176  172  166  160  158  155  152  150  149  149  149
  152  153  154  156  156  159  163  167  172  177  182  187  192  196  200  204
  205  208  209  211  208  211  213  214  224
    62.5-180.0 180.0   5.0 450.0                            LAT/LON1/LON2/DLON/H
  231  231  231  230  226  227  227  228  227  230  233  234  238  237  235  232
  232  229  226  222  224  221  217  214  211  206  200  195  191  189  187  185
  189  187  184  180  180  175  169  163  157  153  150  147  145  143  142  142
  145  145  147  148  147  151  156  161  165  171  178  184  188  194  199  204
  205  209  212  214  213  217  220  221  231
    60.0-180.0 180.0   5.0 450.0                            LAT/LON1/LON2/DLON/H
  236  239  240  240  231  230  230  230  231  234  237  240  246  244  241  238
  243  239  235  232  234  231  229  226  225  219  213  208  204  202  199  197
  199  195  190  186  180  174  167  161  149  146  143  140  133  131  129  127
  128  128  128  129  134  139  145  151  158  166  174  182  187  193  199  205
  205  210  214  217  217  224  230  234  236
    57.5-180.0 180.0   5.0 450.0                            LAT/LON1/LON2/DLON/H
  241  244  245  245  238  236  234  233  235  236  238  240  247  247  245  243
  246  243  240  238  241  240  238  237  234  231  227  223  220  217  214  210
  210  204  197  189  182  176  169  163  150  146  143  140  131  128  125  124
  123  123  124  126  132  137  143  150  159  167  175  183  188  194  200  206
  207  212  216  219  219  226  232  236  241
    55.0-180.0 180.0   5.0 450.0                            LAT/LON1/LON2/DLON/H
  248  251  252  253  250  246  243  240  241  241  242  242  248  248  248  246
  249  248  246  245  249  248  248  247  245  244  242  239  237  234  230  224
  222  214  203  192  186  180  174  168  153  149  146  142  131  128  125  124
  121  121  123  125  132  138  144  151  161  169  178  187  192  198  204  209
  211  216  220  223  222  229  235  240  248
    52.5-180.0 180.0   5.0 450.0                            LAT/LON1/LON2/DLON/H
  256  260  261  262  264  259  255  250  247  247  246  245  248  249  249  248
  253  252  252  251  256  257  257  258  257  258  257  256  253  250  245  238
  232  221  209  195  191  184  178  173  157  152  148  145  132  129  127  125
  121  122  124  127  134  141  148  155  164  173  182  191  196  202  208  213
  216  221  225  228  228  235  241  245  256
    50.0-180.0 180.0   5.0 450.0                            LAT/LON1/LON2/DLON/H
  265  271  277  281  279  278  276  273  266  262  257  254  254  252  250  248
  253  252  252  252  263  265  268  270  268  271  273  274  266  265  261  256
  243  232  220  207  192  187  181  175  165  162  157  154  144  140  136  133
  128  127  128  129  134  140  146  154  162  172  183  193  206  213  220  226
  231  235  238  242  235  242  248  253  265
    47.5-180.0 180.0   5.0 450.0                            LAT/LON1/LON2/DLON/H
  276  283  289  295  298  297  295  293  287  280  273  265  263  260  256  253
  257  256  256  256  265  268  271  274  275  278  280  281  277  273  266  258
  246  235  222  208  198  192  186  179  171  167  162  157  148  144  141  138
  133  132  133  134  138  143  150  158  169  179  189  200  215  222  229  236
  241  245  249  252  248  254  260  265  276
    45.0-180.0 180.0   5.0 450.0                            LAT/LON1/LON2/DLON/H
  287  294  301  308  315  316  316  315  309  301  292  282  274  270  266  261
  262  261  261  261  269  272  277  281  284  287  289  289  286  280  270  259
  247  236  224  210  203  198  192  185  178  174  169  163  156  152  149  147
  140  139  139  141  141  146  153  161  174  184  194  205  222  230  238  246
  252  257  262  265  262  268  274  278  287
    42.5-180.0 180.0   5.0 450.0                            LAT/LON1/LON2/DLON/H
  294  302  310  317  330  333  334  334  330  322  312  302  288  284  279  274
  270  269  269  270  275  280  285  291  294  296  298  298  291  283  271  258
  245  236  224  213  207  203  198  191  185  180  175  170  165  162  160  158
  149  148  148  149  144  149  156  164  176  186  197  209  228  238  247  256
  264  270  276  280  278  284  289  292  294
    40.0-180.0 180.0   5.0 450.0                            LAT/LON1/LON2/DLON/H
  310  318  326  335  344  351  358  362  360  351  342  333  316  308  298  289
  280  278  276  273  287  292  297  302  306  308  308  307  299  288  275  263
  255  246  236  227  222  216  210  204  202  196  190  186  180  177  175  172
  163  160  155  151  150  152  155  158  171  188  207  226  237  251  265  278
  275  283  289  296  291  298  303  308  310
    37.5-180.0 180.0   5.0 450.0                            LAT/LON1/LON2/DLON/H
  325  331  338  345  358  365  373  380  380  375  368  361  343  333  322  311
  300  297  294  290  304  309  314  318  320  320  320  318  305  294  282  270
  263  256  248  240  237  232  226  219  219  213  208  203  199  194  190  186
  176  171  165  159  155  156  159  162  174  191  210  229  244  258  272  285
  285  294  302  308  307  315  321  324  325
    35.0-180.0 180.0   5.0 450.0                            LAT/LON1/LON2/DLON/H
  341  346  351  357  369  378  386  395  398  396  393  389  371  361  350  338
  323  319  315  311  322  327  331  335  336  335  334  332  311  302  293  283
  272  268  263  257  253  249  244  237  239  234  229  224  218  213  207  200
  189  182  174  166  159  160  162  165  174  191  210  229  247  262  277  290
  293  304  313  319  321  329  335  338  341
    32.5-180.0 180.0   5.0 450.0                            LAT/LON1/LON2/DLON/H
  358  364  369  374  381  391  401  411  413  415  416  416  400  391  381  369
  347  344  340  336  342  347  351  354  352  351  350  347  320  314  307  300
  282  282  279  276  269  267  262  256  260  256  251  245  236  229  222  214
  198  190  180  170  162  163  164  166  174  190  208  226  249  265  281  294
  302  314  323  331  336  344  349  351  358
    30.0-180.0 180.0   5.0 450.0                            LAT/LON1/LON2/DLON/H
  375  384  392  399  398  408  419  429  430  440  448  453  435  426  415  403
  382  375  367  358  362  368  372  374  374  370  365  359  346  332  319  307
  302  295  289  282  288  285  282  278  275  272  268  263  246  238  230  220
  203  194  185  175  169  167  166  164  175  187  199  212  251  264  276  287
  308  319  328  335  347  357  365  371  375
    27.5-180.0 180.0   5.0 450.0                            LAT/LON1/LON2/DLON/H
  392  403  412  419  418  429  440  451  455  466  476  484  469  461  450  438
  417  407  397  385  386  388  390  392  393  388  382  375  360  347  333  320
  316  308  300  291  298  295  292  289  287  284  280  275  257  247  237  225
  205  196  186  176  169  166  164  161  172  183  195  208  248  262  276  290
  305  319  330  339  344  361  375  385  392
    25.0-180.0 180.0   5.0 450.0                            LAT/LON1/LON2/DLON/H
  408  422  433  441  443  454  465  476  484  495  505  514  505  498  488  476
  456  444  430  416  412  410  409  409  408  402  396  388  366  353  339  326
  318  309  299  290  294  292  290  287  286  283  279  275  258  248  236  223
  203  193  183  172  165  162  159  156  163  174  186  199  236  254  271  287
  299  315  329  340  340  363  382  397  408
    22.5-180.0 180.0   5.0 450.0                            LAT/LON1/LON2/DLON/H
  421  438  452  462  469  480  491  501  514  524  534  542  541  534  524  513
  495  481  466  449  437  433  430  427  418  412  405  397  362  350  338  326
  311  300  290  280  282  280  279  277  277  274  270  266  251  240  227  214
  197  187  177  166  160  156  151  148  152  162  174  187  221  241  261  279
  292  310  325  338  338  363  386  404  421
    20.0-180.0 180.0   5.0 450.0                            LAT/LON1/LON2/DLON/H
  424  442  457  470  481  495  507  517  532  544  554  562  572  567  559  551
  525  510  493  475  468  459  450  440  434  420  406  393  368  350  333  317
  298  285  272  260  251  248  246  246  246  247  247  248  228  220  211  202
  177  170  162  153  140  137  134  132  127  137  150  165  203  230  257  285
  297  311  324  336  345  366  387  407  424
    17.5-180.0 180.0   5.0 450.0                            LAT/LON1/LON2/DLON/H
  428  447  464  479  491  506  519  531  548  562  574  583  593  593  590  583
  563  546  526  504  493  477  462  448  434  415  396  379  354  332  312  293
  274  259  245  234  221  218  216  217  217  217  218  219  206  198  191  184
  164  156  148  140  131  128  125  123  118  128  141  156  195  223  252  282
  299  313  327  340  352  373  394  412  428
    15.0-180.0 180.0   5.0 450.0                            LAT/LON1/LON2/DLON/H
  428  447  465  482  492  508  523  535  556  571  584  594  605  610  611  607
  593  575  554  531  516  495  474  455  432  409  386  364  337  311  288  267
  252  236  222  212  199  196  194  196  193  193  194  196  185  179  173  168
  150  142  134  127  124  119  115  113  110  120  132  147  185  215  245  277
  300  317  332  345  361  382  400  417  428
    12.5-180.0 180.0   5.0 450.0                            LAT/LON1/LON2/DLON/H
  428  447  465  482  490  506  521  533  555  570  583  593  609  618  622  622
  614  596  575  553  533  509  485  462  424  398  373  349  318  290  264  241
  234  218  205  195  188  184  183  185  179  178  179  181  168  163  159  156
  139  131  123  116  119  113  108  104  103  112  124  138  173  204  237  270
  300  319  336  351  371  390  407  421  428
    10.0-180.0 180.0   5.0 450.0                            LAT/LON1/LON2/DLON/H
  455  466  476  484  502  515  527  537  556  571  585  595  612  624  632  636
  627  612  593  571  542  516  488  461  426  393  360  327  293  271  252  236
  232  218  207  201  191  186  184  184  176  172  170  168  166  160  153  147
  133  125  116  109  103   99   97   96   95  101  111  122  158  195  233  272
  291  315  339  360  374  394  413  433  455
     7.5-180.0 180.0   5.0 450.0                            LAT/LON1/LON2/DLON/H
  465  476  485  493  501  511  520  529  546  558  570  581  603  617  627  633
  630  619  602  580  550  524  496  467  430  394  359  325  291  270  253  240
  233  223  216  214  207  204  202  202  193  187  181  176  173  164  155  146
  131  122  112  103   97   94   92   91   87   93  102  114  152  188  227  267
  294  321  345  367  392  413  432  449  465
     5.0-180.0 180.0   5.0 450.0                            LAT/LON1/LON2/DLON/H
  481  492  501  508  507  514  521  528  538  547  557  566  589  602  613  620
  619  610  596  577  550  525  499  472  434  399  364  331  299  281  267  257
  250  244  243  245  236  233  232  231  215  207  198  189  180  169  157  146
  130  119  109   99   91   88   86   87   80   86   95  106  145  181  220  261
  295  325  352  375  411  433  452  468  481
     2.5-180.0 180.0   5.0 450.0                            LAT/LON1/LON2/DLON/H
  500  512  521  528  522  527  532  536  535  542  549  556  571  583  593  600
  597  591  580  565  541  519  496  472  437  404  372  341  314  300  290  283
  276  276  279  284  269  267  266  264  238  227  215  202  186  173  160  146
  128  117  106   96   87   84   83   84   73   79   88   99  136  172  212  253
  290  324  354  380  426  449  469  484  500
