o1pg2020-20230722.23i
     1.0            IONOSPHERE MAPS     GNSS                IONEX VERSION / TYPE
IONINX V4.3         AIUB                01-Aug-23 09:07     PGM / RUN BY / DATE 
406 1-DAY PREDICTED IONOSPHERE MAPS FOR DAY 202, 2023       COMMENT             
We use the deep learning algorithm, based on the global     DESCRIPTION         
ionospheric map provided by CODE and the final global       DESCRIPTION         
ionospheric map combined by IGS, and use our proposed       DESCRIPTION         
spatiotemporal network model to predict the global          DESCRIPTION         
ionospheric map of the next day.                            DESCRIPTION         
Contact address: wanghongyue@stu.cdut.edu.cn                DESCRIPTION         
  2023    07    21     0     0     0                        EPOCH OF FIRST MAP  
  2023    07    21    22     0     0                        EPOCH OF LAST MAP   
  7200                                                      INTERVAL            
    12                                                      # OF MAPS IN FILE   
  NONE                                                      MAPPING FUNCTION    
     0.0                                                    ELEVATION CUTOFF    
TEC prediction calculated as a spatiotemporal network model OBSERVABLES USED    
  6371.0                                                    BASE RADIUS         
     2                                                      MAP DIMENSION       
   450.0 450.0   0.0                                        HGT1 / HGT2 / DHGT  
    87.5 -87.5  -2.5                                        LAT1 / LAT2 / DLAT  
  -180.0 180.0   5.0                                        LON1 / LON2 / DLON  
    -1                                                      EXPONENT            
TEC values in 0.1 tec units;  9999, if no value available   COMMENT             
                                                            END OF HEADER       
[from data line 4719]
    12                                                      START OF TEC MAP    
  2023    07    21    22     0     0                        EPOCH OF CURRENT MAP
    87.5-180.0 180.0   5.0 450.0                            LAT/LON1/LON2/DLON/H
  195  195  195  195  195  196  197  198  196  196  196  196  199  198  198  197
  201  200  200  199  201  199  198  197  197  195  193  191  191  190  189  187
  185  185  184  183  183  183  183  182  184  185  185  185  186  186  186  187
  186  186  186  186  185  184  184  184  181  181  181  181  179  180  181  182
  178  179  180  180  177  178  178  179  195
    85.0-180.0 180.0   5.0 450.0                            LAT/LON1/LON2/DLON/H
  197  197  198  199  200  201  202  204  202  203  203  204  206  206  205  205
  208  207  207  206  207  205  204  202  201  199  196  193  191  189  187  184
  182  181  180  178  178  177  177  176  177  177  178  178  180  180  181  182
  181  182  182  182  182  182  181  181  179  179  179  179  178  179  179  180
  178  178  179  178  177  177  178  178  197
    82.5-180.0 180.0   5.0 450.0                            LAT/LON1/LON2/DLON/H
  197  198  200  202  202  204  206  208  206  208  209  210  212  212  212  211
  214  213  212  211  212  210  208  206  204  201  198  194  190  188  185  182
  179  177  176  174  173  172  172  172  172  172  173  174  174  175  176  178
  178  178  179  180  180  180  180  180  178  178  178  179  178  178  178  179
  177  178  177  177  176  176  176  175  197
    80.0-180.0 180.0   5.0 450.0                            LAT/LON1/LON2/DLON/H
  194  194  195  196  201  204  207  211  211  214  217  219  217  218  218  218
  220  220  220  219  221  218  215  212  209  205  201  197  192  190  187  184
  180  180  179  179  174  175  176  177  171  173  175  177  173  176  178  180
  180  183  185  186  185  186  186  186  184  184  184  184  183  184  184  185
  186  185  184  183  179  180  180  181  194
    77.5-180.0 180.0   5.0 450.0                            LAT/LON1/LON2/DLON/H
  194  195  196  197  200  204  208  211  211  216  219  221  221  222  223  222
  224  225  224  223  223  220  217  214  210  206  201  196  192  189  186  183
  181  180  179  179  175  176  176  177  172  173  174  175  173  176  178  180
  180  182  184  186  185  186  187  188  187  188  189  189  188  189  190  190
  190  189  188  186  181  181  182  182  194
    75.0-180.0 180.0   5.0 450.0                            LAT/LON1/LON2/DLON/H
  198  199  200  201  202  206  210  213  214  219  222  224  227  228  228  226
  229  230  229  227  227  224  221  216  212  208  203  197  194  191  188  185
  184  183  182  182  179  179  179  178  175  175  176  176  175  177  178  180
  180  182  184  186  185  186  188  189  191  193  194  195  194  195  195  195
  196  195  193  192  185  185  186  186  198
    72.5-180.0 180.0   5.0 450.0                            LAT/LON1/LON2/DLON/H
  204  204  205  206  206  210  213  216  218  222  225  227  231  231  230  228
  233  232  231  228  229  226  222  217  215  210  204  198  197  194  191  188
  188  188  187  186  185  184  183  182  178  178  177  177  176  177  178  180
  180  182  184  186  184  185  187  189  193  195  197  198  198  199  199  199
  202  200  199  197  191  191  191  191  204
    70.0-180.0 180.0   5.0 450.0                            LAT/LON1/LON2/DLON/H
  213  213  213  212  210  214  218  222  221  226  231  235  235  236  236  235
  236  235  231  227  229  226  222  217  215  210  205  200  194  192  190  188
  186  188  188  188  186  185  184  181  177  175  173  171  171  171  171  170
  174  176  177  179  178  182  185  189  189  193  196  199  202  202  203  204
  207  207  206  204  199  201  201  200  213
    67.5-180.0 180.0   5.0 450.0                            LAT/LON1/LON2/DLON/H
  223  224  224  223  219  223  225  228  227  233  237  240  239  241  241  239
  239  238  235  231  232  229  225  220  218  213  207  201  194  193  191  189
  190  190  190  188  187  186  182  178  174  172  169  166  166  165  164  163
  168  169  170  171  172  175  178  182  186  190  194  197  203  205  207  209
  211  212  213  212  208  210  211  211  223
    65.0-180.0 180.0   5.0 450.0                            LAT/LON1/LON2/DLON/H
  233  234  233  232  229  231  233  234  234  239  243  245  245  246  246  244
  243  241  238  235  236  234  229  225  222  216  210  204  198  196  194  191
  194  194  192  189  189  185  181  175  171  167  164  160  161  159  158  157
  161  161  162  163  163  167  170  174  179  184  189  194  200  204  208  211
  213  215  217  217  214  217  219  219  233
    62.5-180.0 180.0   5.0 450.0                            LAT/LON1/LON2/DLON/H
  241  241  240  239  236  237  238  238  238  242  245  247  250  251  250  247
  247  245  242  238  241  238  234  229  226  221  214  207  203  201  199  195
  199  197  194  189  190  184  178  172  167  163  159  156  155  153  151  150
  154  154  154  155  155  158  163  167  172  178  184  191  196  201  207  212
  213  217  219  221  220  223  225  226  241
    60.0-180.0 180.0   5.0 450.0                            LAT/LON1/LON2/DLON/H
  247  250  252  252  244  244  244  245  244  247  250  254  260  258  255  253
  260  256  252  249  252  248  245  241  240  232  225  218  213  209  206  204
  204  201  197  194  186  181  176  172  159  156  153  150  142  139  137  135
  136  136  136  137  141  146  152  158  165  173  181  189  195  201  207  213
  214  219  223  226  225  232  237  240  247
    57.5-180.0 180.0   5.0 450.0                            LAT/LON1/LON2/DLON/H
  251  255  257  258  252  250  248  247  247  249  251  253  259  259  258  256
  261  258  255  253  258  256  253  251  248  243  238  232  228  224  220  216
  216  210  204  196  189  183  178  173  160  156  153  150  139  136  133  131
  130  130  131  133  138  143  149  156  164  172  181  189  196  202  207  213
  216  221  224  227  227  234  239  243  251
    55.0-180.0 180.0   5.0 450.0                            LAT/LON1/LON2/DLON/H
  258  262  264  265  263  260  256  253  252  252  253  254  259  260  260  259
  263  261  260  259  264  263  261  260  258  255  252  249  245  241  237  231
  228  220  210  199  193  187  182  177  163  159  155  151  139  135  132  130
  127  127  129  131  137  143  149  156  166  174  183  191  198  204  210  215
  220  224  228  230  230  237  243  247  258
    52.5-180.0 180.0   5.0 450.0                            LAT/LON1/LON2/DLON/H
  265  269  271  272  277  272  267  262  258  258  257  256  258  260  261  260
  265  265  264  264  270  270  270  269  268  268  267  265  261  258  252  245
  239  228  215  202  197  191  186  181  165  160  156  153  139  135  132  129
  125  126  128  132  138  145  152  160  168  177  186  195  202  208  214  219
  224  229  233  235  237  243  249  253  265
    50.0-180.0 180.0   5.0 450.0                            LAT/LON1/LON2/DLON/H
  272  279  285  289  290  288  285  283  276  272  268  264  263  262  260  258
  262  262  263  264  275  277  280  282  279  281  283  283  273  272  268  263
  250  240  228  215  199  194  188  182  171  166  162  157  148  143  138  134
  129  128  128  130  136  142  149  157  166  177  188  199  212  219  225  232
  237  241  244  247  242  248  254  260  272
    47.5-180.0 180.0   5.0 450.0                            LAT/LON1/LON2/DLON/H
  282  289  295  301  306  305  303  301  296  290  282  275  272  269  265  261
  265  265  265  265  274  278  281  285  285  288  289  290  285  281  275  266
  256  245  232  218  205  200  193  186  176  171  166  160  150  145  141  138
  132  131  131  133  139  144  152  160  173  183  194  205  220  227  234  240
  246  249  253  256  252  259  265  270  282
    45.0-180.0 180.0   5.0 450.0                            LAT/LON1/LON2/DLON/H
  291  298  304  312  320  321  321  320  317  309  299  290  283  278  273  268
  269  268  268  268  276  281  285  290  293  296  297  298  294  288  279  268
  258  247  234  220  211  205  198  191  182  177  171  165  156  152  148  146
  137  136  137  139  140  146  153  162  176  187  198  209  227  234  242  249
  256  260  264  267  265  271  276  281  291
    42.5-180.0 180.0   5.0 450.0                            LAT/LON1/LON2/DLON/H
  296  303  311  318  331  335  337  337  336  328  318  308  295  290  284  278
  275  275  275  275  281  286  292  298  300  303  305  305  298  290  280  267
  256  246  235  223  214  209  203  196  187  182  176  170  163  160  157  156
  145  144  144  146  141  147  155  164  178  188  200  212  232  241  250  258
  266  272  277  280  279  285  290  293  296
    40.0-180.0 180.0   5.0 450.0                            LAT/LON1/LON2/DLON/H
  311  318  326  334  344  351  357  362  362  354  346  337  316  309  300  290
  282  280  279  278  289  295  301  307  311  312  312  311  304  294  282  270
  264  254  244  235  226  218  210  203  200  193  187  182  177  174  170  167
  159  155  151  146  145  148  152  156  170  188  208  228  240  253  266  279
  275  282  288  294  288  295  301  306  311
    37.5-180.0 180.0   5.0 450.0                            LAT/LON1/LON2/DLON/H
  327  332  338  344  357  364  371  378  381  376  370  363  342  333  322  311
  300  298  295  293  304  310  315  321  321  321  321  320  305  296  286  276
  269  261  254  245  238  231  224  216  215  208  202  196  193  188  184  179
  170  165  159  153  149  152  156  160  173  191  211  231  247  260  273  285
  285  293  300  306  303  311  317  321  327
    35.0-180.0 180.0   5.0 450.0                            LAT/LON1/LON2/DLON/H
  344  349  353  358  369  377  385  393  398  396  393  390  369  359  348  337
  321  318  315  311  320  325  331  335  333  333  332  331  308  301  294  286
  276  272  267  261  252  246  240  231  233  227  221  215  210  205  199  193
  181  175  167  160  153  155  159  163  173  191  211  231  249  264  278  290
  293  303  311  317  316  325  331  334  344
    32.5-180.0 180.0   5.0 450.0                            LAT/LON1/LON2/DLON/H
  364  369  373  377  383  392  401  410  413  415  416  415  397  388  378  366
  344  341  338  334  339  344  349  353  346  346  345  344  314  310  306  301
  284  284  281  278  267  262  256  248  251  246  241  235  226  220  213  205
  189  182  173  164  155  157  160  164  171  189  208  228  250  267  281  294
  301  313  322  328  332  340  345  347  364
    30.0-180.0 180.0   5.0 450.0                            LAT/LON1/LON2/DLON/H
  380  389  396  404  404  413  422  430  431  439  445  449  431  422  411  398
  379  372  363  354  358  364  369  371  367  364  360  356  336  325  315  305
  300  293  286  278  282  277  272  267  262  258  253  248  232  224  216  207
  192  185  177  168  162  162  163  163  175  188  201  215  253  264  275  284
  306  317  327  334  343  352  359  364  380
    27.5-180.0 180.0   5.0 450.0                            LAT/LON1/LON2/DLON/H
  399  411  420  427  430  438  447  456  460  469  476  482  467  457  446  433
  413  403  392  381  382  385  387  389  386  382  378  373  352  340  329  318
  311  302  293  284  289  285  280  275  273  268  264  259  240  231  222  212
  194  186  177  169  162  161  161  160  171  183  196  209  248  262  274  285
  304  318  329  338  341  358  371  380  399
    25.0-180.0 180.0   5.0 450.0                            LAT/LON1/LON2/DLON/H
  417  432  444  453  460  469  478  486  495  503  510  516  506  497  485  472
  452  440  426  412  408  407  407  407  403  398  394  388  359  348  336  325
  311  300  290  280  283  280  276  272  271  268  263  258  240  231  221  210
  191  184  175  166  159  157  156  155  162  173  186  199  237  253  268  282
  299  315  329  340  340  361  379  392  417
    22.5-180.0 180.0   5.0 450.0                            LAT/LON1/LON2/DLON/H
  433  451  466  477  490  500  509  516  531  538  544  549  546  537  525  512
  492  477  462  446  434  431  428  426  414  410  404  398  359  348  336  324
  302  290  279  268  269  266  264  261  262  258  254  250  234  224  214  203
  186  179  171  162  154  151  149  147  151  162  174  187  221  240  258  274
  292  310  326  338  339  363  384  401  433
    20.0-180.0 180.0   5.0 450.0                            LAT/LON1/LON2/DLON/H
  436  456  474  488  503  518  530  539  550  561  569  575  582  574  563  552
  526  509  490  469  463  454  444  434  431  416  401  387  359  340  322  305
  287  272  259  247  239  235  232  230  232  231  231  231  211  204  196  189
  168  162  155  148  137  135  133  132  122  133  147  162  200  226  254  281
  298  312  325  337  349  370  390  408  436
    17.5-180.0 180.0   5.0 450.0                            LAT/LON1/LON2/DLON/H
  439  460  479  496  513  529  543  555  571  584  594  601  609  606  598  587
  565  545  523  499  486  470  455  441  428  409  390  372  343  320  300  281
  261  245  232  221  210  206  203  204  204  203  204  205  190  184  178  172
  155  149  142  135  128  125  123  122  113  123  137  152  193  220  249  278
  300  315  329  341  356  376  396  414  439
    15.0-180.0 180.0   5.0 450.0                            LAT/LON1/LON2/DLON/H
  438  459  478  496  513  531  546  559  582  596  607  616  626  627  624  616
  597  576  552  526  508  486  465  446  422  398  376  354  323  298  275  254
  238  222  210  200  190  185  184  185  182  182  182  184  172  166  162  158
  143  136  129  122  121  117  113  112  105  115  128  143  183  212  243  273
  302  319  334  348  365  384  402  418  438
    12.5-180.0 180.0   5.0 450.0                            LAT/LON1/LON2/DLON/H
  436  457  476  494  508  526  542  556  581  595  607  616  633  638  638  633
  619  598  574  548  524  499  474  451  411  385  360  336  303  276  251  230
  221  206  194  186  180  176  176  177  170  169  169  171  158  154  150  149
  134  126  119  112  116  110  106  103   98  107  120  134  173  203  235  268
  303  322  339  355  374  392  408  422  436
    10.0-180.0 180.0   5.0 450.0                            LAT/LON1/LON2/DLON/H
  461  474  484  493  512  527  541  553  574  590  604  615  629  639  644  644
  627  610  587  562  529  502  473  444  409  376  344  312  279  259  243  229
  226  212  201  194  186  181  177  176  169  166  163  161  156  150  144  139
  128  120  113  106  102   99   98   98   94  102  112  126  159  197  237  277
  293  317  339  360  376  394  414  433  461
     7.5-180.0 180.0   5.0 450.0                            LAT/LON1/LON2/DLON/H
  470  481  490  498  505  516  527  538  558  571  584  596  617  629  636  640
  630  616  595  571  535  507  477  447  407  373  339  307  275  257  243  232
  228  218  211  208  202  197  194  192  185  179  173  168  162  153  145  137
  126  117  108   99   96   93   92   93   87   94  105  118  154  191  231  272
  299  324  347  369  394  413  432  448  470
     5.0-180.0 180.0   5.0 450.0                            LAT/LON1/LON2/DLON/H
  487  497  505  511  508  515  522  530  544  554  564  575  596  608  618  624
  618  605  588  567  534  507  478  449  409  374  341  310  282  267  255  248
  244  238  237  238  228  224  220  218  205  196  187  178  168  158  147  137
  125  114  104   94   90   88   87   88   80   87   97  110  147  185  225  267
  301  329  354  378  413  433  450  465  487
     2.5-180.0 180.0   5.0 450.0                            LAT/LON1/LON2/DLON/H
  509  519  526  532  521  525  529  533  535  542  550  557  572  583  592  599
  594  583  569  553  524  499  474  448  411  379  348  320  297  285  278  273
  268  268  270  274  257  253  249  246  225  213  201  189  173  161  149  136
  123  112  101   91   86   84   84   86   75   81   91  103  139  176  217  260
  296  328  357  383  427  448  465  479  509
