o1pg2090-20230729.23i
     1.0            IONOSPHERE MAPS     GNSS                IONEX VERSION / TYPE
IONINX V4.3         AIUB                01-Aug-23 09:21     PGM / RUN BY / DATE 
406 1-DAY PREDICTED IONOSPHERE MAPS FOR DAY 209, 2023       COMMENT             
We use the deep learning algorithm, based on the global     DESCRIPTION         
ionospheric map provided by CODE and the final global       DESCRIPTION         
ionospheric map combined by IGS, and use our proposed       DESCRIPTION         
spatiotemporal network model to predict the global          DESCRIPTION         
ionospheric map of the next day.                            DESCRIPTION         
Contact address: wanghongyue@stu.cdut.edu.cn                DESCRIPTION         
  2023    07    28     0     0     0                        EPOCH OF FIRST MAP  
  2023    07    28    22     0     0                        EPOCH OF LAST MAP   
  7200                                                      INTERVAL            
    12                                                      # OF MAPS IN FILE   
  NONE                                                      MAPPING FUNCTION    
     0.0                                                    ELEVATION CUTOFF    
TEC prediction calculated as a spatiotemporal network model OBSERVABLES USED    
  6371.0                                                    BASE RADIUS         
     2                                                      MAP DIMENSION       
   450.0 450.0   0.0                                        HGT1 / HGT2 / DHGT  
    87.5 -87.5  -2.5                                        LAT1 / LAT2 / DLAT  
  -180.0 180.0   5.0                                        LON1 / LON2 / DLON  
    -1                                                      EXPONENT            
TEC values in 0.1 tec units;  9999, if no value available   COMMENT             
                                                            END OF HEADER       
     1                                                      START OF TEC MAP    
  2023    07    28     0     0     0                        EPOCH OF CURRENT MAP
    87.5-180.0 180.0   5.0 450.0                            LAT/LON1/LON2/DLON/H
  186  186  186  187  182  182  182  183  182  181  181  181  183  182  182  181
  183  182  182  181  182  181  181  180  180  179  178  176  177  176  176  175
  173  173  173  172  171  171  171  172  172  172  173  173  173  174  174  175
  174  174  175  175  172  172  172  172  169  169  169  170  171  172  174  175
  178  180  182  183  186  188  189  189  186
    85.0-180.0 180.0   5.0 450.0                            LAT/LON1/LON2/DLON/H
  188  189  190  192  188  189  190  191  189  190  190  190  190  189  189  188
  189  188  188  187  187  186  185  183  182  180  178  176  174  173  171  170
  167  166  166  165  164  164  164  165  165  166  167  168  168  169  170  171
  170  170  171  171  169  169  169  169  167  167  167  168  171  172  172  173
  178  180  181  182  186  187  188  188  188
    82.5-180.0 180.0   5.0 450.0                            LAT/LON1/LON2/DLON/H
  189  191  193  196  193  195  196  198  196  196  197  197  196  196  195  194
  194  193  192  192  191  190  188  186  182  180  178  175  171  169  167  164
  162  161  160  159  158  158  158  159  160  161  162  164  164  165  166  168
  166  167  168  169  167  167  167  168  166  166  167  167  172  172  173  173
  178  180  180  180  184  185  185  185  189
    80.0-180.0 180.0   5.0 450.0                            LAT/LON1/LON2/DLON/H
  193  193  194  194  198  200  202  204  202  204  205  206  206  206  205  203
  206  205  203  202  201  198  195  192  187  183  179  176  172  169  166  163
  162  161  160  159  159  159  160  161  161  163  165  166  168  169  171  173
  174  175  176  176  177  176  176  176  178  178  177  177  180  180  180  180
  183  182  182  181  185  186  187  188  193
    77.5-180.0 180.0   5.0 450.0                            LAT/LON1/LON2/DLON/H
  193  193  194  195  198  201  204  206  204  207  208  208  209  209  208  205
  208  207  205  203  201  198  195  192  185  181  177  173  168  166  163  161
  159  159  158  158  158  159  160  161  162  164  166  168  169  172  174  176
  177  178  180  181  182  182  182  183  187  187  187  187  189  189  189  188
  189  187  185  184  184  184  185  185  193
    75.0-180.0 180.0   5.0 450.0                            LAT/LON1/LON2/DLON/H
  197  197  197  197  200  203  206  208  208  210  211  211  213  212  210  206
  210  208  206  202  201  198  195  191  184  180  176  172  166  164  162  160
  159  159  159  159  160  161  162  163  164  166  168  170  172  174  177  180
  181  182  184  186  188  188  189  190  196  196  196  196  200  199  198  197
  196  194  191  188  187  186  186  186  197
    72.5-180.0 180.0   5.0 450.0                            LAT/LON1/LON2/DLON/H
  200  200  200  200  203  205  207  209  211  213  213  213  215  212  209  205
  210  207  203  199  200  196  192  188  183  179  174  170  165  163  162  160
  160  160  161  162  162  163  164  165  166  168  170  172  174  176  179  182
  183  185  187  189  192  192  193  194  203  203  203  203  208  207  205  202
  204  201  197  193  193  192  191  189  200
    70.0-180.0 180.0   5.0 450.0                            LAT/LON1/LON2/DLON/H
  203  203  203  202  204  207  210  213  212  215  218  219  216  214  210  206
  206  203  199  195  194  192  189  186  180  177  173  169  166  165  165  164
  162  164  166  167  166  167  167  167  167  169  171  172  174  177  180  183
  183  187  191  195  191  195  199  202  200  203  205  206  205  205  204  203
  204  203  201  198  199  199  198  195  203
    67.5-180.0 180.0   5.0 450.0                            LAT/LON1/LON2/DLON/H
  211  211  210  209  208  211  213  215  214  218  220  221  217  215  211  206
  204  201  197  193  193  191  188  185  180  177  173  169  166  166  166  165
  165  167  168  168  166  167  166  165  163  165  166  167  169  172  175  177
  179  183  187  191  190  194  198  201  201  204  206  208  209  210  210  210
  210  210  209  207  209  210  209  206  211
    65.0-180.0 180.0   5.0 450.0                            LAT/LON1/LON2/DLON/H
  218  217  216  215  212  213  214  215  215  219  221  222  220  217  212  207
  204  200  196  192  193  191  188  185  182  178  174  170  169  168  168  167
  169  169  169  168  166  165  164  161  158  159  160  161  163  165  167  170
  174  177  181  184  186  190  195  199  199  203  206  209  209  211  213  214
  214  215  215  214  217  218  217  215  218
    62.5-180.0 180.0   5.0 450.0                            LAT/LON1/LON2/DLON/H
  224  222  221  219  215  215  214  214  216  219  220  220  222  218  213  208
  205  201  197  193  195  192  190  187  184  180  176  172  173  172  171  169
  172  171  170  168  164  162  159  157  152  153  153  154  156  157  160  162
  166  170  173  177  179  184  189  194  194  200  204  209  207  211  213  216
  216  218  219  219  224  225  225  224  224
    60.0-180.0 180.0   5.0 450.0                            LAT/LON1/LON2/DLON/H
  232  231  229  225  220  218  217  216  216  220  223  226  219  218  215  213
  203  200  197  195  193  191  190  188  186  181  177  173  176  174  173  172
  175  173  170  166  162  157  153  149  143  142  142  142  145  146  147  149
  156  161  166  172  174  181  189  197  192  199  205  210  212  217  221  224
  223  226  228  229  228  231  232  232  232
    57.5-180.0 180.0   5.0 450.0                            LAT/LON1/LON2/DLON/H
  240  239  236  233  227  223  219  216  217  219  221  222  221  220  219  217
  210  208  205  203  201  200  198  197  192  189  185  182  185  183  181  178
  182  177  172  166  161  156  153  150  142  141  141  141  141  141  142  144
  151  156  162  168  172  180  189  197  196  202  208  214  216  220  223  226
  225  228  230  231  230  234  236  236  240
    55.0-180.0 180.0   5.0 450.0                            LAT/LON1/LON2/DLON/H
  251  250  248  245  238  232  226  221  219  220  220  219  221  222  222  221
  217  216  214  213  211  209  208  206  201  198  195  192  197  194  190  185
  187  180  173  166  161  157  154  152  143  143  143  143  139  140  141  143
  148  154  161  168  174  183  192  201  201  208  215  221  222  226  229  232
  229  232  235  235  235  239  241  242  251
    52.5-180.0 180.0   5.0 450.0                            LAT/LON1/LON2/DLON/H
  264  264  262  258  252  245  237  229  223  222  220  217  222  223  223  223
  224  223  222  221  220  219  217  216  211  210  207  204  208  204  199  193
  192  183  174  165  162  159  157  155  146  146  146  147  140  141  142  144
  149  155  163  171  177  188  198  209  209  217  224  230  229  233  236  239
  234  238  240  241  242  246  248  249  264
    50.0-180.0 180.0   5.0 450.0                            LAT/LON1/LON2/DLON/H
  276  277  278  278  267  258  249  239  232  228  224  220  215  218  221  224
  221  223  226  228  230  231  230  230  223  222  220  217  209  205  200  193
  187  179  171  164  159  158  156  155  152  150  149  147  141  138  136  135
  139  146  154  163  175  187  199  211  212  221  229  236  237  242  246  249
  246  248  250  251  250  253  256  258  276
    47.5-180.0 180.0   5.0 450.0                            LAT/LON1/LON2/DLON/H
  294  295  296  297  291  282  271  259  251  243  235  227  222  223  224  226
  226  228  231  234  235  236  237  238  233  231  228  225  218  212  204  195
  189  182  174  167  165  164  162  161  158  156  154  152  145  143  141  141
  147  153  162  172  187  198  209  221  226  234  241  247  250  254  257  259
  257  259  260  260  259  262  266  268  294
    45.0-180.0 180.0   5.0 450.0                            LAT/LON1/LON2/DLON/H
  310  312  314  316  314  305  294  282  271  261  250  238  230  229  228  228
  230  232  235  239  241  243  245  247  243  241  237  232  225  217  206  195
  189  183  177  172  172  172  171  170  165  164  162  160  152  151  151  151
  156  163  172  182  197  208  220  232  239  246  252  259  261  265  268  270
  268  270  272  273  271  275  278  281  310
    42.5-180.0 180.0   5.0 450.0                            LAT/LON1/LON2/DLON/H
  322  325  329  331  334  325  315  303  291  279  265  252  238  236  234  233
  235  238  241  245  247  250  253  255  252  249  244  239  229  219  207  194
  189  184  180  177  181  182  182  182  175  174  172  170  163  162  163  164
  167  175  184  194  206  218  230  242  249  256  263  270  270  276  279  282
  280  283  285  286  286  290  294  296  322
    40.0-180.0 180.0   5.0 450.0                            LAT/LON1/LON2/DLON/H
  340  344  348  351  347  343  337  328  317  303  287  271  256  253  250  245
  245  249  252  255  260  262  262  261  258  254  249  243  232  221  210  200
  197  194  193  192  195  193  192  190  190  189  187  185  181  182  183  183
  174  180  186  192  201  213  226  239  257  266  274  281  284  288  291  294
  291  296  299  302  304  309  314  318  340
    37.5-180.0 180.0   5.0 450.0                            LAT/LON1/LON2/DLON/H
  360  362  363  365  369  364  358  351  341  328  313  299  279  273  268  262
  260  263  266  268  271  272  272  270  265  260  255  249  235  225  216  209
  210  210  210  210  215  214  212  208  209  207  204  201  198  197  196  194
  182  188  193  198  205  219  233  247  264  275  285  292  293  298  302  304
  305  311  316  319  323  330  335  339  360
    35.0-180.0 180.0   5.0 450.0                            LAT/LON1/LON2/DLON/H
  381  381  381  381  386  381  376  371  363  352  340  327  305  298  290  283
  277  279  280  281  281  281  280  277  270  266  260  254  239  232  226  221
  224  226  229  231  236  235  231  226  229  226  222  217  215  212  208  204
  190  193  197  201  205  221  236  250  269  282  293  302  302  308  313  316
  319  327  332  336  346  353  358  361  381
    32.5-180.0 180.0   5.0 450.0                            LAT/LON1/LON2/DLON/H
  403  404  403  401  402  399  395  391  383  375  366  356  334  326  318  309
  296  297  298  298  291  290  288  286  276  272  266  261  245  241  239  237
  237  243  247  251  255  253  249  244  248  244  238  232  230  224  219  212
  194  197  199  201  204  220  236  251  273  288  301  310  311  320  327  332
  334  344  351  356  374  381  385  386  403
    30.0-180.0 180.0   5.0 450.0                            LAT/LON1/LON2/DLON/H
  433  434  434  433  423  422  421  420  401  396  389  381  362  351  340  327
  324  320  314  307  299  298  296  291  284  276  269  261  263  258  254  250
  260  264  267  270  273  273  271  267  271  267  262  255  236  226  216  205
  197  194  193  192  196  213  231  250  275  283  290  297  314  318  322  326
  335  349  361  372  396  404  410  415  433
    27.5-180.0 180.0   5.0 450.0                            LAT/LON1/LON2/DLON/H
  462  464  464  461  450  448  446  445  435  428  420  413  399  386  372  357
  349  340  331  321  308  306  302  298  292  285  279  273  273  269  266  262
  271  274  276  277  280  280  279  276  282  278  272  265  242  230  217  204
  189  186  184  184  186  204  223  243  270  282  292  301  311  319  327  334
  343  360  376  390  412  429  444  454  462
    25.0-180.0 180.0   5.0 450.0                            LAT/LON1/LON2/DLON/H
  491  495  496  494  484  482  479  477  475  467  458  450  439  424  407  390
  375  362  349  335  318  313  308  304  297  292  286  281  277  273  270  267
  273  275  275  275  276  277  276  274  282  277  271  264  241  227  211  195
  178  175  173  173  172  191  211  232  258  274  289  301  306  319  331  342
  352  373  391  407  429  454  475  490  491
    22.5-180.0 180.0   5.0 450.0                            LAT/LON1/LON2/DLON/H
  516  523  526  525  518  516  514  512  517  509  499  490  479  463  444  424
  402  385  368  351  330  323  317  312  299  294  290  286  273  270  267  264
  266  266  265  264  263  264  264  264  274  269  262  255  232  215  198  180
  164  161  160  160  159  178  199  221  243  263  281  297  302  320  336  352
  364  386  406  424  446  474  498  517  516
    20.0-180.0 180.0   5.0 450.0                            LAT/LON1/LON2/DLON/H
  532  541  546  547  547  549  550  548  542  539  533  526  517  498  477  456
  437  415  391  366  351  340  329  317  303  289  276  265  267  253  242  232
  242  239  236  234  242  244  245  245  244  242  238  234  208  194  180  166
  145  138  133  129  133  154  180  208  235  255  275  296  313  329  345  361
  381  402  422  441  464  487  509  528  532
    17.5-180.0 180.0   5.0 450.0                            LAT/LON1/LON2/DLON/H
  546  556  563  567  566  571  573  573  572  570  565  558  551  532  511  487
  472  444  416  387  369  352  337  323  302  284  267  251  252  237  223  212
  223  218  215  213  216  217  217  217  215  213  209  205  188  175  162  151
  134  128  124  122  125  148  175  205  234  255  277  299  322  340  358  375
  400  418  437  455  473  494  516  536  546
    15.0-180.0 180.0   5.0 450.0                            LAT/LON1/LON2/DLON/H
  552  564  572  578  577  584  588  590  593  593  589  583  580  563  542  518
  504  473  441  410  387  366  347  329  303  280  259  239  239  221  206  194
  207  202  197  194  196  195  194  194  190  186  182  178  168  157  146  137
  124  119  116  115  120  143  170  201  233  255  279  303  331  352  372  391
  419  436  453  468  481  500  520  538  552
    12.5-180.0 180.0   5.0 450.0                            LAT/LON1/LON2/DLON/H
  556  568  577  584  580  589  595  598  601  603  601  597  601  586  566  545
  532  500  467  434  403  379  357  336  300  274  250  227  228  209  193  179
  197  190  185  181  185  182  180  178  172  167  162  158  151  141  133  127
  117  113  110  110  117  139  167  198  230  255  280  306  338  362  385  406
  439  454  468  481  489  504  519  534  556
    10.0-180.0 180.0   5.0 450.0                            LAT/LON1/LON2/DLON/H
  559  570  579  583  579  586  591  593  603  607  608  606  602  595  583  567
  541  513  480  443  408  376  342  308  290  263  238  215  209  200  195  193
  196  192  190  189  176  173  170  166  154  150  145  142  132  127  122  119
  108  103   99   97  108  134  166  202  238  269  300  330  348  375  401  425
  450  467  483  498  516  523  532  541  559
     7.5-180.0 180.0   5.0 450.0                            LAT/LON1/LON2/DLON/H
  570  579  584  587  579  583  585  584  596  599  599  598  602  597  587  573
  557  528  494  456  413  378  342  308  285  258  234  214  212  205  203  205
  207  203  201  201  189  183  177  170  156  150  143  137  130  123  117  113
  102   95   91   88   97  123  156  194  234  265  295  325  351  380  407  432
  463  482  499  513  527  533  539  545  570
     5.0-180.0 180.0   5.0 450.0                            LAT/LON1/LON2/DLON/H
  587  593  596  596  582  583  581  578  587  588  588  586  594  590  582  571
  557  528  494  457  409  374  338  304  282  258  236  220  222  219  219  224
  224  221  220  220  208  199  189  180  163  154  145  137  129  121  114  108
   95   88   84   81   85  112  146  185  226  257  288  319  350  381  410  435
  469  491  510  526  539  544  549  553  587
     2.5-180.0 180.0   5.0 450.0                            LAT/LON1/LON2/DLON/H
  605  611  612  609  587  586  581  575  578  579  578  576  581  578  572  563
  545  517  485  451  394  360  326  295  279  259  241  228  237  237  241  247
  244  242  241  241  226  215  202  190  172  161  149  139  130  121  113  106
   89   82   77   75   75  101  136  176  214  246  279  311  341  375  406  434
  466  492  514  533  550  556  561  564  605
