o1pg2120-20230827.23i
     1.0            IONOSPHERE MAPS     GNSS                IONEX VERSION / TYPE
IONINX V4.3         AIUB                18-Sep-23 13:06     PGM / RUN BY / DATE 
406 1-DAY PREDICTED IONOSPHERE MAPS FOR DAY 212, 2023       COMMENT             
We use the deep learning algorithm, based on the global     DESCRIPTION         
ionospheric map provided by CODE and the final global       DESCRIPTION         
ionospheric map combined by IGS, and use our proposed       DESCRIPTION         
spatiotemporal network model to predict the global          DESCRIPTION         
ionospheric map of the next day.                            DESCRIPTION         
Contact address: wanghongyue@stu.cdut.edu.cn                DESCRIPTION         
  2023    07    31     0     0     0                        EPOCH OF FIRST MAP  
  2023    07    31    22     0     0                        EPOCH OF LAST MAP   
  7200                                                      INTERVAL            
    12                                                      # OF MAPS IN FILE   
  NONE                                                      MAPPING FUNCTION    
     0.0                                                    ELEVATION CUTOFF    
TEC prediction calculated as a spatiotemporal network model OBSERVABLES USED    
  6371.0                                                    BASE RADIUS         
     2                                                      MAP DIMENSION       
   450.0 450.0   0.0                                        HGT1 / HGT2 / DHGT  
    87.5 -87.5  -2.5                                        LAT1 / LAT2 / DLAT  
  -180.0 180.0   5.0                                        LON1 / LON2 / DLON  
    -1                                                      EXPONENT            
TEC values in 0.1 tec units;  9999, if no value available   COMMENT             
                                                            END OF HEADER       
[from data line 2145]
     6                                                      START OF TEC MAP    
  2023    07    31    10     0     0                        EPOCH OF CURRENT MAP
    87.5-180.0 180.0   5.0 450.0                            LAT/LON1/LON2/DLON/H
  153  154  154  155  155  156  157  159  162  163  164  165  170  170  171  171
  173  174  174  174  176  177  177  177  176  176  176  176  174  174  174  174
  172  172  173  172  171  170  170  170  169  168  167  167  166  165  165  164
  163  163  162  162  159  159  158  158  156  156  156  156  157  157  158  158
  157  157  157  156  159  159  160  160  153
    85.0-180.0 180.0   5.0 450.0                            LAT/LON1/LON2/DLON/H
  150  150  151  152  153  155  157  159  162  164  165  166  171  171  172  172
  174  175  175  175  177  178  178  177  178  178  178  177  175  175  175  174
  174  174  173  173  172  171  171  171  169  168  167  167  165  164  163  163
  161  160  159  159  156  155  154  154  152  152  152  151  154  153  153  153
  153  153  153  152  154  155  155  155  150
    82.5-180.0 180.0   5.0 450.0                            LAT/LON1/LON2/DLON/H
  144  145  146  148  149  152  154  157  159  161  163  165  169  170  170  170
  172  173  173  174  176  176  176  176  178  177  177  176  175  175  174  173
  174  174  174  173  173  173  172  172  170  170  169  168  165  164  164  163
  161  160  159  158  156  155  154  153  152  151  150  150  153  152  151  151
  150  150  149  148  150  150  150  150  144
    80.0-180.0 180.0   5.0 450.0                            LAT/LON1/LON2/DLON/H
  142  142  141  141  142  144  147  150  155  157  159  160  162  163  163  163
  163  164  165  166  166  167  167  169  170  170  169  170  174  174  173  173
  177  177  177  177  181  181  180  180  176  176  176  176  171  172  172  172
  170  170  170  170  169  168  166  165  165  163  162  161  161  160  159  157
  155  152  150  148  149  147  146  145  142
    77.5-180.0 180.0   5.0 450.0                            LAT/LON1/LON2/DLON/H
  139  138  138  137  138  140  142  143  148  149  150  150  153  154  153  153
  152  153  154  155  154  155  157  158  159  160  160  161  166  167  168  169
  175  177  178  179  184  185  185  185  183  184  184  184  181  182  182  183
  182  182  182  182  182  181  180  179  179  178  177  175  174  172  170  168
  164  160  157  153  150  147  144  142  139
    75.0-180.0 180.0   5.0 450.0                            LAT/LON1/LON2/DLON/H
  139  138  137  136  135  136  137  137  141  141  142  141  144  144  143  142
  142  143  144  144  144  145  147  148  149  151  152  154  159  162  165  167
  174  178  181  183  189  191  192  192  193  193  193  193  194  195  195  196
  196  197  197  197  198  198  197  195  196  195  193  191  190  187  184  181
  176  171  166  161  154  150  146  143  139
    72.5-180.0 180.0   5.0 450.0                            LAT/LON1/LON2/DLON/H
  140  138  137  135  132  132  132  132  133  133  133  132  134  133  132  131
  131  132  132  133  134  135  136  138  141  143  145  147  154  158  162  166
  174  179  183  187  195  197  198  199  202  203  203  203  207  208  209  209
  211  211  211  211  213  212  211  209  212  210  208  205  204  201  197  192
  189  183  177  170  161  156  152  147  140
    70.0-180.0 180.0   5.0 450.0                            LAT/LON1/LON2/DLON/H
  148  145  140  135  130  130  130  130  127  127  126  125  127  126  126  126
  126  127  128  129  129  131  132  134  137  139  141  144  152  158  164  170
  177  183  189  195  199  202  205  207  211  214  216  216  219  222  223  223
  223  224  224  223  220  221  220  219  217  217  216  214  213  210  207  204
  199  193  186  178  173  167  160  152  148
    67.5-180.0 180.0   5.0 450.0                            LAT/LON1/LON2/DLON/H
  151  147  142  136  129  128  127  126  123  122  121  120  123  122  122  121
  122  123  124  126  126  128  130  133  135  138  141  144  152  159  166  172
  180  187  194  199  204  207  210  212  217  220  222  223  228  230  231  230
  230  230  228  225  222  222  220  216  218  217  216  215  216  215  212  209
  206  201  194  186  180  174  167  159  151
    65.0-180.0 180.0   5.0 450.0                            LAT/LON1/LON2/DLON/H
  151  146  140  134  127  125  124  122  119  118  117  116  119  119  118  117
  118  120  121  123  123  126  129  132  135  138  142  145  154  162  169  175
  182  190  197  203  206  211  214  216  222  225  227  228  236  237  237  235
  235  233  229  224  221  219  215  211  213  214  213  212  215  214  213  210
  210  204  198  190  185  179  171  164  151
    62.5-180.0 180.0   5.0 450.0                            LAT/LON1/LON2/DLON/H
  150  144  137  131  124  121  119  116  115  114  113  112  116  116  115  114
  115  116  118  120  120  124  127  131  136  140  144  147  158  165  172  178
  185  193  199  205  207  212  216  218  225  228  231  232  241  241  240  238
  237  233  227  221  216  213  209  204  207  208  208  207  211  211  211  209
  210  206  200  194  190  184  177  169  150
    60.0-180.0 180.0   5.0 450.0                            LAT/LON1/LON2/DLON/H
  147  140  131  123  112  108  104  102   99   99  100  103  102  102  103  105
  107  107  109  113  115  119  125  131  135  140  145  151  161  167  174  181
  190  196  203  208  212  217  221  226  231  234  237  240  245  244  241  237
  234  228  221  213  208  205  201  197  200  199  199  198  209  209  209  209
  214  211  208  204  201  194  186  177  147
    57.5-180.0 180.0   5.0 450.0                            LAT/LON1/LON2/DLON/H
  151  142  134  125  112  106  101   97   92   92   92   94   96   96   97   98
  101  102  103  106  111  116  122  129  135  141  148  154  164  172  179  185
  193  199  205  210  214  219  225  230  234  238  242  245  248  248  245  241
  236  231  224  216  210  207  204  200  204  204  204  204  214  214  214  214
  222  219  215  210  210  203  195  186  151
    55.0-180.0 180.0   5.0 450.0                            LAT/LON1/LON2/DLON/H
  157  148  139  130  116  108  101   95   88   86   86   86   89   88   89   90
   95   94   96   98  106  111  117  125  135  142  150  158  168  176  184  190
  197  203  209  214  219  225  231  237  240  246  250  254  256  255  253  249
  243  238  232  224  218  216  213  210  213  214  214  214  223  224  223  222
  231  228  224  219  221  214  206  197  157
    52.5-180.0 180.0   5.0 450.0                            LAT/LON1/LON2/DLON/H
  164  156  147  138  121  112  104   96   85   83   81   81   83   81   81   82
   87   87   88   91  100  105  112  121  136  144  153  161  173  181  189  195
  201  207  213  218  225  232  238  245  248  254  258  262  264  264  262  258
  253  248  243  236  230  229  226  223  226  228  228  229  235  235  235  233
  242  240  236  230  234  228  220  211  164
    50.0-180.0 180.0   5.0 450.0                            LAT/LON1/LON2/DLON/H
  179  170  161  152  136  125  115  106   91   86   82   80   78   77   77   78
   83   83   85   88   94  102  113  125  139  149  159  170  179  187  194  200
  211  218  224  230  236  245  254  263  264  269  274  279  279  278  277  275
  272  267  261  256  248  246  243  240  240  242  242  241  246  247  247  246
  254  251  248  244  242  234  226  218  179
    47.5-180.0 180.0   5.0 450.0                            LAT/LON1/LON2/DLON/H
  189  181  173  164  151  140  129  119  101   95   90   85   81   79   78   77
   84   84   86   89   98  106  117  129  146  156  166  177  186  193  200  206
  218  225  232  238  247  256  265  274  276  282  287  290  290  290  289  286
  286  281  274  266  263  260  256  250  252  253  253  252  258  259  259  258
  265  262  259  254  248  241  233  226  189
    45.0-180.0 180.0   5.0 450.0                            LAT/LON1/LON2/DLON/H
  194  188  180  173  165  155  144  133  115  107  100   94   87   84   81   79
   87   87   89   93  104  112  123  136  155  165  175  184  192  200  206  212
  223  232  240  248  258  269  279  287  291  297  302  305  305  306  305  302
  302  296  289  280  274  270  265  258  257  257  257  256  260  261  261  261
  268  265  262  257  249  242  236  229  194
    42.5-180.0 180.0   5.0 450.0                            LAT/LON1/LON2/DLON/H
  194  189  183  177  174  165  155  145  128  120  111  104   94   90   86   83
   92   92   94   98  111  120  131  144  162  172  182  191  196  204  211  216
  227  238  248  258  270  282  293  302  305  313  319  322  323  325  325  323
  320  314  307  297  284  279  273  266  260  260  260  260  263  265  266  266
  271  268  264  260  249  243  237  231  194
    40.0-180.0 180.0   5.0 450.0                            LAT/LON1/LON2/DLON/H
  184  181  179  178  169  165  160  156  146  137  128  119  107  103   99   94
  100  103  106  111  116  128  142  157  171  180  190  200  205  208  211  214
  233  241  250  259  280  292  304  317  327  334  340  347  341  342  343  344
  343  333  322  313  307  295  284  273  266  264  262  261  261  265  268  271
  271  266  261  256  245  229  215  203  184
    37.5-180.0 180.0   5.0 450.0                            LAT/LON1/LON2/DLON/H
  180  175  171  168  164  161  158  155  152  145  138  131  120  115  110  104
  105  108  111  115  120  132  146  160  176  186  195  205  209  213  217  221
  238  250  261  272  293  308  322  335  348  357  365  373  368  371  373  374
  372  363  353  343  329  318  306  294  283  279  275  272  276  277  277  277
  280  273  267  259  243  226  211  198  180
    35.0-180.0 180.0   5.0 450.0                            LAT/LON1/LON2/DLON/H
  179  172  166  162  159  157  155  154  155  151  146  142  132  126  120  114
  110  112  115  118  123  134  147  161  179  188  198  208  210  217  223  228
  242  257  272  285  306  323  340  353  370  380  390  399  398  402  406  407
  407  400  392  382  365  355  343  331  315  310  303  297  300  298  295  291
  292  284  275  265  243  225  209  195  179
    32.5-180.0 180.0   5.0 450.0                            LAT/LON1/LON2/DLON/H
  180  172  165  160  155  153  153  152  156  154  152  150  142  136  129  122
  115  116  118  120  126  136  147  160  179  188  199  209  210  219  227  235
  246  265  282  298  320  340  358  373  394  406  417  426  429  435  439  442
  447  443  436  427  413  404  393  380  361  355  347  338  335  331  326  319
  314  304  292  280  253  234  217  201  180
    30.0-180.0 180.0   5.0 450.0                            LAT/LON1/LON2/DLON/H
  201  188  175  165  153  149  148  148  149  147  146  146  144  136  129  121
  114  112  112  112  119  127  136  147  171  183  195  209  217  222  227  233
  253  269  286  302  331  351  370  390  414  425  438  450  466  471  478  487
  492  488  485  484  470  460  450  443  432  416  401  386  392  378  365  352
  344  327  311  296  274  253  234  216  201
    27.5-180.0 180.0   5.0 450.0                            LAT/LON1/LON2/DLON/H
  220  205  191  177  163  157  153  150  156  152  150  149  149  141  133  125
  118  116  114  114  120  127  136  148  174  186  199  213  217  224  232  239
  261  278  295  311  344  364  385  404  430  443  457  471  489  500  511  523
  535  538  542  544  536  531  524  515  503  485  467  448  447  427  407  388
  372  352  333  316  292  270  250  232  220
    25.0-180.0 180.0   5.0 450.0                            LAT/LON1/LON2/DLON/H
  247  232  216  201  184  176  169  164  166  161  158  156  156  147  138  130
  125  122  119  117  123  130  139  149  174  187  201  217  216  227  237  247
  268  286  304  321  354  374  394  414  438  452  467  481  505  520  535  550
  568  578  588  594  593  592  587  578  567  548  528  505  497  472  446  421
  395  374  353  334  309  287  267  249  247
    22.5-180.0 180.0   5.0 450.0                            LAT/LON1/LON2/DLON/H
  273  259  244  229  209  201  192  185  178  173  169  166  162  152  144  136
  132  128  124  121  127  133  141  151  171  185  200  216  216  229  242  254
  276  295  313  330  363  383  402  421  444  457  472  486  512  529  547  563
  588  604  617  626  634  635  631  622  617  598  575  549  536  508  478  448
  415  394  373  352  329  309  290  272  273
    20.0-180.0 180.0   5.0 450.0                            LAT/LON1/LON2/DLON/H
  301  286  268  250  246  235  222  209  199  190  181  173  169  161  153  145
  136  134  132  130  133  135  140  146  170  179  190  203  211  225  240  256
  282  305  329  351  382  400  418  435  449  465  482  497  511  532  552  570
  590  611  628  641  648  654  655  654  640  627  610  591  573  541  506  468
  439  413  387  363  344  328  315  302  301
    17.5-180.0 180.0   5.0 450.0                            LAT/LON1/LON2/DLON/H
  317  304  289  272  271  259  246  232  215  203  192  181  175  165  156  147
  142  138  135  133  134  136  141  148  168  178  190  203  217  232  248  264
  295  319  342  365  390  408  426  443  452  467  482  497  515  533  549  565
  584  603  618  628  635  642  645  643  633  624  610  593  579  547  510  472
  437  410  384  360  347  332  319  309  317
    15.0-180.0 180.0   5.0 450.0                            LAT/LON1/LON2/DLON/H
  322  312  300  286  285  274  261  247  227  213  200  186  181  170  159  149
  146  141  136  133  133  135  140  147  164  175  188  203  221  238  255  272
  306  330  354  376  403  420  437  454  461  474  487  501  520  534  546  559
  572  586  597  604  610  616  619  617  614  608  597  583  572  539  503  465
  428  401  376  353  347  332  320  310  322
    12.5-180.0 180.0   5.0 450.0                            LAT/LON1/LON2/DLON/H
  316  309  299  288  288  278  266  253  232  218  203  188  184  172  161  151
  149  143  138  134  132  134  139  145  159  172  186  201  224  242  260  278
  316  341  365  387  418  435  452  468  476  488  500  511  526  536  545  553
  557  567  573  577  582  587  589  588  591  587  579  568  556  524  489  454
  415  388  365  344  344  330  319  309  316
    10.0-180.0 180.0   5.0 450.0                            LAT/LON1/LON2/DLON/H
  314  307  301  295  282  272  262  252  228  216  203  191  179  169  160  151
  145  138  130  123  120  119  121  124  143  163  184  208  227  252  278  303
  334  359  383  403  428  450  468  484  489  504  516  527  530  538  546  553
  550  554  556  558  552  558  563  568  558  557  554  550  537  505  470  434
  400  378  359  342  337  328  321  316  314
     7.5-180.0 180.0   5.0 450.0                            LAT/LON1/LON2/DLON/H
  307  298  291  284  274  264  253  243  225  213  202  191  180  171  161  152
  146  138  130  121  116  114  115  118  140  160  182  207  236  260  285  310
  341  365  387  407  435  456  474  490  499  512  524  533  535  542  548  554
  549  552  553  555  547  551  556  559  556  554  549  543  531  498  462  423
  394  373  355  339  335  329  324  320  307
     5.0-180.0 180.0   5.0 450.0                            LAT/LON1/LON2/DLON/H
  305  295  286  277  266  255  244  234  216  206  196  186  178  169  160  151
  145  135  126  117  111  109  109  111  138  159  183  209  243  268  293  317
  346  368  388  407  434  454  472  488  499  512  523  532  536  542  548  553
  555  557  558  559  555  559  562  565  560  557  551  542  522  489  453  415
  390  371  355  340  335  331  328  326  305
     2.5-180.0 180.0   5.0 450.0                            LAT/LON1/LON2/DLON/H
  310  300  290  280  261  249  237  227  208  199  190  181  175  166  157  149
  143  133  123  113  106  104  104  106  137  159  185  212  250  275  300  324
  346  368  388  406  424  444  463  480  490  503  514  523  533  539  544  549
  564  567  568  570  574  578  581  583  570  565  557  547  511  479  444  409
  385  370  356  344  338  336  335  333  310
