o1pg1970-20230717.23i
     1.0            IONOSPHERE MAPS     GNSS                IONEX VERSION / TYPE
IONINX V4.3         AIUB                17-Jul-23 09:13     PGM / RUN BY / DATE 
406 1-DAY PREDICTED IONOSPHERE MAPS FOR DAY 197, 2023       COMMENT             
We use the deep learning algorithm, based on the global     DESCRIPTION         
ionospheric map provided by CODE and the final global       DESCRIPTION         
ionospheric map combined by IGS, and use our proposed       DESCRIPTION         
spatiotemporal network model to predict the global          DESCRIPTION         
ionospheric map of the next day.                            DESCRIPTION         
Contact address: wanghongyue@stu.cdut.edu.cn                DESCRIPTION         
  2023    07    16     0     0     0                        EPOCH OF FIRST MAP  
  2023    07    16    22     0     0                        EPOCH OF LAST MAP   
  7200                                                      INTERVAL            
    12                                                      # OF MAPS IN FILE   
  NONE                                                      MAPPING FUNCTION    
     0.0                                                    ELEVATION CUTOFF    
TEC prediction calculated as a spatiotemporal network model OBSERVABLES USED    
  6371.0                                                    BASE RADIUS         
     2                                                      MAP DIMENSION       
   450.0 450.0   0.0                                        HGT1 / HGT2 / DHGT  
    87.5 -87.5  -2.5                                        LAT1 / LAT2 / DLAT  
  -180.0 180.0   5.0                                        LON1 / LON2 / DLON  
    -1                                                      EXPONENT            
TEC values in 0.1 tec units;  9999, if no value available   COMMENT             
                                                            END OF HEADER       
[from data line 2145]
     6                                                      START OF TEC MAP    
  2023    07    16    10     0     0                        EPOCH OF CURRENT MAP
    87.5-180.0 180.0   5.0 450.0                            LAT/LON1/LON2/DLON/H
  163  163  163  164  164  165  166  167  170  171  171  172  177  177  177  177
  180  180  181  181  183  183  183  183  182  183  183  182  180  180  180  180
  179  179  179  179  180  179  179  178  179  179  179  179  179  179  179  179
  179  179  179  178  175  175  175  174  172  173  173  173  172  173  174  174
  173  173  173  173  172  172  173  173  163
    85.0-180.0 180.0   5.0 450.0                            LAT/LON1/LON2/DLON/H
  160  160  161  162  162  164  166  168  170  171  172  173  178  178  178  178
  180  181  181  181  183  184  184  184  184  184  184  183  181  181  181  181
  181  181  181  180  181  181  180  180  180  179  179  179  178  178  178  178
  177  177  176  175  172  171  171  170  168  168  168  168  168  169  169  169
  168  169  169  168  168  168  169  169  160
    82.5-180.0 180.0   5.0 450.0                            LAT/LON1/LON2/DLON/H
  154  156  157  159  159  161  163  165  167  169  170  171  176  176  176  176
  178  179  179  179  182  182  182  182  183  183  182  182  181  181  180  180
  182  182  182  181  183  183  182  182  182  181  181  181  179  178  178  178
  177  176  175  174  171  170  169  168  167  166  165  165  167  166  166  166
  165  165  164  163  164  164  164  163  154
    80.0-180.0 180.0   5.0 450.0                            LAT/LON1/LON2/DLON/H
  153  152  152  152  152  154  156  158  162  164  165  166  168  169  169  169
  169  170  171  173  173  173  174  176  177  177  177  177  182  182  182  182
  187  187  188  188  191  191  191  191  187  187  187  186  182  183  184  184
  182  182  182  181  179  177  176  174  174  172  170  169  169  168  168  167
  165  163  162  160  160  159  159  159  153
    77.5-180.0 180.0   5.0 450.0                            LAT/LON1/LON2/DLON/H
  149  149  148  148  147  149  151  152  155  157  157  157  159  160  160  159
  159  160  162  162  162  163  165  166  167  168  169  169  174  176  177  179
  185  187  189  190  194  195  195  195  192  193  193  193  189  190  191  191
  190  190  190  190  188  187  186  185  185  183  182  180  179  178  176  175
  171  168  165  163  159  158  157  155  149
    75.0-180.0 180.0   5.0 450.0                            LAT/LON1/LON2/DLON/H
  149  148  146  145  143  144  145  145  148  148  148  147  150  150  149  148
  148  150  151  152  152  154  155  157  158  159  161  163  168  171  174  177
  183  187  191  194  199  200  201  201  200  201  201  201  199  200  201  201
  201  201  201  201  201  200  198  197  198  197  195  193  192  190  187  185
  180  177  173  168  162  160  158  155  149
    72.5-180.0 180.0   5.0 450.0                            LAT/LON1/LON2/DLON/H
  149  147  145  143  139  139  139  138  140  140  139  138  139  139  137  136
  138  139  140  141  143  145  146  147  150  152  154  156  162  166  171  175
  183  188  193  197  204  206  207  208  209  209  209  209  210  211  211  212
  212  212  212  211  212  211  209  207  210  209  207  204  203  201  198  194
  191  187  181  176  169  166  162  159  149
    70.0-180.0 180.0   5.0 450.0                            LAT/LON1/LON2/DLON/H
  155  151  147  141  136  136  136  136  132  131  130  130  131  132  132  132
  133  135  137  139  139  140  142  144  147  150  152  154  162  167  173  178
  184  191  197  202  205  209  211  213  214  217  219  219  219  222  223  223
  222  223  222  221  218  218  218  216  214  214  213  212  211  209  207  205
  200  195  189  183  178  174  169  163  155
    67.5-180.0 180.0   5.0 450.0                            LAT/LON1/LON2/DLON/H
  157  153  147  141  134  133  132  130  127  126  125  124  126  126  126  126
  129  131  133  136  137  139  142  144  147  150  153  156  163  170  176  182
  188  196  202  207  211  214  217  218  221  224  225  226  229  231  231  230
  229  229  226  223  220  219  218  215  215  216  215  214  216  216  214  212
  209  205  199  193  187  182  177  170  157
    65.0-180.0 180.0   5.0 450.0                            LAT/LON1/LON2/DLON/H
  158  152  146  139  131  129  126  124  122  121  119  118  122  122  122  122
  125  127  130  133  135  138  141  145  149  152  156  159  167  174  181  186
  193  200  207  212  215  219  222  223  228  231  232  232  238  239  238  236
  235  232  228  223  219  218  215  212  213  214  214  214  217  218  218  216
  215  211  206  200  194  189  183  176  158
    62.5-180.0 180.0   5.0 450.0                            LAT/LON1/LON2/DLON/H
  157  151  144  136  128  124  121  118  117  115  114  113  119  119  118  118
  122  124  127  130  133  136  140  144  150  155  159  162  172  179  186  191
  197  205  211  215  218  222  225  226  233  236  237  238  244  245  243  241
  237  233  228  222  216  214  211  207  209  211  212  213  216  218  218  218
  219  215  210  205  201  195  189  182  157
    60.0-180.0 180.0   5.0 450.0                            LAT/LON1/LON2/DLON/H
  161  152  141  130  117  111  106  103  100  100  101  103  105  106  108  110
  114  116  120  125  127  132  138  145  150  154  159  164  176  182  188  193
  204  210  216  221  225  229  234  237  242  245  248  250  254  252  249  244
  240  233  226  218  213  210  207  204  208  209  210  210  222  222  223  223
  229  226  223  219  217  211  203  194  161
    57.5-180.0 180.0   5.0 450.0                            LAT/LON1/LON2/DLON/H
  167  157  146  135  119  111  105   99   95   93   94   95   99   99  100  103
  108  110  113  118  123  129  136  143  151  157  163  169  181  188  194  199
  208  214  220  225  228  233  238  242  246  250  253  256  258  257  253  249
  242  236  229  221  215  213  210  207  213  215  216  217  228  229  229  229
  238  235  231  226  227  220  212  204  167
    55.0-180.0 180.0   5.0 450.0                            LAT/LON1/LON2/DLON/H
  175  166  155  144  125  116  108  100   92   89   89   89   92   92   92   94
  101  102  105  109  118  124  131  140  151  159  167  174  185  193  200  205
  213  219  224  228  233  238  244  249  253  257  261  263  265  264  261  255
  249  243  236  228  223  221  219  217  223  224  226  227  237  238  238  237
  247  244  240  235  238  231  224  215  175
    52.5-180.0 180.0   5.0 450.0                            LAT/LON1/LON2/DLON/H
  185  176  165  154  134  123  113  104   91   88   86   85   86   85   85   86
   93   94   96  100  112  119  127  136  152  161  170  178  189  198  205  211
  218  224  228  232  239  245  250  255  260  264  267  270  273  271  267  262
  258  252  246  238  234  233  232  230  234  237  239  240  248  249  248  247
  257  254  250  245  250  244  237  228  185
    50.0-180.0 180.0   5.0 450.0                            LAT/LON1/LON2/DLON/H
  197  189  180  170  151  139  128  118  101   95   91   88   85   83   82   82
   88   89   92   97  109  118  130  143  157  167  177  187  197  205  211  217
  226  233  238  243  249  257  265  272  275  279  282  285  286  284  281  278
  273  268  262  257  253  252  251  248  253  255  256  256  261  263  263  263
  270  268  264  261  257  250  243  235  197
    47.5-180.0 180.0   5.0 450.0                            LAT/LON1/LON2/DLON/H
  206  199  191  182  165  153  142  130  112  105   99   94   87   84   82   80
   87   88   91   96  112  121  133  147  165  174  184  194  204  211  217  222
  234  240  247  252  261  269  277  284  288  292  295  297  296  295  293  289
  286  281  275  267  267  265  262  258  264  265  266  265  272  274  274  274
  282  279  275  271  262  256  249  242  206
    45.0-180.0 180.0   5.0 450.0                            LAT/LON1/LON2/DLON/H
  210  204  197  189  177  167  156  145  127  118  111  104   93   88   85   82
   89   90   93   98  117  127  139  153  173  183  193  202  211  218  223  228
  239  248  255  262  272  281  290  297  301  306  310  311  309  309  307  304
  301  295  288  280  277  274  270  264  267  268  269  268  275  277  278  278
  286  283  280  275  264  258  251  245  210
    42.5-180.0 180.0   5.0 450.0                            LAT/LON1/LON2/DLON/H
  207  202  197  191  185  176  167  157  140  131  123  114  100   94   89   85
   93   95   98  103  124  134  146  160  181  191  200  209  215  222  228  232
  243  254  263  271  282  293  302  310  312  319  323  325  324  325  324  322
  317  311  304  296  286  283  278  272  270  271  271  271  279  281  283  283
  290  288  284  280  266  259  253  247  207
    40.0-180.0 180.0   5.0 450.0                            LAT/LON1/LON2/DLON/H
  196  193  191  190  180  176  172  168  158  149  140  131  116  110  104   98
  104  107  112  118  126  140  156  173  189  199  209  219  223  226  229  231
  252  260  268  276  298  308  318  328  339  343  347  351  346  344  343  341
  342  332  322  312  306  297  289  281  273  273  273  274  278  283  288  292
  288  284  280  275  264  247  231  217  196
    37.5-180.0 180.0   5.0 450.0                            LAT/LON1/LON2/DLON/H
  192  187  184  181  175  172  170  167  163  157  150  144  129  122  116  109
  109  112  117  121  131  145  160  177  195  205  215  225  228  232  235  238
  257  268  278  287  310  323  334  344  357  363  369  373  370  370  369  368
  366  357  348  337  325  316  308  299  289  288  286  284  293  295  297  299
  298  293  287  280  263  245  229  214  192
    35.0-180.0 180.0   5.0 450.0                            LAT/LON1/LON2/DLON/H
  191  184  179  174  170  168  167  166  167  163  159  156  143  135  128  120
  116  118  121  125  135  148  163  178  199  209  219  228  230  236  241  245
  260  274  288  299  321  336  349  360  375  383  390  395  393  395  395  394
  393  386  378  367  353  346  338  329  318  315  311  306  313  313  313  311
  308  302  294  285  263  244  227  212  191
    32.5-180.0 180.0   5.0 450.0                            LAT/LON1/LON2/DLON/H
  191  184  177  172  167  166  165  166  169  167  166  164  154  147  138  130
  122  123  125  128  138  149  162  176  199  209  219  228  230  238  245  251
  263  281  296  311  333  350  364  376  393  403  411  417  416  419  421  421
  421  417  410  401  391  385  378  369  357  354  348  342  342  341  338  334
  324  317  307  297  269  251  233  217  191
    30.0-180.0 180.0   5.0 450.0                            LAT/LON1/LON2/DLON/H
  207  196  186  176  168  165  163  163  167  166  165  164  160  151  142  134
  125  123  122  121  132  141  153  165  193  203  213  225  237  241  244  249
  269  283  298  313  340  357  374  390  407  417  427  438  439  443  448  455
  453  449  447  445  434  428  422  417  414  402  390  378  386  375  365  354
  347  331  316  301  281  264  247  232  207
    27.5-180.0 180.0   5.0 450.0                            LAT/LON1/LON2/DLON/H
  221  209  197  186  177  171  168  165  173  170  168  167  166  157  147  138
  130  126  124  121  132  141  152  165  194  204  216  228  236  242  248  254
  276  291  307  322  351  368  384  401  417  427  438  449  452  459  468  478
  483  486  488  491  485  484  481  476  470  457  444  429  431  414  397  382
  364  345  327  310  291  272  255  239  221
    25.0-180.0 180.0   5.0 450.0                            LAT/LON1/LON2/DLON/H
  239  228  216  204  193  187  181  177  181  177  174  172  173  163  153  144
  137  132  128  124  134  142  153  166  191  203  216  229  234  243  253  261
  282  299  315  330  360  376  392  407  422  432  443  455  462  473  485  497
  509  518  526  532  531  534  534  530  523  511  496  479  475  453  430  408
  380  359  338  320  300  281  263  248  239
    22.5-180.0 180.0   5.0 450.0                            LAT/LON1/LON2/DLON/H
  255  245  235  224  213  205  199  193  191  186  182  180  180  169  159  149
  145  138  132  127  137  144  154  166  185  199  213  228  231  244  257  268
  289  307  323  339  368  383  398  412  426  436  447  458  469  482  496  509
  528  541  553  563  569  574  575  572  568  555  540  521  511  486  460  433
  394  373  352  333  311  294  278  263  255
    20.0-180.0 180.0   5.0 450.0                            LAT/LON1/LON2/DLON/H
  274  265  253  241  239  231  222  212  204  197  190  183  179  171  162  154
  145  141  137  134  139  141  145  151  182  191  202  215  222  237  253  269
  295  317  339  359  388  402  416  428  436  448  460  472  477  494  510  525
  542  560  576  588  599  605  607  607  600  589  575  560  549  519  485  449
  415  387  361  335  321  307  296  287  274
    17.5-180.0 180.0   5.0 450.0                            LAT/LON1/LON2/DLON/H
  284  276  265  254  254  246  237  227  213  204  196  187  182  173  163  154
  150  145  140  136  139  141  145  151  177  187  199  214  228  244  260  277
  308  331  352  373  397  411  425  438  443  453  465  477  487  501  515  529
  547  564  578  588  598  604  607  606  598  591  580  566  558  527  492  455
  416  387  360  335  326  312  301  292  284
    15.0-180.0 180.0   5.0 450.0                            LAT/LON1/LON2/DLON/H
  284  277  268  258  259  252  244  234  217  207  197  187  183  174  164  155
  152  146  140  135  135  137  141  148  169  181  195  211  231  249  266  284
  320  342  364  385  410  423  437  450  455  464  475  486  498  510  521  533
  548  562  573  580  586  592  594  592  586  581  573  562  555  524  489  454
  411  382  356  332  330  315  303  293  284
    12.5-180.0 180.0   5.0 450.0                            LAT/LON1/LON2/DLON/H
  276  270  263  255  255  249  241  233  216  205  195  184  182  172  163  154
  154  147  140  134  131  133  137  144  160  174  190  207  233  252  271  289
  329  353  375  395  424  438  451  464  471  480  490  500  510  519  528  537
  545  555  563  567  572  575  576  573  571  568  561  553  543  513  480  447
  402  374  349  327  332  317  304  294  276
    10.0-180.0 180.0   5.0 450.0                            LAT/LON1/LON2/DLON/H
  270  263  258  253  241  236  231  226  207  199  191  183  171  165  159  153
  144  138  131  124  121  119  119  122  143  164  188  215  233  260  287  312
  348  372  393  411  438  457  471  482  487  500  511  519  519  529  537  544
  545  549  550  551  549  553  555  556  549  548  543  537  528  497  463  426
  394  373  354  337  326  315  306  301  270
     7.5-180.0 180.0   5.0 450.0                            LAT/LON1/LON2/DLON/H
  265  256  248  241  230  223  217  212  198  191  183  175  166  160  154  147
  141  134  127  119  112  109  110  112  136  158  184  212  242  267  293  318
  354  376  395  413  443  460  474  486  495  506  515  523  524  532  539  544
  543  546  548  549  543  547  549  550  547  545  539  531  521  488  452  414
  388  368  350  334  326  318  312  307  265
     5.0-180.0 180.0   5.0 450.0                            LAT/LON1/LON2/DLON/H
  266  254  244  235  222  214  206  200  188  180  173  165  160  154  147  141
  136  128  120  112  102  100  100  103  131  154  181  211  248  273  298  323
  355  376  394  411  439  455  469  482  493  502  510  517  521  527  533  538
  542  545  546  547  545  548  550  551  548  544  537  528  508  475  439  401
  380  363  348  334  325  320  317  313  266
     2.5-180.0 180.0   5.0 450.0                            LAT/LON1/LON2/DLON/H
  274  261  249  239  220  210  201  193  179  172  165  158  154  147  141  134
  131  122  113  105   93   91   92   95  127  151  180  210  252  278  303  328
  353  372  391  407  425  441  456  470  479  489  496  503  509  515  520  525
  539  542  545  546  553  557  559  560  549  544  537  526  490  458  424  389
  369  356  344  332  325  322  320  318  274
