o1pg1940-20230714.23i
     1.0            IONOSPHERE MAPS     GNSS                IONEX VERSION / TYPE
IONINX V4.3         AIUB                14-Jul-23 09:19     PGM / RUN BY / DATE 
406 1-DAY PREDICTED IONOSPHERE MAPS FOR DAY 194, 2023       COMMENT             
We use the deep learning algorithm, based on the global     DESCRIPTION         
ionospheric map provided by CODE and the final global       DESCRIPTION         
ionospheric map combined by IGS, and use our proposed       DESCRIPTION         
spatiotemporal network model to predict the global          DESCRIPTION         
ionospheric map of the next day.                            DESCRIPTION         
Contact address: wanghongyue@stu.cdut.edu.cn                DESCRIPTION         
  2023    07    13     0     0     0                        EPOCH OF FIRST MAP  
  2023    07    13    22     0     0                        EPOCH OF LAST MAP   
  7200                                                      INTERVAL            
    12                                                      # OF MAPS IN FILE   
  NONE                                                      MAPPING FUNCTION    
     0.0                                                    ELEVATION CUTOFF    
TEC prediction calculated as a spatiotemporal network model OBSERVABLES USED    
  6371.0                                                    BASE RADIUS         
     2                                                      MAP DIMENSION       
   450.0 450.0   0.0                                        HGT1 / HGT2 / DHGT  
    87.5 -87.5  -2.5                                        LAT1 / LAT2 / DLAT  
  -180.0 180.0   5.0                                        LON1 / LON2 / DLON  
    -1                                                      EXPONENT            
TEC values in 0.1 tec units;  9999, if no value available   COMMENT             
                                                            END OF HEADER       
[from data line 1287]
     4                                                      START OF TEC MAP    
  2023    07    13     6     0     0                        EPOCH OF CURRENT MAP
    87.5-180.0 180.0   5.0 450.0                            LAT/LON1/LON2/DLON/H
  171  171  170  170  169  169  170  171  172  172  173  173  175  176  175  175
  176  176  175  175  176  176  176  175  176  176  175  175  176  177  177  177
  174  175  176  175  172  172  173  172  171  171  171  171  170  170  170  170
  171  171  172  173  172  173  173  174  172  172  173  174  173  173  173  173
  173  173  173  172  172  172  173  173  171
    85.0-180.0 180.0   5.0 450.0                            LAT/LON1/LON2/DLON/H
  172  171  172  172  170  170  171  172  173  174  175  175  178  178  178  178
  179  178  178  177  177  177  176  174  174  174  173  172  173  173  173  172
  171  172  172  172  170  170  171  171  170  170  171  171  171  171  171  172
  173  174  174  175  174  174  174  175  172  172  172  173  172  172  171  171
  171  171  170  169  169  169  169  169  172
    82.5-180.0 180.0   5.0 450.0                            LAT/LON1/LON2/DLON/H
  170  170  171  172  168  169  170  171  172  173  174  175  178  178  178  178
  179  179  178  178  176  175  174  172  170  170  169  167  168  168  168  167
  168  169  169  169  168  169  170  170  171  172  172  173  173  174  175  175
  177  177  178  179  177  178  178  178  175  175  174  174  173  172  172  171
  170  169  168  167  165  165  164  164  170
    80.0-180.0 180.0   5.0 450.0                            LAT/LON1/LON2/DLON/H
  172  171  169  168  165  166  167  167  168  170  171  171  173  174  174  174
  174  173  172  171  171  169  167  165  165  162  160  159  162  161  161  162
  163  164  164  165  169  170  170  171  175  177  178  179  178  180  182  183
  183  185  186  186  188  188  187  186  186  185  184  182  181  180  178  176
  175  172  170  167  163  161  160  158  172
    77.5-180.0 180.0   5.0 450.0                            LAT/LON1/LON2/DLON/H
  173  171  170  168  163  164  164  163  163  165  165  165  166  167  167  166
  167  166  166  164  163  161  159  156  154  153  151  149  151  152  153  154
  157  160  162  164  168  171  173  174  179  181  183  185  187  190  192  194
  195  197  198  199  200  200  200  199  198  197  196  194  191  189  187  185
  182  179  175  172  166  164  161  159  173
    75.0-180.0 180.0   5.0 450.0                            LAT/LON1/LON2/DLON/H
  176  174  172  171  163  162  162  160  159  159  159  158  159  159  159  157
  159  159  158  156  156  154  151  148  145  144  142  140  143  145  147  149
  154  158  162  164  169  173  176  178  184  188  191  193  198  201  204  206
  209  211  213  214  214  214  214  213  211  210  209  207  203  201  199  196
  192  188  184  179  173  169  166  162  176
    72.5-180.0 180.0   5.0 450.0                            LAT/LON1/LON2/DLON/H
  179  177  175  172  163  162  160  157  155  155  153  151  151  151  149  147
  151  150  149  147  148  146  143  139  138  136  134  133  137  139  142  145
  152  157  162  166  171  175  179  181  190  194  197  199  209  212  215  217
  222  224  225  226  225  225  225  223  221  220  219  216  214  212  209  205
  203  199  194  188  182  178  174  169  179
    70.0-180.0 180.0   5.0 450.0                            LAT/LON1/LON2/DLON/H
  188  185  181  176  168  167  164  162  153  151  148  145  143  143  141  140
  143  143  143  142  140  138  136  134  129  128  127  126  130  134  139  144
  152  158  164  171  174  179  183  187  195  201  206  211  222  228  232  236
  238  240  241  240  234  234  233  231  225  225  223  222  220  218  217  214
  211  208  204  199  196  191  186  179  188
    67.5-180.0 180.0   5.0 450.0                            LAT/LON1/LON2/DLON/H
  195  191  186  181  173  170  167  163  154  151  147  143  141  139  137  134
  139  138  137  136  136  134  132  130  125  125  124  124  129  134  140  146
  156  163  170  177  181  187  192  196  202  209  215  220  232  237  241  244
  247  247  245  243  236  235  232  228  223  223  222  220  220  220  219  217
  217  215  211  206  205  201  195  188  195
    65.0-180.0 180.0   5.0 450.0                            LAT/LON1/LON2/DLON/H
  199  195  190  185  178  174  169  165  156  152  148  143  141  138  134  130
  135  134  132  131  132  130  129  127  122  122  123  123  129  136  142  148
  161  169  177  184  188  195  200  205  210  217  224  230  241  246  249  252
  253  252  248  243  236  233  229  224  219  219  218  216  216  217  217  216
  217  216  214  210  211  207  201  194  199
    62.5-180.0 180.0   5.0 450.0                            LAT/LON1/LON2/DLON/H
  201  197  192  186  181  176  171  165  158  153  148  143  142  138  133  129
  133  131  129  127  128  126  125  124  120  120  121  122  131  138  145  151
  166  175  183  190  194  201  208  213  216  224  231  238  248  252  255  257
  257  254  249  243  233  229  224  218  213  213  213  211  210  212  213  213
  215  215  213  211  215  211  206  199  201
    60.0-180.0 180.0   5.0 450.0                            LAT/LON1/LON2/DLON/H
  200  195  189  183  181  176  170  165  156  151  146  142  135  131  127  123
  121  120  119  119  114  114  114  115  112  114  116  120  130  137  146  155
  168  176  184  192  197  202  207  212  221  228  234  240  257  260  262  262
  261  256  251  244  232  227  222  217  210  209  207  204  209  210  210  210
  215  216  215  214  218  216  212  207  200
    57.5-180.0 180.0   5.0 450.0                            LAT/LON1/LON2/DLON/H
  205  201  196  189  188  181  174  167  159  153  147  141  135  131  126  121
  120  117  115  113  110  109  109  110  108  110  114  118  129  137  145  154
  168  177  185  193  199  205  211  217  224  233  240  246  260  264  267  267
  264  260  255  249  237  232  227  221  216  214  211  208  212  212  211  210
  215  215  214  213  220  219  217  213  205
    55.0-180.0 180.0   5.0 450.0                            LAT/LON1/LON2/DLON/H
  214  210  205  199  197  189  181  173  163  156  149  142  136  130  124  118
  119  115  111  107  105  104  104  104  105  108  112  116  128  136  145  154
  167  175  184  192  201  208  215  222  228  237  245  251  265  269  272  272
  271  268  264  258  247  243  238  232  225  223  220  217  217  216  214  212
  215  215  215  214  223  223  222  220  214
    52.5-180.0 180.0   5.0 450.0                            LAT/LON1/LON2/DLON/H
  223  221  216  211  208  199  190  180  167  160  151  143  135  129  122  116
  118  112  107  102  103  101  100  101  105  108  112  117  129  137  145  153
  164  173  182  190  201  209  217  225  231  240  248  255  268  273  276  276
  281  278  274  269  261  258  253  248  239  236  233  229  224  222  220  216
  218  218  217  216  228  228  228  227  223
    50.0-180.0 180.0   5.0 450.0                            LAT/LON1/LON2/DLON/H
  234  232  228  223  221  212  202  191  176  166  156  147  138  131  125  118
  119  114  110  107  105  104  104  105  112  114  117  121  130  136  143  149
  163  173  183  193  204  215  225  235  243  252  260  268  275  281  285  289
  290  289  288  287  281  278  273  267  260  255  248  240  239  234  228  222
  224  222  221  220  230  232  235  237  234
    47.5-180.0 180.0   5.0 450.0                            LAT/LON1/LON2/DLON/H
  248  246  242  238  238  228  217  205  189  177  164  151  141  133  125  118
  121  117  113  111  111  110  111  113  121  123  125  128  136  141  146  151
  165  175  185  196  211  222  231  241  250  259  267  273  281  287  293  297
  301  302  301  299  298  294  287  279  277  270  262  253  250  245  239  233
  235  234  233  232  239  242  244  247  248
    45.0-180.0 180.0   5.0 450.0                            LAT/LON1/LON2/DLON/H
  259  257  254  251  252  242  231  219  202  188  173  158  145  137  128  121
  126  122  120  119  120  120  122  124  133  134  136  137  142  146  150  153
  166  176  187  199  217  228  238  247  256  266  273  279  287  295  302  306
  312  315  315  314  312  307  300  291  287  280  271  262  256  252  247  242
  246  245  244  242  249  251  253  255  259
    42.5-180.0 180.0   5.0 450.0                            LAT/LON1/LON2/DLON/H
  266  264  262  259  260  251  240  228  212  197  182  165  150  141  133  125
  132  130  128  128  132  133  135  139  146  146  147  148  149  151  154  156
  166  178  190  202  221  233  244  254  262  272  280  286  295  305  313  319
  325  329  331  330  324  320  314  305  296  289  281  272  264  261  257  253
  258  258  256  254  261  263  264  264  266
    40.0-180.0 180.0   5.0 450.0                            LAT/LON1/LON2/DLON/H
  269  268  265  263  258  253  246  238  219  204  189  174  156  147  138  129
  134  136  138  141  142  146  149  153  159  158  157  155  157  155  153  152
  167  181  196  212  219  233  247  261  270  277  284  291  304  312  318  324
  339  342  342  343  346  338  329  322  314  305  296  287  280  277  275  274
  269  271  272  274  278  275  273  272  269
    37.5-180.0 180.0   5.0 450.0                            LAT/LON1/LON2/DLON/H
  278  272  266  259  253  247  240  232  220  207  194  181  164  154  145  136
  140  142  144  147  152  156  161  165  173  171  169  167  164  162  160  159
  170  184  199  215  224  239  254  267  277  286  294  300  314  322  329  335
  348  353  356  357  359  355  349  343  334  325  316  307  303  299  296  293
  291  292  293  294  296  292  288  285  278
    35.0-180.0 180.0   5.0 450.0                            LAT/LON1/LON2/DLON/H
  290  281  270  259  247  240  232  224  217  207  197  187  173  163  154  145
  147  148  151  154  162  167  171  175  185  183  180  177  170  167  166  166
  171  185  201  217  227  243  259  272  283  293  302  308  320  330  338  343
  354  361  367  369  373  374  372  368  363  356  348  338  330  327  324  320
  316  317  318  317  318  314  308  302  290
    32.5-180.0 180.0   5.0 450.0                            LAT/LON1/LON2/DLON/H
  304  292  279  265  243  235  226  218  214  206  199  192  181  172  163  155
  154  156  159  162  171  175  180  184  193  191  188  185  173  171  171  171
  171  186  202  218  229  246  262  277  289  300  310  318  327  337  346  352
  361  371  378  383  394  399  401  401  400  395  388  379  364  362  359  354
  346  347  346  344  349  343  335  327  304
    30.0-180.0 180.0   5.0 450.0                            LAT/LON1/LON2/DLON/H
  336  319  300  280  256  244  233  224  212  205  200  196  182  173  165  158
  155  157  160  163  175  183  190  196  195  192  189  185  180  172  165  159
  170  180  192  205  223  241  259  277  295  303  312  320  323  330  336  343
  359  373  386  399  419  429  439  449  451  443  435  427  417  405  393  384
  386  383  379  376  381  375  366  357  336
    27.5-180.0 180.0   5.0 450.0                            LAT/LON1/LON2/DLON/H
  368  348  325  301  274  257  241  227  217  208  202  198  190  181  173  166
  162  163  166  169  185  191  198  205  206  202  198  193  180  173  166  160
  165  175  187  200  221  240  258  277  293  302  311  320  319  328  337  346
  361  380  399  416  443  461  477  489  496  491  485  476  464  452  440  429
  421  419  416  412  411  409  403  395  368
    25.0-180.0 180.0   5.0 450.0                            LAT/LON1/LON2/DLON/H
  405  383  358  332  303  281  261  243  229  219  212  207  200  191  184  177
  173  173  174  177  195  202  208  215  213  209  204  198  177  170  163  157
  158  167  178  191  215  233  252  271  287  297  307  315  315  326  338  349
  364  388  411  433  464  487  507  522  532  530  526  518  506  495  483  470
  456  455  452  448  443  442  439  432  405
    22.5-180.0 180.0   5.0 450.0                            LAT/LON1/LON2/DLON/H
  440  419  394  368  337  314  291  269  248  237  229  223  213  204  197  191
  184  184  184  186  206  212  217  223  214  210  205  199  169  162  156  151
  148  157  168  180  206  224  243  262  279  290  300  309  311  325  339  352
  370  397  423  447  480  506  528  545  556  557  554  547  538  529  519  506
  488  487  484  480  475  476  473  467  440
    20.0-180.0 180.0   5.0 450.0                            LAT/LON1/LON2/DLON/H
  472  453  428  400  367  344  318  293  267  254  243  233  227  219  212  207
  201  201  201  201  214  220  225  229  221  207  193  178  148  138  128  119
  120  126  133  143  191  211  233  255  273  284  295  306  314  330  346  361
  381  411  438  462  488  510  530  546  558  561  563  563  557  549  540  532
  521  517  513  509  511  510  508  502  472
    17.5-180.0 180.0   5.0 450.0                            LAT/LON1/LON2/DLON/H
  492  474  451  424  394  370  343  316  288  273  260  248  241  232  225  219
  215  214  212  211  222  226  229  232  216  201  186  170  141  130  119  110
  107  112  120  130  179  200  223  246  267  280  292  305  321  339  355  372
  395  422  447  470  488  506  521  535  544  550  554  557  558  556  553  547
  538  536  534  529  529  528  524  518  492
    15.0-180.0 180.0   5.0 450.0                            LAT/LON1/LON2/DLON/H
  495  480  460  436  406  382  356  330  304  288  274  261  255  246  238  232
  227  224  221  219  225  227  229  230  206  191  175  158  130  118  108   99
   95  100  108  118  169  190  214  238  261  277  291  305  329  348  366  384
  409  433  455  476  487  499  509  518  526  533  540  545  551  555  558  556
  548  548  547  543  541  537  531  524  495
    12.5-180.0 180.0   5.0 450.0                            LAT/LON1/LON2/DLON/H
  488  475  458  438  404  382  358  334  313  298  284  271  266  258  250  244
  237  233  229  225  225  225  225  224  192  177  160  144  119  107   97   88
   85   90   97  107  160  182  206  231  258  275  292  309  337  357  377  397
  422  443  462  480  488  493  498  502  510  518  525  532  540  549  556  559
  551  552  552  549  547  540  531  521  488
    10.0-180.0 180.0   5.0 450.0                            LAT/LON1/LON2/DLON/H
  496  476  452  426  387  370  352  334  312  304  296  289  282  276  269  262
  246  237  227  216  215  205  195  184  172  157  143  129  107   97   89   82
   83   84   89   97  141  168  197  226  243  267  290  312  340  364  387  407
  432  448  461  473  480  484  487  490  491  500  508  516  524  532  538  542
  547  548  548  547  545  535  525  514  496
     7.5-180.0 180.0   5.0 450.0                            LAT/LON1/LON2/DLON/H
  487  463  434  403  370  351  332  315  303  296  290  284  286  280  274  268
  253  243  231  219  209  198  185  173  157  143  129  116  100   92   84   79
   77   79   84   93  136  162  190  219  242  265  288  309  340  366  389  409
  436  455  470  483  492  497  501  505  510  516  521  525  531  536  539  539
  544  547  549  547  538  532  523  512  487
     5.0-180.0 180.0   5.0 450.0                            LAT/LON1/LON2/DLON/H
  485  457  424  390  356  336  317  300  293  287  282  278  285  280  275  270
  255  244  231  218  202  189  175  161  145  132  119  108   96   89   83   79
   75   78   84   93  132  156  184  213  238  260  282  304  334  361  384  405
  438  459  477  492  510  517  523  528  535  538  539  539  536  538  538  534
  535  540  543  543  529  524  518  509  485
     2.5-180.0 180.0   5.0 450.0                            LAT/LON1/LON2/DLON/H
  491  460  426  390  348  328  310  293  284  280  276  273  279  276  272  268
  251  239  226  212  191  177  162  148  135  124  113  104   96   90   86   84
   77   81   87   96  127  151  177  206  230  253  275  297  324  351  376  399
  437  460  481  498  530  540  548  554  559  560  559  555  535  535  532  525
  520  528  532  533  519  517  512  505  491
