o1pg2060-20230726.23i
     1.0            IONOSPHERE MAPS     GNSS                IONEX VERSION / TYPE
IONINX V4.3         AIUB                01-Aug-23 09:17     PGM / RUN BY / DATE 
406 1-DAY PREDICTED IONOSPHERE MAPS FOR DAY 206, 2023       COMMENT             
We use the deep learning algorithm, based on the global     DESCRIPTION         
ionospheric map provided by CODE and the final global       DESCRIPTION         
ionospheric map combined by IGS, and use our proposed       DESCRIPTION         
spatiotemporal network model to predict the global          DESCRIPTION         
ionospheric map of the next day.                            DESCRIPTION         
Contact address: wanghongyue@stu.cdut.edu.cn                DESCRIPTION         
  2023    07    25     0     0     0                        EPOCH OF FIRST MAP  
  2023    07    25    22     0     0                        EPOCH OF LAST MAP   
  7200                                                      INTERVAL            
    12                                                      # OF MAPS IN FILE   
  NONE                                                      MAPPING FUNCTION    
     0.0                                                    ELEVATION CUTOFF    
TEC prediction calculated as a spatiotemporal network model OBSERVABLES USED    
  6371.0                                                    BASE RADIUS         
     2                                                      MAP DIMENSION       
   450.0 450.0   0.0                                        HGT1 / HGT2 / DHGT  
    87.5 -87.5  -2.5                                        LAT1 / LAT2 / DLAT  
  -180.0 180.0   5.0                                        LON1 / LON2 / DLON  
    -1                                                      EXPONENT            
TEC values in 0.1 tec units;  9999, if no value available   COMMENT             
                                                            END OF HEADER       
[from data line 2574]
     7                                                      START OF TEC MAP    
  2023    07    25    12     0     0                        EPOCH OF CURRENT MAP
    87.5-180.0 180.0   5.0 450.0                            LAT/LON1/LON2/DLON/H
  173  173  173  173  173  174  176  177  182  183  183  184  189  190  190  190
  192  192  193  193  192  193  193  193  191  191  191  191  188  188  189  189
  187  187  187  187  184  184  183  182  183  182  181  180  182  181  180  180
  182  182  181  181  179  179  178  178  176  176  176  176  174  174  174  174
  174  175  175  174  173  174  175  175  173
    85.0-180.0 180.0   5.0 450.0                            LAT/LON1/LON2/DLON/H
  170  170  171  172  173  174  177  179  183  184  185  186  191  192  192  192
  193  194  194  194  195  195  194  194  193  193  193  192  190  190  190  190
  188  187  187  187  184  183  182  181  181  180  178  177  179  177  176  175
  178  177  176  175  174  173  173  173  172  172  171  171  171  170  169  169
  170  171  170  170  170  170  171  171  170
    82.5-180.0 180.0   5.0 450.0                            LAT/LON1/LON2/DLON/H
  165  166  168  169  171  173  176  179  181  183  184  186  190  190  191  191
  192  193  193  193  194  194  194  194  193  193  192  191  190  190  190  189
  189  188  187  186  185  184  182  181  181  179  178  176  177  175  174  173
  175  174  172  171  172  171  170  170  171  170  170  169  170  169  167  167
  168  168  167  166  165  165  165  165  165
    80.0-180.0 180.0   5.0 450.0                            LAT/LON1/LON2/DLON/H
  163  162  162  161  164  166  168  170  175  177  178  179  181  183  183  184
  184  185  185  185  186  186  186  186  188  188  188  188  192  192  192  192
  195  194  193  193  192  191  190  189  185  184  183  182  179  178  178  178
  179  179  179  179  179  179  178  178  179  177  176  175  173  171  169  167
  166  164  161  159  162  160  158  157  163
    77.5-180.0 180.0   5.0 450.0                            LAT/LON1/LON2/DLON/H
  160  159  158  157  159  162  163  165  167  169  170  170  173  174  175  175
  175  176  177  177  177  178  178  179  180  181  182  182  187  189  190  191
  195  195  196  196  196  195  194  193  190  189  188  187  184  184  184  184
  186  186  186  187  189  188  188  188  189  188  187  186  182  180  177  174
  171  167  164  160  159  156  154  151  160
    75.0-180.0 180.0   5.0 450.0                            LAT/LON1/LON2/DLON/H
  159  158  156  155  156  157  158  159  160  161  162  161  164  165  166  166
  166  167  168  169  169  170  171  172  173  175  177  178  184  187  189  192
  196  198  200  201  202  201  201  200  198  197  196  195  194  194  194  194
  197  197  197  197  201  201  200  200  202  201  199  198  194  191  187  183
  178  173  169  164  159  155  152  148  159
    72.5-180.0 180.0   5.0 450.0                            LAT/LON1/LON2/DLON/H
  159  158  156  154  153  154  154  154  153  154  153  152  155  155  155  155
  157  158  160  161  162  163  165  166  168  170  172  174  182  186  189  192
  199  202  205  207  209  209  208  207  207  206  205  204  204  204  204  205
  208  208  208  208  212  212  211  210  214  212  210  207  206  201  196  191
  186  181  175  169  162  158  153  149  159
    70.0-180.0 180.0   5.0 450.0                            LAT/LON1/LON2/DLON/H
  159  157  154  151  150  151  151  151  149  149  149  148  150  152  154  155
  156  158  160  163  164  165  167  168  171  174  176  179  186  191  197  202
  204  208  212  215  215  216  215  214  214  215  215  213  212  214  215  215
  214  216  217  218  214  216  216  217  214  214  213  212  209  205  200  196
  191  185  178  170  163  159  153  147  159
    67.5-180.0 180.0   5.0 450.0                            LAT/LON1/LON2/DLON/H
  160  158  155  151  149  148  148  147  146  145  145  145  147  149  151  152
  154  157  160  163  164  167  169  170  172  176  178  181  187  194  199  204
  208  214  218  220  221  222  221  220  221  222  222  220  221  223  223  221
  221  222  221  219  216  217  217  216  216  216  215  214  213  210  206  201
  198  191  184  176  167  163  157  151  160
    65.0-180.0 180.0   5.0 450.0                            LAT/LON1/LON2/DLON/H
  160  157  153  149  146  145  143  142  141  141  141  141  144  146  148  150
  154  157  160  164  165  168  171  173  175  178  181  183  191  197  203  207
  213  218  222  224  225  226  226  224  227  228  228  226  229  229  228  226
  225  224  221  217  215  215  214  212  214  215  215  215  215  212  209  205
  201  195  187  179  170  165  159  153  160
    62.5-180.0 180.0   5.0 450.0                            LAT/LON1/LON2/DLON/H
  159  155  150  146  142  140  138  136  137  137  137  137  142  144  146  148
  153  156  160  164  165  169  172  175  178  181  184  186  194  201  206  210
  216  221  225  227  226  228  228  227  230  231  231  231  233  232  230  228
  226  223  218  213  212  211  210  207  212  213  214  214  214  213  210  207
  203  197  190  182  174  169  163  157  159
    60.0-180.0 180.0   5.0 450.0                            LAT/LON1/LON2/DLON/H
  154  148  143  137  130  126  124  122  122  123  125  128  133  137  142  147
  152  156  161  167  162  166  169  173  177  180  183  186  197  202  208  213
  221  225  228  232  232  233  233  233  237  238  237  236  237  235  231  226
  225  221  217  212  208  209  209  208  209  211  213  214  220  219  217  215
  213  206  199  191  180  172  163  153  154
    57.5-180.0 180.0   5.0 450.0                            LAT/LON1/LON2/DLON/H
  154  148  141  135  127  122  118  115  114  114  115  118  125  129  134  140
  148  152  157  163  162  166  170  174  178  183  187  190  200  206  212  218
  225  228  231  234  234  235  236  237  240  241  241  240  238  236  233  228
  223  220  217  213  209  210  211  211  214  217  219  221  226  225  223  221
  219  212  204  195  183  174  165  155  154
    55.0-180.0 180.0   5.0 450.0                            LAT/LON1/LON2/DLON/H
  156  150  143  136  127  121  115  111  108  107  108  109  116  120  126  132
  142  147  152  159  161  165  170  174  179  185  191  195  204  212  218  223
  230  233  236  238  239  240  242  244  245  246  246  246  242  240  236  231
  224  222  220  216  214  216  218  220  225  228  231  232  237  236  234  230
  229  221  212  203  188  179  170  160  156
    52.5-180.0 180.0   5.0 450.0                            LAT/LON1/LON2/DLON/H
  161  154  147  140  131  123  116  110  104  103  102  103  108  112  117  124
  136  140  146  153  159  164  169  174  182  189  195  200  209  217  224  229
  236  239  241  242  245  247  249  251  250  251  252  252  246  243  239  234
  228  227  225  223  224  227  229  231  239  243  246  247  250  249  246  241
  238  231  223  213  198  189  179  170  161
    50.0-180.0 180.0   5.0 450.0                            LAT/LON1/LON2/DLON/H
  166  161  155  150  136  128  120  113  104   99   96   94   98  102  108  115
  128  136  145  155  157  163  169  175  185  192  198  204  216  224  230  235
  240  244  248  251  256  260  264  267  267  265  263  261  258  253  249  244
  238  237  235  234  234  239  243  245  248  254  257  258  262  261  257  252
  248  238  228  216  199  189  179  170  166
    47.5-180.0 180.0   5.0 450.0                            LAT/LON1/LON2/DLON/H
  176  171  166  161  148  140  131  123  112  106  101   97   98  101  106  113
  130  138  148  158  163  169  176  182  192  199  205  210  222  229  235  240
  246  251  255  259  267  271  274  277  277  275  272  268  264  260  255  250
  247  247  245  243  246  250  253  255  259  263  265  266  271  269  265  260
  256  247  236  224  206  196  187  178  176
    45.0-180.0 180.0   5.0 450.0                            LAT/LON1/LON2/DLON/H
  183  179  174  170  160  152  144  136  122  115  109  104  101  103  107  113
  134  142  152  164  172  178  185  192  200  206  212  217  227  233  239  244
  251  257  263  269  279  284  288  291  290  288  285  280  275  272  267  262
  258  257  255  252  252  256  258  259  261  264  266  267  271  268  264  260
  257  247  237  226  210  201  192  183  183
    42.5-180.0 180.0   5.0 450.0                            LAT/LON1/LON2/DLON/H
  186  183  179  176  169  162  154  146  133  125  118  111  106  107  111  116
  139  148  158  170  180  187  194  201  207  213  219  224  229  236  241  246
  254  262  270  278  291  298  303  307  304  303  300  295  292  288  284  279
  272  271  269  266  259  262  263  264  263  265  267  268  270  268  265  261
  256  247  238  229  214  206  197  189  186
    40.0-180.0 180.0   5.0 450.0                            LAT/LON1/LON2/DLON/H
  179  177  176  175  164  161  158  154  145  137  129  121  115  117  120  123
  139  152  168  184  193  201  209  216  219  223  225  227  236  240  244  249
  266  276  288  300  314  320  326  333  334  331  328  325  318  312  307  303
  293  287  281  275  269  265  263  260  260  260  261  261  261  258  253  248
  246  238  229  220  215  205  195  187  179
    37.5-180.0 180.0   5.0 450.0                            LAT/LON1/LON2/DLON/H
  179  175  172  170  162  160  157  155  149  144  138  132  125  126  129  131
  143  157  172  189  200  209  217  224  227  230  232  233  240  246  251  256
  274  289  304  318  337  346  353  359  363  361  359  355  349  343  337  330
  319  312  304  296  284  280  277  273  271  270  268  266  269  263  257  250
  251  242  233  223  217  206  196  187  179
    35.0-180.0 180.0   5.0 450.0                            LAT/LON1/LON2/DLON/H
  181  175  170  166  158  157  155  154  151  148  144  141  134  135  136  137
  146  160  175  192  205  215  223  230  233  235  237  239  244  251  258  265
  283  302  320  337  358  370  380  386  392  391  389  386  383  377  369  360
  350  342  333  323  309  305  300  295  292  289  285  281  280  273  265  256
  257  247  237  227  218  207  197  187  181
    32.5-180.0 180.0   5.0 450.0                            LAT/LON1/LON2/DLON/H
  183  176  170  165  156  155  154  154  152  150  149  147  141  141  141  142
  148  161  176  192  208  217  226  233  236  239  241  243  248  258  267  276
  293  316  337  357  380  394  406  414  422  423  422  419  418  412  403  393
  386  378  368  356  346  342  336  329  324  320  315  307  301  292  283  273
  269  259  248  238  227  215  203  193  183
    30.0-180.0 180.0   5.0 450.0                            LAT/LON1/LON2/DLON/H
  200  191  183  175  158  155  153  151  152  151  149  148  144  141  138  135
  145  156  169  182  201  213  225  236  238  242  245  249  258  268  279  291
  313  337  363  389  404  417  429  441  449  450  451  453  445  438  433  431
  415  409  405  402  393  389  384  380  373  363  353  342  330  317  305  294
  286  272  259  248  251  235  220  208  200
    27.5-180.0 180.0   5.0 450.0                            LAT/LON1/LON2/DLON/H
  218  207  196  185  169  163  157  152  158  154  151  148  146  142  139  136
  145  156  169  183  204  216  228  240  239  245  250  255  262  276  290  304
  331  356  382  407  427  439  452  463  472  475  479  483  477  476  475  475
  464  463  462  460  456  452  446  437  428  413  397  378  358  341  325  310
  305  290  277  265  264  249  235  222  218
    25.0-180.0 180.0   5.0 450.0                            LAT/LON1/LON2/DLON/H
  239  227  215  202  186  177  168  160  165  160  155  150  149  144  141  138
  147  158  171  185  206  218  231  244  241  249  256  264  268  286  304  320
  348  373  398  422  441  453  464  474  482  488  494  500  501  504  508  510
  508  511  513  513  513  508  500  487  470  450  427  402  376  357  338  319
  317  303  291  279  275  261  248  236  239
    22.5-180.0 180.0   5.0 450.0                            LAT/LON1/LON2/DLON/H
  257  245  232  219  205  194  183  173  173  166  159  153  150  146  142  140
  150  160  173  187  208  220  233  246  240  251  262  271  276  298  318  337
  365  388  412  434  450  461  471  480  486  493  501  509  514  521  528  533
  542  549  553  554  558  552  540  523  497  472  444  413  384  363  342  321
  326  313  302  291  287  274  263  252  257
    20.0-180.0 180.0   5.0 450.0                            LAT/LON1/LON2/DLON/H
  272  266  257  246  230  220  207  194  182  172  163  154  150  146  143  140
  151  161  175  189  209  219  229  240  247  254  262  271  276  301  326  351
  372  395  419  441  459  466  474  481  486  497  509  521  516  531  545  557
  564  578  589  598  589  581  568  552  522  490  456  419  403  383  364  345
  333  322  312  303  292  281  270  261  272
    17.5-180.0 180.0   5.0 450.0                            LAT/LON1/LON2/DLON/H
  278  273  265  255  247  236  224  210  192  181  170  159  151  146  141  138
  149  160  174  190  209  219  230  242  247  257  267  277  292  317  342  367
  390  411  433  454  460  466  473  482  489  499  510  522  526  539  552  563
  573  587  598  603  590  580  565  545  508  473  436  399  380  360  341  323
  316  306  298  292  290  282  273  265  278
    15.0-180.0 180.0   5.0 450.0                            LAT/LON1/LON2/DLON/H
  273  268  262  253  252  242  230  217  197  185  172  160  152  146  140  136
  146  157  171  187  206  217  230  243  246  260  273  285  306  331  356  381
  405  425  444  464  467  473  480  488  496  505  515  527  531  542  552  562
  571  584  592  594  580  567  548  526  487  450  412  375  355  335  317  300
  299  290  284  279  285  278  271  264  273
    12.5-180.0 180.0   5.0 450.0                            LAT/LON1/LON2/DLON/H
  259  256  250  244  246  237  227  215  197  184  171  159  151  144  138  133
  142  153  168  184  202  214  229  244  247  263  279  294  319  344  369  393
  417  436  454  472  479  485  492  500  508  516  525  535  533  541  548  556
  561  570  575  575  565  548  526  503  463  425  387  352  332  313  295  279
  283  275  269  265  277  270  265  259  259
    10.0-180.0 180.0   5.0 450.0                            LAT/LON1/LON2/DLON/H
  243  241  239  238  222  217  211  206  183  173  163  153  147  142  137  132
  131  142  156  172  188  205  224  243  244  267  290  312  335  364  392  417
  438  454  468  480  492  504  515  524  529  537  543  547  538  545  551  554
  557  560  561  559  545  525  504  482  448  413  380  348  327  306  288  272
  272  268  266  266  271  268  265  263  243
     7.5-180.0 180.0   5.0 450.0                            LAT/LON1/LON2/DLON/H
  225  221  218  215  202  197  191  186  175  166  157  149  145  140  135  131
  127  137  151  166  184  201  219  238  250  274  298  321  351  379  405  429
  448  464  478  491  505  518  529  538  544  548  550  550  540  543  544  545
  546  549  549  546  529  513  495  476  448  415  383  353  336  315  295  278
  271  267  264  263  267  264  262  258  225
     5.0-180.0 180.0   5.0 450.0                            LAT/LON1/LON2/DLON/H
  215  208  203  198  185  179  173  168  164  156  148  141  141  135  131  126
  121  130  143  158  179  197  215  235  257  282  308  332  365  390  415  438
  454  470  485  497  511  524  536  547  550  550  548  545  536  534  532  530
  536  537  536  534  518  507  494  479  455  425  396  369  354  332  312  293
  277  272  268  266  267  263  259  255  215
     2.5-180.0 180.0   5.0 450.0                            LAT/LON1/LON2/DLON/H
  214  205  197  190  175  167  161  156  154  147  141  135  136  131  126  122
  115  125  137  151  175  193  213  233  263  291  318  343  376  401  424  446
  455  472  487  501  508  523  536  547  546  543  538  533  527  522  517  513
  528  528  526  524  513  507  499  490  466  440  415  391  374  352  332  313
  286  279  274  271  269  265  259  254  214
