o1pg2120-20230801.23i
     1.0            IONOSPHERE MAPS     GNSS                IONEX VERSION / TYPE
IONINX V4.3         AIUB                01-Aug-23 09:25     PGM / RUN BY / DATE 
406 1-DAY PREDICTED IONOSPHERE MAPS FOR DAY 212, 2023       COMMENT             
We use the deep learning algorithm, based on the global     DESCRIPTION         
ionospheric map provided by CODE and the final global       DESCRIPTION         
ionospheric map combined by IGS, and use our proposed       DESCRIPTION         
spatiotemporal network model to predict the global          DESCRIPTION         
ionospheric map of the next day.                            DESCRIPTION         
Contact address: wanghongyue@stu.cdut.edu.cn                DESCRIPTION         
  2023    07    31     0     0     0                        EPOCH OF FIRST MAP  
  2023    07    31    22     0     0                        EPOCH OF LAST MAP   
  7200                                                      INTERVAL            
    12                                                      # OF MAPS IN FILE   
  NONE                                                      MAPPING FUNCTION    
     0.0                                                    ELEVATION CUTOFF    
TEC prediction calculated as a spatiotemporal network model OBSERVABLES USED    
  6371.0                                                    BASE RADIUS         
     2                                                      MAP DIMENSION       
   450.0 450.0   0.0                                        HGT1 / HGT2 / DHGT  
    87.5 -87.5  -2.5                                        LAT1 / LAT2 / DLAT  
  -180.0 180.0   5.0                                        LON1 / LON2 / DLON  
    -1                                                      EXPONENT            
TEC values in 0.1 tec units;  9999, if no value available   COMMENT             
                                                            END OF HEADER       
[from data line 3003]
     8                                                      START OF TEC MAP    
  2023    07    31    14     0     0                        EPOCH OF CURRENT MAP
    87.5-180.0 180.0   5.0 450.0                            LAT/LON1/LON2/DLON/H
  171  171  172  174  172  173  174  176  179  180  181  181  181  181  181  181
  180  181  181  181  180  180  181  181  179  179  178  178  177  177  176  176
  177  177  176  176  178  177  176  175  177  177  177  176  176  176  176  176
  176  176  176  176  174  174  174  174  172  173  173  174  173  173  173  173
  173  174  173  172  171  172  173  174  171
    85.0-180.0 180.0   5.0 450.0                            LAT/LON1/LON2/DLON/H
  165  167  169  171  171  173  175  177  180  181  182  183  184  184  184  184
  184  184  185  185  185  184  184  184  184  183  182  181  180  179  178  177
  178  177  175  174  175  174  172  171  172  171  171  170  170  169  169  169
  170  169  169  169  168  168  168  168  168  169  169  169  169  169  169  168
  168  168  168  167  166  168  169  170  165
    82.5-180.0 180.0   5.0 450.0                            LAT/LON1/LON2/DLON/H
  157  160  163  166  167  170  173  176  177  179  181  182  184  184  185  185
  185  185  186  186  187  186  186  185  186  185  184  182  182  180  179  177
  178  176  174  172  173  171  169  168  168  167  166  165  164  164  163  163
  164  164  164  163  164  164  164  163  166  166  166  165  166  165  165  164
  162  162  162  161  160  162  163  163  157
    80.0-180.0 180.0   5.0 450.0                            LAT/LON1/LON2/DLON/H
  155  156  157  158  160  163  167  171  172  175  177  179  177  179  180  181
  179  180  182  183  183  183  183  184  185  184  183  183  186  184  182  180
  182  180  177  176  175  173  171  170  167  167  167  166  163  164  165  166
  165  166  167  168  167  167  167  167  169  169  168  167  166  165  163  161
  157  155  154  152  153  152  152  152  155
    77.5-180.0 180.0   5.0 450.0                            LAT/LON1/LON2/DLON/H
  149  150  151  152  154  157  160  163  165  168  170  171  171  172  174  175
  173  175  177  179  177  179  180  181  181  181  181  181  184  183  182  180
  182  181  179  178  177  175  173  172  169  169  169  169  167  168  169  170
  170  171  172  173  173  173  173  173  175  174  173  171  169  167  165  162
  156  153  151  148  147  145  144  144  149
    75.0-180.0 180.0   5.0 450.0                            LAT/LON1/LON2/DLON/H
  147  147  148  149  150  153  156  158  159  161  163  164  165  167  168  169
  168  170  172  174  174  176  177  179  179  180  181  181  185  185  184  183
  185  184  184  183  181  180  178  176  175  175  174  174  174  175  176  177
  177  178  179  180  181  181  180  179  181  180  178  176  173  170  167  163
  156  153  149  146  143  141  139  138  147
    72.5-180.0 180.0   5.0 450.0                            LAT/LON1/LON2/DLON/H
  145  145  146  146  148  150  152  153  153  155  156  157  159  160  161  162
  162  165  167  168  170  172  174  175  178  179  180  181  185  186  186  186
  188  188  188  188  187  186  185  182  182  182  181  180  182  182  183  184
  185  185  186  186  187  186  185  184  186  183  181  178  175  172  168  163
  157  153  149  145  143  140  137  135  145
    70.0-180.0 180.0   5.0 450.0                            LAT/LON1/LON2/DLON/H
  143  143  143  143  145  148  152  156  154  156  158  160  158  160  161  163
  163  166  169  172  172  176  179  182  184  185  187  188  189  191  192  193
  191  193  193  194  192  192  190  188  190  190  190  189  189  191  192  192
  190  192  192  193  188  188  188  187  182  180  178  176  171  168  164  160
  153  149  145  140  140  138  135  132  143
    67.5-180.0 180.0   5.0 450.0                            LAT/LON1/LON2/DLON/H
  141  141  142  141  144  147  150  154  154  156  158  160  160  162  163  165
  165  168  172  175  175  179  182  185  187  188  190  190  191  193  195  195
  196  197  198  197  198  197  195  192  195  195  195  194  195  196  197  196
  195  195  194  193  188  188  187  185  181  179  177  174  170  167  163  159
  153  149  144  139  139  136  134  131  141
    65.0-180.0 180.0   5.0 450.0                            LAT/LON1/LON2/DLON/H
  138  138  137  137  141  144  147  150  152  155  158  161  162  165  167  168
  168  172  175  179  179  182  186  189  190  191  192  193  194  196  198  199
  200  201  202  201  202  201  200  197  200  200  200  199  200  201  200  200
  198  197  195  192  187  186  184  181  179  177  174  171  168  164  160  156
  151  147  142  137  136  134  131  129  138
    62.5-180.0 180.0   5.0 450.0                            LAT/LON1/LON2/DLON/H
  133  132  132  131  137  139  142  145  150  154  157  161  165  168  170  172
  172  175  179  182  181  185  188  191  192  194  194  195  197  199  201  202
  202  204  204  204  205  204  203  200  203  203  203  202  203  203  202  201
  198  196  193  190  185  183  181  177  177  175  172  169  165  161  157  153
  148  144  139  135  135  132  130  128  133
    60.0-180.0 180.0   5.0 450.0                            LAT/LON1/LON2/DLON/H
  122  121  121  121  122  124  128  134  141  147  154  162  165  167  169  171
  172  173  174  176  179  183  187  190  193  195  197  199  199  202  204  207
  207  208  209  210  210  209  208  207  210  209  207  206  207  206  204  202
  202  199  196  192  190  188  186  184  182  180  177  174  171  166  161  156
  149  144  139  134  131  127  124  120  122
    57.5-180.0 180.0   5.0 450.0                            LAT/LON1/LON2/DLON/H
  117  116  115  115  115  116  120  124  133  139  147  156  163  166  170  173
  175  176  177  178  180  184  188  191  194  197  200  203  203  207  210  213
  212  212  213  213  213  213  212  212  214  214  213  211  211  210  209  206
  203  202  199  196  195  194  192  190  190  188  185  181  179  173  166  158
  150  144  138  132  127  123  119  116  117
    55.0-180.0 180.0   5.0 450.0                            LAT/LON1/LON2/DLON/H
  116  114  112  111  110  110  113  117  125  131  139  149  159  164  169  174
  176  178  179  180  180  184  188  191  195  199  204  208  209  213  217  220
  218  218  218  218  219  219  220  220  221  221  220  219  216  216  215  212
  209  208  206  204  205  204  203  202  203  201  197  193  190  182  174  165
  154  147  140  133  126  121  118  115  116
    52.5-180.0 180.0   5.0 450.0                            LAT/LON1/LON2/DLON/H
  117  114  112  110  108  107  108  111  119  125  133  143  155  161  167  172
  176  178  180  181  180  184  187  191  197  203  208  213  215  220  224  227
  225  225  224  224  227  227  228  229  227  228  227  226  223  223  221  218
  217  216  216  214  218  218  217  216  218  215  212  208  201  193  183  173
  161  154  146  139  129  125  121  118  117
    50.0-180.0 180.0   5.0 450.0                            LAT/LON1/LON2/DLON/H
  127  122  118  114  110  108  109  110  119  126  134  144  157  164  172  179
  178  181  183  185  188  190  192  194  203  209  215  221  224  230  235  239
  238  238  238  238  243  242  240  239  239  237  235  232  234  232  231  230
  231  232  233  233  231  233  234  233  231  229  225  219  212  205  196  187
  177  169  160  151  138  134  131  128  127
    47.5-180.0 180.0   5.0 450.0                            LAT/LON1/LON2/DLON/H
  136  131  127  124  118  116  116  117  124  129  137  146  161  168  175  184
  188  190  192  195  196  198  200  203  211  217  223  228  232  237  242  246
  245  246  247  248  252  252  252  250  249  247  245  241  239  239  239  238
  240  241  241  240  240  241  240  237  237  234  229  223  219  211  203  194
  187  177  168  159  147  143  139  136  136
    45.0-180.0 180.0   5.0 450.0                            LAT/LON1/LON2/DLON/H
  144  140  136  133  128  126  125  125  130  136  143  151  166  173  181  189
  199  201  204  207  207  209  212  214  220  226  231  237  239  245  249  253
  252  256  259  262  265  267  267  267  262  261  259  255  250  251  251  251
  250  250  250  249  246  244  242  238  237  233  228  222  221  214  206  198
  194  185  176  167  157  152  148  144  144
    42.5-180.0 180.0   5.0 450.0                            LAT/LON1/LON2/DLON/H
  149  146  143  141  135  133  132  132  138  143  150  158  173  180  188  197
  210  213  216  220  218  221  224  226  229  234  240  244  245  250  255  259
  261  267  273  278  281  284  286  286  277  276  274  270  265  266  267  266
  262  262  261  259  250  248  244  239  234  231  226  221  220  215  209  202
  201  193  184  175  166  161  157  153  149
    40.0-180.0 180.0   5.0 450.0                            LAT/LON1/LON2/DLON/H
  154  151  149  149  142  142  143  143  146  153  161  169  176  188  200  211
  218  223  227  230  230  233  235  236  243  247  251  255  263  267  272  277
  285  290  297  307  313  312  312  312  306  301  297  293  285  283  281  280
  281  276  271  267  257  251  243  236  231  227  222  217  220  217  215  212
  208  201  194  188  187  181  175  170  154
    37.5-180.0 180.0   5.0 450.0                            LAT/LON1/LON2/DLON/H
  156  152  149  147  141  142  143  145  149  158  168  179  189  201  212  222
  230  235  238  241  243  246  248  249  255  259  263  267  275  281  289  297
  307  318  330  342  350  351  350  348  341  336  330  323  313  310  306  302
  302  296  289  282  269  261  253  243  236  231  225  219  227  223  219  216
  215  208  201  194  191  184  178  173  156
    35.0-180.0 180.0   5.0 450.0                            LAT/LON1/LON2/DLON/H
  158  152  148  145  137  139  141  145  148  159  171  185  199  210  221  231
  238  243  247  249  252  255  258  259  267  271  275  280  290  299  309  321
  337  353  369  384  391  393  392  388  379  373  367  359  345  341  335  328
  327  319  310  301  284  275  265  254  245  239  232  225  234  230  226  222
  221  214  207  199  195  188  181  175  158
    32.5-180.0 180.0   5.0 450.0                            LAT/LON1/LON2/DLON/H
  159  153  148  144  133  136  139  143  145  158  173  188  206  217  228  238
  244  249  253  256  260  263  266  268  279  283  288  294  308  320  333  347
  370  391  411  428  434  437  436  431  418  413  405  396  378  372  365  356
  354  346  335  323  306  296  285  273  260  253  246  239  245  242  238  233
  229  222  214  207  202  194  187  180  159
    30.0-180.0 180.0   5.0 450.0                            LAT/LON1/LON2/DLON/H
  169  161  152  144  130  131  133  137  139  154  172  190  207  219  231  242
  246  252  256  260  259  266  273  277  284  293  303  313  329  349  371  395
  411  433  456  478  478  477  475  472  455  446  438  430  415  404  395  387
  390  380  370  360  344  331  318  305  287  276  267  259  264  256  249  245
  246  237  230  223  227  214  202  191  169
    27.5-180.0 180.0   5.0 450.0                            LAT/LON1/LON2/DLON/H
  181  171  160  149  135  133  132  133  136  150  167  185  206  219  232  245
  249  256  261  266  270  277  283  289  297  308  320  332  351  377  403  428
  452  475  498  517  516  515  512  506  488  480  472  465  449  439  429  421
  427  416  404  392  381  365  347  329  312  300  289  278  277  269  262  257
  255  248  241  235  237  225  214  203  181
    25.0-180.0 180.0   5.0 450.0                            LAT/LON1/LON2/DLON/H
  194  183  171  158  144  140  136  134  134  147  163  180  204  219  234  248
  254  261  268  274  282  288  294  301  311  325  339  353  373  403  433  461
  487  509  529  545  542  539  535  528  513  505  498  491  481  471  462  454
  461  449  435  421  408  388  366  343  324  311  299  287  282  275  269  264
  258  252  247  242  242  232  222  213  194
    22.5-180.0 180.0   5.0 450.0                            LAT/LON1/LON2/DLON/H
  204  193  180  167  154  148  143  139  134  145  160  176  202  218  234  250
  259  267  275  282  292  299  306  313  324  340  357  372  395  428  459  488
  512  530  546  558  556  551  545  536  527  520  514  507  504  496  488  479
  485  472  458  442  421  398  373  347  327  314  301  288  283  277  273  268
  258  254  250  247  247  238  230  222  204
    20.0-180.0 180.0   5.0 450.0                            LAT/LON1/LON2/DLON/H
  213  204  193  181  160  156  152  148  141  146  154  164  194  214  236  258
  264  273  282  291  303  311  318  325  332  351  371  392  417  450  481  512
  532  544  554  561  554  548  541  534  530  527  525  523  513  512  510  508
  509  496  481  463  423  397  371  346  331  316  304  293  294  288  283  278
  270  264  258  252  249  242  235  228  213
    17.5-180.0 180.0   5.0 450.0                            LAT/LON1/LON2/DLON/H
  214  205  195  184  169  165  161  155  144  147  153  161  191  212  234  256
  265  275  286  297  308  316  325  335  344  366  387  409  437  467  496  523
  533  542  548  554  541  536  531  527  529  529  529  529  526  525  524  521
  522  504  484  460  414  384  356  329  317  301  289  279  284  278  273  268
  263  257  252  247  248  241  233  226  214
    15.0-180.0 180.0   5.0 450.0                            LAT/LON1/LON2/DLON/H
  206  198  189  179  170  166  161  155  145  146  150  155  188  209  231  254
  264  277  289  302  310  321  332  344  357  381  404  426  456  482  506  528
  532  537  540  543  533  530  527  526  530  533  535  537  535  534  533  529
  525  502  477  449  405  372  341  313  307  291  279  271  277  270  264  259
  255  250  244  240  242  234  226  219  206
    12.5-180.0 180.0   5.0 450.0                            LAT/LON1/LON2/DLON/H
  193  185  177  169  164  160  155  149  142  142  144  149  185  206  228  250
  262  277  291  305  313  326  340  353  372  397  420  442  473  493  513  530
  530  533  534  534  531  530  531  532  535  539  543  547  540  540  537  534
  520  494  465  435  397  362  330  300  303  288  277  269  271  264  258  252
  247  240  235  230  235  226  217  208  193
    10.0-180.0 180.0   5.0 450.0                            LAT/LON1/LON2/DLON/H
  170  165  160  155  142  139  137  137  133  132  134  137  166  190  216  243
  253  269  285  300  300  318  336  354  374  401  427  452  486  503  519  533
  538  539  539  539  531  537  542  545  548  555  559  561  548  545  540  532
  524  496  465  433  395  368  344  323  313  300  290  283  274  266  258  250
  240  234  229  224  217  208  200  194  170
     7.5-180.0 180.0   5.0 450.0                            LAT/LON1/LON2/DLON/H
  156  150  144  139  128  125  124  125  125  125  129  135  163  188  215  243
  255  272  288  303  307  327  345  363  391  419  446  471  501  515  528  540
  539  540  543  545  547  552  556  559  565  566  566  563  552  547  539  528
  517  490  460  429  396  373  352  334  332  318  306  296  281  270  257  245
  233  225  218  212  203  196  189  183  156
     5.0-180.0 180.0   5.0 450.0                            LAT/LON1/LON2/DLON/H
  146  138  131  126  116  113  112  113  112  115  120  128  158  184  211  240
  255  273  290  306  315  335  355  373  409  438  465  489  515  527  537  547
  544  548  553  557  562  566  570  573  573  570  564  557  547  538  528  515
  502  477  450  423  399  381  365  351  351  337  323  311  288  273  257  240
  228  219  210  202  192  185  179  172  146
     2.5-180.0 180.0   5.0 450.0                            LAT/LON1/LON2/DLON/H
  142  133  125  120  109  106  104  105  103  107  114  123  154  180  207  236
  257  275  293  309  324  346  366  384  426  455  482  506  529  539  547  555
  551  558  565  572  572  576  580  582  572  565  555  544  531  521  509  496
  480  458  435  414  402  389  378  369  365  351  337  323  289  271  252  233
  223  212  202  193  185  177  170  164  142
