o1pg1980-2023.718.23i
     1.0            IONOSPHERE MAPS     GNSS                IONEX VERSION / TYPE
IONINX V4.3         AIUB                19-Jul-23 21:44     PGM / RUN BY / DATE 
406 1-DAY PREDICTED IONOSPHERE MAPS FOR DAY 198, 2023       COMMENT             
We use the deep learning algorithm, based on the global     DESCRIPTION         
ionospheric map provided by CODE and the final global       DESCRIPTION         
ionospheric map combined by IGS, and use our proposed       DESCRIPTION         
spatiotemporal network model to predict the global          DESCRIPTION         
ionospheric map of the next day.                            DESCRIPTION         
Contact address: wanghongyue@stu.cdut.edu.cn                DESCRIPTION         
  2023    07    17     0     0     0                        EPOCH OF FIRST MAP  
  2023    07    17    22     0     0                        EPOCH OF LAST MAP   
  7200                                                      INTERVAL            
    12                                                      # OF MAPS IN FILE   
  NONE                                                      MAPPING FUNCTION    
     0.0                                                    ELEVATION CUTOFF    
TEC prediction calculated as a spatiotemporal network model OBSERVABLES USED    
  6371.0                                                    BASE RADIUS         
     2                                                      MAP DIMENSION       
   450.0 450.0   0.0                                        HGT1 / HGT2 / DHGT  
    87.5 -87.5  -2.5                                        LAT1 / LAT2 / DLAT  
  -180.0 180.0   5.0                                        LON1 / LON2 / DLON  
    -1                                                      EXPONENT            
TEC values in 0.1 tec units;  9999, if no value available   COMMENT             
                                                            END OF HEADER       
[from data line 2574]
     7                                                      START OF TEC MAP    
  2023    07    17    12     0     0                        EPOCH OF CURRENT MAP
    87.5-180.0 180.0   5.0 450.0                            LAT/LON1/LON2/DLON/H
  171  172  172  172  172  173  174  175  179  180  181  181  186  187  187  187
  189  189  189  189  189  189  189  189  187  187  187  187  185  185  185  185
  184  184  184  184  182  182  181  180  182  181  181  180  183  182  182  181
  183  183  183  182  179  179  179  179  177  177  178  178  175  175  175  175
  174  176  176  176  174  175  176  176  171
    85.0-180.0 180.0   5.0 450.0                            LAT/LON1/LON2/DLON/H
  168  168  169  170  171  173  175  177  181  182  183  184  189  189  189  189
  191  191  191  191  191  191  191  191  190  189  189  189  186  186  186  186
  184  184  183  183  181  180  179  178  179  178  177  176  178  178  177  176
  178  178  177  177  175  174  174  174  173  173  173  173  172  172  172  171
  171  172  172  172  171  172  172  173  168
    82.5-180.0 180.0   5.0 450.0                            LAT/LON1/LON2/DLON/H
  162  164  165  167  168  171  174  176  179  181  183  184  188  189  189  189
  190  191  191  191  192  192  191  191  190  189  189  188  186  186  185  185
  184  183  183  182  180  179  178  177  177  176  175  174  175  174  174  173
  175  174  173  173  172  172  171  171  172  172  171  171  171  170  170  169
  169  169  169  168  166  167  167  167  162
    80.0-180.0 180.0   5.0 450.0                            LAT/LON1/LON2/DLON/H
  161  160  159  159  162  164  167  169  173  175  177  178  180  182  182  183
  184  184  184  184  185  185  184  184  186  185  185  185  189  188  188  188
  191  190  188  188  187  186  185  184  180  179  179  178  175  175  176  177
  177  178  178  179  178  179  179  180  178  177  177  176  172  171  169  168
  166  164  162  161  163  162  161  161  161
    77.5-180.0 180.0   5.0 450.0                            LAT/LON1/LON2/DLON/H
  157  157  156  155  157  160  162  164  166  168  169  170  173  174  175  175
  175  176  177  177  177  177  178  178  179  180  180  181  185  186  187  188
  191  191  191  191  190  190  189  187  184  183  183  182  179  180  181  182
  183  183  184  186  186  187  187  188  187  186  185  185  179  178  175  173
  168  165  163  160  158  157  156  155  157
    75.0-180.0 180.0   5.0 450.0                            LAT/LON1/LON2/DLON/H
  157  156  154  153  154  156  157  158  159  161  162  162  165  166  166  166
  167  168  170  170  170  171  172  173  174  175  176  177  183  186  188  189
  194  195  196  197  196  196  195  193  191  190  190  189  188  188  189  189
  192  192  193  194  196  196  197  197  197  196  195  194  189  186  183  180
  174  170  166  162  158  156  153  151  157
    72.5-180.0 180.0   5.0 450.0                            LAT/LON1/LON2/DLON/H
  157  155  154  152  152  153  153  154  153  154  154  153  156  156  157  157
  159  160  161  162  164  165  166  167  169  171  173  174  182  185  188  191
  197  200  201  202  204  203  202  200  200  199  198  196  197  197  198  198
  201  202  202  203  206  205  205  205  206  204  203  201  198  195  191  186
  181  177  172  166  162  158  155  152  157
    70.0-180.0 180.0   5.0 450.0                            LAT/LON1/LON2/DLON/H
  157  156  154  151  149  150  151  152  150  150  150  150  152  154  155  157
  159  161  163  165  166  168  169  171  173  176  178  181  186  191  196  201
  202  206  209  211  210  209  208  206  206  206  205  204  202  204  205  206
  206  208  209  210  207  208  209  210  205  205  205  205  200  197  194  191
  186  181  175  169  163  159  155  150  157
    67.5-180.0 180.0   5.0 450.0                            LAT/LON1/LON2/DLON/H
  158  156  154  151  147  147  148  148  146  147  147  147  150  152  153  155
  158  161  163  166  167  169  171  173  174  177  180  182  188  194  199  204
  206  211  214  216  216  216  214  212  213  213  212  210  211  212  212  212
  212  213  213  212  209  210  211  210  208  209  209  209  207  205  202  199
  195  189  183  177  169  165  160  154  158
    65.0-180.0 180.0   5.0 450.0                            LAT/LON1/LON2/DLON/H
  158  155  151  148  144  143  143  143  142  143  143  144  148  150  152  154
  158  161  164  167  168  171  173  175  177  180  182  184  191  197  202  207
  211  216  219  220  220  220  219  217  219  219  218  217  218  219  218  217
  217  216  214  212  210  210  210  209  210  212  212  213  213  211  209  206
  202  196  190  183  174  169  163  157  158
    62.5-180.0 180.0   5.0 450.0                            LAT/LON1/LON2/DLON/H
  156  152  148  144  140  138  137  137  138  138  139  140  147  149  151  153
  159  162  165  168  169  172  175  177  179  182  185  187  194  200  206  210
  215  219  222  224  222  223  222  221  223  223  223  222  223  223  222  220
  218  216  213  210  208  208  208  207  211  213  215  216  216  216  214  212
  207  202  195  189  180  174  168  162  156
    60.0-180.0 180.0   5.0 450.0                            LAT/LON1/LON2/DLON/H
  152  146  141  136  128  125  123  122  125  126  129  133  140  144  149  155
  158  161  165  170  164  167  170  172  178  181  184  187  197  203  208  214
  220  224  227  230  230  231  231  230  233  233  233  232  232  230  227  224
  222  219  216  212  207  208  209  209  212  215  218  220  227  226  225  223
  221  215  208  201  189  181  172  162  152
    57.5-180.0 180.0   5.0 450.0                            LAT/LON1/LON2/DLON/H
  151  146  140  134  125  121  118  116  117  118  121  124  132  137  143  149
  155  159  163  168  166  169  172  175  179  184  188  191  201  208  214  220
  226  229  232  234  234  235  235  236  238  238  238  237  236  234  231  227
  222  220  218  214  210  212  213  214  220  223  226  228  236  235  234  231
  230  223  215  206  193  184  175  165  151
    55.0-180.0 180.0   5.0 450.0                            LAT/LON1/LON2/DLON/H
  154  148  141  135  126  120  116  112  112  112  113  116  123  129  135  142
  151  155  160  166  166  169  173  177  182  188  193  197  207  214  221  226
  233  235  238  240  240  241  242  244  245  245  245  244  242  239  236  231
  226  225  223  220  218  221  223  225  233  237  240  242  249  248  245  241
  240  232  223  213  199  190  181  171  154
    52.5-180.0 180.0   5.0 450.0                            LAT/LON1/LON2/DLON/H
  160  153  146  140  129  122  117  112  108  107  108  110  116  121  127  134
  146  150  155  161  165  169  174  178  185  192  198  203  213  221  227  232
  240  242  244  245  247  249  250  252  252  252  252  251  248  245  241  235
  233  232  231  229  229  233  237  239  249  253  257  259  263  261  257  252
  249  241  232  222  207  199  190  181  160
    50.0-180.0 180.0   5.0 450.0                            LAT/LON1/LON2/DLON/H
  167  161  156  150  134  126  120  114  107  104  102  101  106  111  118  127
  140  147  155  164  168  172  177  182  192  198  204  210  222  230  236  241
  245  249  253  256  260  264  267  269  269  267  264  260  261  256  252  247
  245  244  244  244  244  250  255  259  264  269  273  275  280  276  271  264
  260  250  238  227  208  199  190  181  167
    47.5-180.0 180.0   5.0 450.0                            LAT/LON1/LON2/DLON/H
  179  173  168  162  146  139  131  124  116  111  107  104  107  111  117  125
  142  150  159  169  174  179  184  190  200  206  212  217  230  236  242  246
  252  257  262  266  272  276  279  281  281  279  275  270  269  266  261  256
  257  257  257  256  258  264  269  272  276  281  283  285  289  285  279  272
  268  258  246  235  214  205  197  188  179
    45.0-180.0 180.0   5.0 450.0                            LAT/LON1/LON2/DLON/H
  187  182  178  173  159  151  144  136  126  120  114  110  109  112  118  125
  146  154  163  174  182  188  194  200  209  215  221  225  236  242  247  251
  258  265  271  277  285  290  294  297  296  294  290  285  283  280  276  271
  269  270  270  269  268  273  277  279  281  284  286  287  288  284  279  272
  269  259  249  238  219  210  202  194  187
    42.5-180.0 180.0   5.0 450.0                            LAT/LON1/LON2/DLON/H
  191  188  184  180  168  161  154  146  136  129  123  117  114  116  120  126
  150  159  169  180  191  198  204  211  217  223  229  233  240  246  251  255
  263  272  280  287  298  305  310  314  312  311  308  303  301  299  296  291
  286  287  287  285  278  282  285  287  285  287  289  290  288  284  280  275
  270  261  252  242  224  216  208  200  191
    40.0-180.0 180.0   5.0 450.0                            LAT/LON1/LON2/DLON/H
  188  185  183  182  167  163  159  154  147  140  133  127  120  124  128  132
  150  164  178  193  204  212  219  225  229  233  235  236  248  252  256  261
  276  287  299  313  324  331  337  343  346  342  338  334  332  326  321  316
  307  303  298  294  289  287  286  285  285  286  285  283  279  275  270  263
  258  249  239  230  227  215  204  195  188
    37.5-180.0 180.0   5.0 450.0                            LAT/LON1/LON2/DLON/H
  191  186  182  180  167  164  160  157  153  148  143  138  131  133  136  140
  154  168  183  198  211  220  228  234  238  241  243  244  254  259  264  270
  288  303  318  333  350  360  367  373  378  375  372  367  364  358  351  344
  333  328  321  315  304  303  300  297  296  295  292  287  287  281  274  266
  267  258  248  237  234  222  211  201  191
    35.0-180.0 180.0   5.0 450.0                            LAT/LON1/LON2/DLON/H
  193  187  182  179  167  164  161  159  156  153  150  147  140  142  144  146
  157  171  186  202  217  226  234  241  246  249  250  251  260  267  274  281
  301  319  338  355  376  388  397  404  410  408  404  399  398  391  383  374
  361  355  347  338  326  323  319  314  313  309  304  296  294  287  278  269
  271  262  252  241  236  224  213  203  193
    32.5-180.0 180.0   5.0 450.0                            LAT/LON1/LON2/DLON/H
  195  189  183  178  167  164  162  161  158  156  154  153  147  149  150  151
  159  173  188  204  220  230  238  245  250  254  256  257  267  276  286  295
  315  337  359  379  402  416  427  435  442  441  438  434  432  425  416  405
  392  385  376  365  356  353  348  341  338  333  325  316  305  298  289  279
  278  269  259  248  242  230  219  209  195
    30.0-180.0 180.0   5.0 450.0                            LAT/LON1/LON2/DLON/H
  207  200  192  185  170  166  162  160  158  156  155  154  149  146  144  143
  155  168  182  197  215  228  241  252  256  259  263  266  280  291  304  318
  338  364  390  416  431  442  453  463  465  464  463  463  453  444  437  432
  415  408  404  401  393  389  385  382  372  361  349  337  316  304  293  283
  280  268  258  250  254  241  230  221  207
    27.5-180.0 180.0   5.0 450.0                            LAT/LON1/LON2/DLON/H
  221  212  202  193  180  173  167  161  164  160  157  154  151  148  145  144
  156  168  183  198  219  231  244  256  258  264  269  274  286  301  317  333
  359  384  410  436  454  464  474  483  486  486  487  489  478  473  469  467
  452  451  449  448  444  441  437  430  416  400  383  364  334  318  303  288
  286  274  263  254  259  247  237  228  221
    25.0-180.0 180.0   5.0 450.0                            LAT/LON1/LON2/DLON/H
  236  226  216  204  194  184  176  168  170  164  159  155  154  150  147  145
  158  170  184  199  221  234  247  260  260  268  276  284  293  313  333  351
  377  402  426  449  467  476  484  491  493  496  499  501  495  495  495  495
  487  490  492  492  493  490  483  473  452  431  407  382  346  327  307  289
  289  277  266  257  262  252  242  234  236
    22.5-180.0 180.0   5.0 450.0                            LAT/LON1/LON2/DLON/H
  248  239  228  217  209  198  187  177  177  169  162  156  156  152  148  146
  161  173  186  200  223  237  250  263  260  271  282  292  302  326  348  369
  394  417  439  459  474  481  488  493  493  497  502  506  503  507  511  514
  516  523  527  529  534  530  521  507  477  451  422  392  352  330  308  287
  292  280  270  261  267  258  250  243  248
    20.0-180.0 180.0   5.0 450.0                            LAT/LON1/LON2/DLON/H
  259  254  248  240  227  218  207  196  182  173  165  157  153  149  147  145
  157  170  186  203  227  236  247  258  267  275  285  295  306  332  359  386
  408  430  451  470  485  489  493  497  493  500  508  515  507  517  527  536
  539  551  562  570  569  560  547  532  502  469  434  398  375  353  331  310
  300  287  276  267  267  258  250  244  259
    17.5-180.0 180.0   5.0 450.0                            LAT/LON1/LON2/DLON/H
  261  257  251  244  239  230  219  207  188  179  169  159  152  147  144  142
  154  167  183  201  224  234  246  258  264  277  289  301  321  348  376  403
  424  443  462  480  483  485  488  493  495  501  508  517  519  528  537  546
  554  567  577  583  577  567  552  533  495  460  423  386  363  340  319  299
  292  279  269  261  267  259  252  246  261
    15.0-180.0 180.0   5.0 450.0                            LAT/LON1/LON2/DLON/H
  254  251  245  239  239  231  221  209  190  179  168  157  150  145  140  137
  148  161  177  196  218  230  243  257  262  279  295  310  335  363  391  417
  436  453  470  487  486  488  492  497  502  508  515  524  528  536  544  552
  560  572  580  583  575  562  544  523  482  445  407  371  349  327  306  288
  285  273  263  257  266  258  251  245  254
    12.5-180.0 180.0   5.0 450.0                            LAT/LON1/LON2/DLON/H
  241  238  233  227  230  223  214  203  187  175  164  153  147  140  135  132
  141  154  171  191  211  225  240  256  262  282  301  320  349  376  404  429
  446  462  477  491  495  498  502  508  516  521  528  536  535  542  548  555
  560  570  575  575  568  551  530  507  466  429  392  357  335  314  295  278
  279  267  259  252  264  256  248  243  241
    10.0-180.0 180.0   5.0 450.0                            LAT/LON1/LON2/DLON/H
  227  223  220  218  202  197  193  189  171  162  153  144  138  134  130  127
  130  143  159  178  198  217  237  259  261  287  312  337  366  396  423  448
  469  481  490  498  509  520  528  535  540  549  555  558  549  557  562  564
  563  568  568  565  551  532  510  487  453  421  388  357  335  315  296  280
  277  271  267  265  266  260  255  250  227
     7.5-180.0 180.0   5.0 450.0                            LAT/LON1/LON2/DLON/H
  212  207  202  198  183  178  173  170  161  153  145  137  133  129  125  122
  122  135  152  170  191  210  231  253  268  296  322  348  385  412  438  462
  478  490  500  509  524  535  544  552  560  564  566  566  556  559  561  561
  559  562  561  558  538  522  503  482  453  421  390  360  341  320  301  283
  277  271  267  264  266  261  257  252  212
     5.0-180.0 180.0   5.0 450.0                            LAT/LON1/LON2/DLON/H
  204  196  189  183  168  162  157  153  150  142  134  128  127  123  119  116
  114  126  142  161  185  205  227  249  276  305  334  361  399  424  448  471
  483  496  506  516  532  544  555  564  568  568  566  563  554  553  551  549
  550  551  549  545  527  515  500  483  457  428  399  372  351  330  310  291
  280  273  269  265  267  262  257  251  204
     2.5-180.0 180.0   5.0 450.0                            LAT/LON1/LON2/DLON/H
  204  194  185  177  160  153  147  142  141  134  127  122  122  118  114  111
  107  119  134  152  179  201  224  248  283  315  346  374  410  435  457  479
  483  497  509  520  532  545  557  568  565  562  558  552  544  540  535  531
  539  538  534  529  519  510  500  487  461  436  411  386  360  340  320  301
  281  275  270  266  268  262  256  250  204
