o1pg1940-20230714.23i
     1.0            IONOSPHERE MAPS     GNSS                IONEX VERSION / TYPE
IONINX V4.3         AIUB                14-Jul-23 09:19     PGM / RUN BY / DATE 
406 1-DAY PREDICTED IONOSPHERE MAPS FOR DAY 194, 2023       COMMENT             
We use the deep learning algorithm, based on the global     DESCRIPTION         
ionospheric map provided by CODE and the final global       DESCRIPTION         
ionospheric map combined by IGS, and use our proposed       DESCRIPTION         
spatiotemporal network model to predict the global          DESCRIPTION         
ionospheric map of the next day.                            DESCRIPTION         
Contact address: wanghongyue@stu.cdut.edu.cn                DESCRIPTION         
  2023    07    13     0     0     0                        EPOCH OF FIRST MAP  
  2023    07    13    22     0     0                        EPOCH OF LAST MAP   
  7200                                                      INTERVAL            
    12                                                      # OF MAPS IN FILE   
  NONE                                                      MAPPING FUNCTION    
     0.0                                                    ELEVATION CUTOFF    
TEC prediction calculated as a spatiotemporal network model OBSERVABLES USED    
  6371.0                                                    BASE RADIUS         
     2                                                      MAP DIMENSION       
   450.0 450.0   0.0                                        HGT1 / HGT2 / DHGT  
    87.5 -87.5  -2.5                                        LAT1 / LAT2 / DLAT  
  -180.0 180.0   5.0                                        LON1 / LON2 / DLON  
    -1                                                      EXPONENT            
TEC values in 0.1 tec units;  9999, if no value available   COMMENT             
                                                            END OF HEADER       
[from data line 4290]
    11                                                      START OF TEC MAP    
  2023    07    13    20     0     0                        EPOCH OF CURRENT MAP
    87.5-180.0 180.0   5.0 450.0                            LAT/LON1/LON2/DLON/H
  167  167  167  168  167  168  169  170  169  170  170  171  170  170  170  170
  172  172  172  172  172  172  172  172  172  172  171  170  170  170  169  168
  166  166  165  164  162  162  161  161  161  161  161  161  163  163  163  164
  165  166  166  167  166  166  166  167  163  163  163  163  162  162  163  164
  162  163  164  165  161  162  162  163  167
    85.0-180.0 180.0   5.0 450.0                            LAT/LON1/LON2/DLON/H
  165  165  166  167  168  169  171  172  174  174  175  177  176  176  176  176
  177  177  177  177  177  176  175  174  175  174  172  171  170  168  167  165
  162  161  160  158  156  156  155  154  154  154  155  155  157  158  158  159
  160  161  161  162  162  163  163  163  161  161  161  161  158  159  159  160
  157  158  159  159  157  158  159  159  165
    82.5-180.0 180.0   5.0 450.0                            LAT/LON1/LON2/DLON/H
  162  163  164  165  168  170  172  174  176  178  179  180  181  181  181  181
  181  181  181  180  180  179  178  176  176  174  172  170  168  166  163  161
  158  157  155  153  151  150  150  149  149  149  150  150  152  153  154  155
  156  157  158  159  160  160  161  161  159  159  159  159  155  156  156  157
  152  153  154  154  152  153  154  154  162
    80.0-180.0 180.0   5.0 450.0                            LAT/LON1/LON2/DLON/H
  163  163  163  163  167  170  172  175  176  179  182  184  184  185  185  185
  188  187  186  185  187  185  183  181  179  177  174  171  169  166  164  161
  159  157  155  154  152  152  152  152  149  151  152  153  149  151  154  156
  154  156  158  160  161  162  162  163  162  162  161  161  158  157  156  155
  155  153  152  151  149  149  150  152  163
    77.5-180.0 180.0   5.0 450.0                            LAT/LON1/LON2/DLON/H
  163  162  163  163  166  170  173  175  175  180  183  185  186  187  188  188
  190  190  189  188  189  188  186  183  181  179  176  172  169  166  164  161
  159  158  156  155  153  153  153  152  150  151  152  153  150  152  154  156
  154  157  159  160  160  161  162  163  162  162  163  163  160  160  159  158
  156  155  153  153  150  151  152  153  163
    75.0-180.0 180.0   5.0 450.0                            LAT/LON1/LON2/DLON/H
  166  166  166  167  168  171  174  177  176  181  184  186  188  190  190  191
  193  194  193  192  193  191  189  186  185  182  178  174  171  168  166  163
  161  160  159  157  156  156  155  153  153  153  153  153  152  153  155  156
  155  157  159  160  160  161  162  163  162  163  163  164  163  163  163  162
  161  159  158  157  156  156  157  158  166
    72.5-180.0 180.0   5.0 450.0                            LAT/LON1/LON2/DLON/H
  172  172  172  172  171  174  177  179  178  182  185  187  190  191  191  191
  196  195  195  193  196  194  191  188  188  184  180  175  173  171  168  164
  165  164  162  161  160  159  158  156  157  156  155  154  155  155  156  156
  156  157  158  159  159  159  160  161  161  162  162  164  166  166  166  166
  167  166  164  163  164  164  165  165  172
    70.0-180.0 180.0   5.0 450.0                            LAT/LON1/LON2/DLON/H
  178  179  179  179  179  180  181  182  185  188  190  191  195  197  197  197
  202  202  201  198  200  198  195  191  190  186  181  175  170  168  165  163
  164  164  163  163  163  162  161  159  156  155  154  152  150  150  150  149
  150  150  150  149  149  150  151  151  153  156  159  161  166  168  170  172
  175  175  175  175  175  176  176  175  178
    67.5-180.0 180.0   5.0 450.0                            LAT/LON1/LON2/DLON/H
  188  189  190  190  188  188  189  189  190  193  195  196  198  200  201  200
  204  204  203  201  203  201  198  194  193  189  183  177  172  170  168  166
  169  169  169  168  170  168  166  162  159  158  155  153  151  150  149  147
  148  146  145  143  142  142  142  142  146  149  152  155  164  168  171  174
  180  182  183  184  185  187  187  187  188
    65.0-180.0 180.0   5.0 450.0                            LAT/LON1/LON2/DLON/H
  198  199  199  199  197  197  196  195  196  198  200  200  203  204  204  203
  207  206  205  204  205  203  200  197  195  191  185  180  175  174  173  171
  176  176  176  174  176  174  170  166  163  161  158  154  153  151  148  144
  145  141  138  135  134  133  133  133  137  140  144  148  159  164  169  174
  182  186  189  191  192  195  196  196  198
    62.5-180.0 180.0   5.0 450.0                            LAT/LON1/LON2/DLON/H
  205  206  207  207  205  204  202  201  201  202  203  203  208  208  207  205
  210  209  207  206  207  205  202  199  198  193  188  182  180  179  178  177
  183  183  182  180  183  179  174  169  168  164  160  156  155  151  147  142
  141  137  132  128  126  124  123  123  127  131  136  141  152  158  165  172
  182  187  191  195  198  202  204  204  205
    60.0-180.0 180.0   5.0 450.0                            LAT/LON1/LON2/DLON/H
  209  214  217  220  211  210  209  208  208  209  209  209  213  212  211  210
  212  211  210  210  209  208  207  205  201  197  193  190  185  185  185  186
  187  188  188  188  185  181  178  175  169  166  163  159  154  149  144  138
  131  127  122  116  111  111  110  111  114  119  124  129  143  153  163  173
  177  185  192  198  200  206  212  216  209
    57.5-180.0 180.0   5.0 450.0                            LAT/LON1/LON2/DLON/H
  212  218  221  224  218  216  214  211  213  213  212  211  213  213  213  211
  212  211  211  210  210  209  208  207  204  202  200  198  195  196  198  198
  200  200  198  196  193  190  186  182  177  173  169  165  158  153  146  138
  130  125  120  115  109  108  107  108  111  115  120  126  139  148  157  167
  173  181  189  196  199  207  214  220  212
    55.0-180.0 180.0   5.0 450.0                            LAT/LON1/LON2/DLON/H
  216  222  226  229  226  223  220  217  219  217  215  213  213  214  214  213
  213  212  211  210  211  210  210  209  208  208  208  208  207  209  211  212
  215  212  209  205  204  200  196  192  187  183  178  172  165  158  150  141
  132  127  121  116  109  109  109  110  111  115  120  126  137  145  154  163
  170  179  187  194  200  209  217  224  216
    52.5-180.0 180.0   5.0 450.0                            LAT/LON1/LON2/DLON/H
  220  226  230  233  236  232  228  224  225  222  219  215  214  214  213  212
  214  212  211  210  212  211  211  211  213  215  216  218  220  222  224  224
  228  224  219  214  214  210  206  201  195  191  185  179  171  163  154  144
  137  131  125  120  114  113  114  115  115  119  123  128  137  145  153  161
  169  178  186  193  202  212  221  228  220
    50.0-180.0 180.0   5.0 450.0                            LAT/LON1/LON2/DLON/H
  221  228  235  242  241  241  241  240  237  234  230  226  224  222  220  217
  219  216  213  209  213  214  216  217  215  220  224  229  225  231  235  237
  235  234  231  227  225  222  217  211  205  199  192  183  176  167  158  149
  140  134  128  123  120  117  115  114  113  114  116  119  137  142  147  153
  168  179  189  198  203  212  221  229  221
    47.5-180.0 180.0   5.0 450.0                            LAT/LON1/LON2/DLON/H
  229  237  244  251  253  254  255  254  253  248  242  236  234  230  225  221
  223  219  215  212  214  216  218  221  221  226  231  236  236  240  243  244
  243  242  238  235  233  230  224  217  212  205  196  186  180  171  162  153
  147  142  136  132  129  126  124  123  122  122  124  126  142  147  153  158
  175  184  194  203  208  218  227  235  229
    45.0-180.0 180.0   5.0 450.0                            LAT/LON1/LON2/DLON/H
  238  245  253  261  264  267  269  269  269  263  256  249  246  240  234  228
  229  225  221  218  218  221  224  228  229  235  241  246  246  249  251  251
  252  250  248  244  242  238  233  226  220  212  202  190  185  177  169  162
  156  151  147  143  138  136  134  133  130  130  132  134  149  153  159  165
  183  193  203  212  217  227  236  244  238
    42.5-180.0 180.0   5.0 450.0                            LAT/LON1/LON2/DLON/H
  244  252  260  268  272  277  280  283  284  278  271  263  258  252  245  238
  237  232  229  225  225  228  232  237  239  245  251  256  257  259  259  258
  260  260  258  255  252  248  243  236  227  218  208  196  191  185  179  172
  165  162  159  156  147  146  145  144  139  139  140  142  157  161  167  173
  193  203  213  221  229  238  246  253  244
    40.0-180.0 180.0   5.0 450.0                            LAT/LON1/LON2/DLON/H
  252  259  267  274  279  287  293  298  299  295  291  286  275  270  264  257
  248  244  240  236  233  236  240  244  252  260  268  275  277  280  282  283
  284  282  279  276  272  265  256  246  237  226  216  205  204  199  193  187
  177  175  172  168  160  160  160  159  152  154  156  158  156  163  170  177
  197  210  223  234  243  253  263  271  252
    37.5-180.0 180.0   5.0 450.0                            LAT/LON1/LON2/DLON/H
  264  270  275  280  287  294  301  307  312  311  309  306  297  291  283  276
  266  262  257  252  250  254  258  263  270  277  285  292  293  296  298  300
  302  301  299  295  290  281  270  258  248  238  228  217  218  211  205  198
  190  187  183  178  172  172  171  170  162  164  166  167  166  173  181  188
  207  220  233  244  252  264  274  282  264
    35.0-180.0 180.0   5.0 450.0                            LAT/LON1/LON2/DLON/H
  275  279  283  287  291  299  306  314  322  324  325  325  319  313  305  297
  286  282  277  272  269  273  278  282  289  296  303  310  312  316  319  321
  323  323  322  317  307  297  284  269  260  250  240  229  230  223  216  208
  199  195  190  183  178  178  177  175  169  171  172  173  170  178  185  193
  212  226  238  249  262  274  284  291  275
    32.5-180.0 180.0   5.0 450.0                            LAT/LON1/LON2/DLON/H
  286  290  293  296  295  304  313  321  329  334  339  342  341  335  328  320
  307  303  298  293  289  294  299  303  309  316  323  329  334  339  343  347
  344  345  344  340  322  311  297  281  272  262  252  241  241  233  225  217
  204  199  193  186  180  180  180  178  172  174  175  176  171  179  187  194
  215  228  241  251  272  283  293  299  286
    30.0-180.0 180.0   5.0 450.0                            LAT/LON1/LON2/DLON/H
  289  296  302  308  304  312  321  329  335  347  358  366  364  360  356  351
  331  327  323  319  317  323  330  335  336  343  349  355  362  367  371  376
  370  366  361  353  342  327  310  292  287  275  263  252  256  242  229  216
  208  200  193  185  184  184  182  180  176  174  172  169  172  176  181  186
  200  214  227  239  274  284  292  298  289
    27.5-180.0 180.0   5.0 450.0                            LAT/LON1/LON2/DLON/H
  295  304  311  317  316  325  335  343  353  367  379  389  391  389  385  380
  362  356  350  344  340  344  348  353  357  364  371  377  387  392  396  398
  393  384  372  358  345  327  308  289  285  274  263  253  249  237  225  213
  198  192  186  180  179  178  178  176  173  170  167  164  170  173  177  182
  194  209  224  237  268  282  294  303  295
    25.0-180.0 180.0   5.0 450.0                            LAT/LON1/LON2/DLON/H
  302  313  322  329  332  342  352  361  375  389  401  412  419  418  415  411
  394  387  379  371  364  365  368  372  376  384  391  398  407  412  414  414
  407  391  373  353  336  316  296  276  272  261  252  243  234  223  213  204
  185  180  176  172  169  169  168  168  164  161  158  155  161  164  168  173
  184  201  216  231  260  277  293  304  302
    22.5-180.0 180.0   5.0 450.0                            LAT/LON1/LON2/DLON/H
  307  321  332  341  348  360  370  380  398  412  424  434  447  447  444  440
  426  418  409  399  388  388  390  392  392  400  408  415  420  424  425  423
  409  388  364  340  317  297  276  256  252  243  234  227  214  205  197  189
  171  168  165  163  161  160  159  158  155  151  148  145  151  153  157  162
  174  190  206  221  254  273  290  304  307
    20.0-180.0 180.0   5.0 450.0                            LAT/LON1/LON2/DLON/H
  308  321  333  344  351  365  377  387  405  423  440  454  467  472  475  478
  458  450  441  432  421  415  409  404  407  414  421  429  437  437  437  435
  414  387  358  328  293  268  244  222  213  205  200  197  184  176  170  165
  148  145  143  139  136  136  135  134  133  133  132  131  134  138  142  146
  164  184  203  223  245  266  286  305  308
    17.5-180.0 180.0   5.0 450.0                            LAT/LON1/LON2/DLON/H
  308  323  337  349  358  373  387  398  418  438  456  472  485  495  502  507
  495  487  478  468  451  441  433  426  422  426  430  434  443  438  433  427
  402  370  338  306  263  238  215  195  188  180  175  174  168  162  158  155
  141  139  137  134  130  129  128  127  124  123  122  121  124  128  132  138
  155  176  197  219  239  260  280  298  308
    15.0-180.0 180.0   5.0 450.0                            LAT/LON1/LON2/DLON/H
  306  321  336  349  359  376  391  404  425  445  464  481  495  509  521  528
  523  516  508  498  480  468  457  448  438  439  440  441  448  438  428  417
  390  355  321  288  245  221  200  183  174  166  162  162  159  155  152  152
  138  137  134  132  126  124  121  119  117  115  113  111  114  118  122  128
  146  168  191  215  234  255  273  290  306
    12.5-180.0 180.0   5.0 450.0                            LAT/LON1/LON2/DLON/H
  305  320  335  349  360  377  392  406  426  446  465  481  500  517  530  541
  544  539  533  524  505  493  481  470  453  452  451  448  452  438  424  409
  378  343  308  276  239  218  200  185  173  166  162  161  157  154  154  154
  139  137  135  132  125  121  117  113  113  109  106  104  106  109  114  120
  137  160  185  210  230  249  266  282  305
    10.0-180.0 180.0   5.0 450.0                            LAT/LON1/LON2/DLON/H
  309  322  336  349  368  382  395  406  431  447  462  475  495  516  535  550
  552  553  551  547  528  516  504  491  475  468  459  448  455  441  424  406
  377  342  307  274  250  233  217  203  193  186  182  180  180  175  170  166
  152  146  139  132  124  119  116  113  107  104  101   99  102  103  106  110
  125  148  174  202  223  246  268  290  309
     7.5-180.0 180.0   5.0 450.0                            LAT/LON1/LON2/DLON/H
  317  332  346  360  373  386  398  409  424  437  450  461  485  505  524  540
  556  560  561  559  542  531  519  506  489  480  469  457  459  443  426  407
  373  342  311  282  272  256  242  229  224  215  209  203  201  192  184  175
  160  151  141  131  122  117  113  110  103   99   96   93   96   97   99  103
  116  140  168  196  221  247  271  292  317
     5.0-180.0 180.0   5.0 450.0                            LAT/LON1/LON2/DLON/H
  328  344  360  375  384  396  406  416  422  432  441  450  475  493  510  526
  548  554  558  558  546  537  526  515  499  489  477  464  459  443  426  408
  370  344  318  295  298  285  273  262  255  245  235  226  218  205  193  179
  163  151  138  125  118  112  108  106  100   95   92   89   90   91   94   99
  109  134  162  192  221  248  274  296  328
     2.5-180.0 180.0   5.0 450.0                            LAT/LON1/LON2/DLON/H
  340  358  375  391  400  411  421  429  428  435  441  447  468  483  498  512
  533  541  547  550  541  535  527  517  503  494  482  469  457  442  427  410
  365  345  326  308  321  311  302  292  281  269  257  244  227  212  195  178
  161  147  132  117  113  108  104  102   98   93   89   85   85   87   90   95
  102  128  156  187  218  248  274  298  340
