o1pg2000-20230720.23i
     1.0            IONOSPHERE MAPS     GNSS                IONEX VERSION / TYPE
IONINX V4.3         AIUB                19-Jul-23 21:47     PGM / RUN BY / DATE 
406 1-DAY PREDICTED IONOSPHERE MAPS FOR DAY 200, 2023       COMMENT             
We use the deep learning algorithm, based on the global     DESCRIPTION         
ionospheric map provided by CODE and the final global       DESCRIPTION         
ionospheric map combined by IGS, and use our proposed       DESCRIPTION         
spatiotemporal network model to predict the global          DESCRIPTION         
ionospheric map of the next day.                            DESCRIPTION         
Contact address: wanghongyue@stu.cdut.edu.cn                DESCRIPTION         
  2023    07    19     0     0     0                        EPOCH OF FIRST MAP  
  2023    07    19    22     0     0                        EPOCH OF LAST MAP   
  7200                                                      INTERVAL            
    12                                                      # OF MAPS IN FILE   
  NONE                                                      MAPPING FUNCTION    
     0.0                                                    ELEVATION CUTOFF    
TEC prediction calculated as a spatiotemporal network model OBSERVABLES USED    
  6371.0                                                    BASE RADIUS         
     2                                                      MAP DIMENSION       
   450.0 450.0   0.0                                        HGT1 / HGT2 / DHGT  
    87.5 -87.5  -2.5                                        LAT1 / LAT2 / DLAT  
  -180.0 180.0   5.0                                        LON1 / LON2 / DLON  
    -1                                                      EXPONENT            
TEC values in 0.1 tec units;  9999, if no value available   COMMENT             
                                                            END OF HEADER       
[from data line 4290]
    11                                                      START OF TEC MAP    
  2023    07    19    20     0     0                        EPOCH OF CURRENT MAP
    87.5-180.0 180.0   5.0 450.0                            LAT/LON1/LON2/DLON/H
  166  167  167  168  167  168  169  171  170  171  171  172  171  171  171  172
  172  172  172  173  173  173  173  173  173  172  172  171  170  169  168  167
  165  164  163  162  160  160  159  159  160  160  160  160  161  162  162  162
  162  163  164  165  163  163  164  164  160  160  160  160  158  159  159  159
  157  158  159  159  156  157  158  158  166
    85.0-180.0 180.0   5.0 450.0                            LAT/LON1/LON2/DLON/H
  163  164  165  166  167  168  170  173  174  175  177  178  178  178  178  179
  179  179  180  180  179  179  178  177  177  175  174  172  170  168  166  164
  160  159  158  156  153  153  153  152  152  153  153  153  155  156  156  157
  157  158  159  160  159  159  160  160  157  157  157  157  154  154  155  155
  151  153  154  154  151  153  154  154  163
    82.5-180.0 180.0   5.0 450.0                            LAT/LON1/LON2/DLON/H
  159  160  162  164  166  168  171  174  177  179  180  182  183  184  184  184
  185  185  185  185  184  183  182  180  179  177  174  171  169  166  163  160
  157  155  153  151  148  148  147  147  147  147  148  149  150  151  152  154
  152  154  155  157  156  157  157  158  155  155  155  156  150  151  151  152
  146  147  148  148  146  147  148  149  159
    80.0-180.0 180.0   5.0 450.0                            LAT/LON1/LON2/DLON/H
  157  157  158  159  164  167  170  174  176  180  183  185  186  187  188  189
  192  191  190  189  191  189  187  185  183  180  177  174  171  168  165  162
  159  157  155  153  151  152  152  152  149  151  153  154  148  151  153  155
  152  155  157  158  159  160  160  160  160  160  159  159  154  153  151  150
  148  146  145  144  142  142  143  145  157
    77.5-180.0 180.0   5.0 450.0                            LAT/LON1/LON2/DLON/H
  156  156  157  159  161  165  169  173  175  180  184  187  188  190  191  193
  195  195  194  193  194  193  191  188  185  183  180  176  172  170  166  163
  160  159  157  155  154  154  153  153  152  153  154  155  150  153  155  157
  154  156  158  159  159  160  160  161  160  160  161  161  156  155  154  154
  150  149  147  146  144  145  146  147  156
    75.0-180.0 180.0   5.0 450.0                            LAT/LON1/LON2/DLON/H
  160  160  161  162  163  167  171  174  176  181  185  189  191  193  195  196
  199  199  199  198  198  197  195  192  190  187  183  178  175  173  169  166
  164  162  161  159  158  158  157  155  156  156  156  156  154  156  157  158
  155  157  158  160  158  159  159  160  159  160  161  162  159  159  159  158
  156  154  153  151  151  151  152  152  160
    72.5-180.0 180.0   5.0 450.0                            LAT/LON1/LON2/DLON/H
  167  167  168  168  167  170  174  177  177  182  187  190  193  195  197  198
  201  201  201  199  202  200  197  194  194  190  185  180  179  176  172  168
  168  167  165  163  163  162  161  159  161  160  159  158  158  159  159  159
  157  157  158  159  156  156  157  158  157  158  159  161  161  162  162  162
  162  161  159  158  160  160  160  160  167
    70.0-180.0 180.0   5.0 450.0                            LAT/LON1/LON2/DLON/H
  177  178  179  179  178  180  182  183  187  190  193  195  199  202  203  204
  208  208  207  206  206  205  202  198  197  193  187  180  176  173  170  167
  167  168  168  168  167  166  165  163  160  159  158  156  153  153  153  151
  150  149  148  147  146  145  145  145  150  152  154  156  162  164  167  169
  173  174  174  173  175  176  176  175  177
    67.5-180.0 180.0   5.0 450.0                            LAT/LON1/LON2/DLON/H
  188  190  191  192  189  191  192  193  194  198  201  202  205  207  209  209
  211  212  211  210  210  209  206  202  200  195  189  182  176  174  172  170
  172  172  172  172  172  171  169  166  161  160  158  156  153  152  151  149
  147  145  143  141  138  137  137  136  142  144  147  150  160  164  167  171
  178  180  182  183  184  186  187  187  188
    65.0-180.0 180.0   5.0 450.0                            LAT/LON1/LON2/DLON/H
  199  201  202  203  201  202  202  202  202  205  207  209  212  213  214  214
  215  216  215  213  214  212  209  205  202  197  190  183  178  177  175  173
  177  178  177  176  177  175  172  168  164  161  159  156  153  151  148  145
  142  139  136  133  129  128  127  126  131  135  138  142  154  159  165  171
  179  183  187  189  191  194  196  196  199
    62.5-180.0 180.0   5.0 450.0                            LAT/LON1/LON2/DLON/H
  207  209  211  212  210  210  210  210  209  211  212  213  219  219  219  218
  220  219  218  217  217  214  211  207  204  198  192  185  182  181  179  177
  183  183  182  180  182  179  174  169  166  163  159  155  153  149  145  141
  138  133  128  124  119  118  117  116  121  125  129  135  146  153  160  168
  178  183  188  192  196  200  202  203  207
    60.0-180.0 180.0   5.0 450.0                            LAT/LON1/LON2/DLON/H
  213  219  223  226  219  218  217  216  217  218  219  219  224  224  223  222
  224  223  222  221  221  220  218  215  209  203  198  193  185  185  184  185
  186  186  185  185  182  178  173  169  163  160  156  152  147  142  137  131
  125  120  115  110  105  104  103  103  108  112  117  122  135  145  155  165
  169  178  185  192  195  202  208  212  213
    57.5-180.0 180.0   5.0 450.0                            LAT/LON1/LON2/DLON/H
  217  223  228  232  226  225  223  221  222  223  222  222  226  227  226  225
  226  225  224  223  224  222  221  219  213  210  206  203  198  199  200  200
  201  200  198  196  191  186  182  177  170  166  162  157  151  145  138  131
  124  118  113  109  102  101  101  101  105  109  114  119  131  141  150  160
  166  174  182  190  193  202  209  216  217
    55.0-180.0 180.0   5.0 450.0                            LAT/LON1/LON2/DLON/H
  221  228  234  238  236  234  232  229  229  228  227  225  227  228  229  228
  228  227  226  225  226  225  224  223  218  218  217  215  214  215  217  218
  219  216  212  208  203  198  193  188  180  176  171  165  157  150  143  135
  126  120  116  111  104  103  103  104  106  110  115  120  131  139  148  157
  164  173  181  189  194  204  213  220  221
    52.5-180.0 180.0   5.0 450.0                            LAT/LON1/LON2/DLON/H
  226  234  239  244  246  244  241  238  235  234  232  229  229  230  230  229
  230  229  228  227  228  228  227  227  225  226  227  228  230  232  234  235
  236  232  226  219  215  211  205  200  190  185  180  174  165  157  148  139
  131  126  121  117  110  109  110  112  112  115  120  125  133  141  149  157
  165  174  182  189  199  209  217  225  226
    50.0-180.0 180.0   5.0 450.0                            LAT/LON1/LON2/DLON/H
  227  236  244  252  253  254  254  254  251  248  245  241  239  238  237  235
  235  233  230  227  230  231  233  235  228  234  239  244  239  245  250  252
  249  246  241  235  230  225  218  211  204  196  188  179  173  163  153  144
  136  130  124  119  116  114  113  112  114  115  117  119  137  143  149  155
  168  178  188  198  200  210  220  228  227
    47.5-180.0 180.0   5.0 450.0                            LAT/LON1/LON2/DLON/H
  239  247  256  265  267  270  271  271  269  263  258  252  250  247  243  240
  241  237  233  230  231  233  235  238  235  241  247  252  252  256  259  260
  258  255  250  244  239  233  226  217  211  203  193  183  177  167  158  150
  144  139  134  130  127  125  124  123  124  125  126  129  145  151  156  162
  177  187  197  207  211  221  231  239  239
    45.0-180.0 180.0   5.0 450.0                            LAT/LON1/LON2/DLON/H
  249  259  268  278  281  285  287  288  286  280  273  266  264  259  254  249
  248  244  240  236  236  238  241  245  243  250  256  261  263  266  267  266
  266  263  258  253  249  243  235  226  220  211  200  189  183  175  168  161
  154  150  146  143  138  136  136  136  135  135  136  139  154  159  165  171
  188  199  209  218  224  234  244  252  249
    42.5-180.0 180.0   5.0 450.0                            LAT/LON1/LON2/DLON/H
  258  268  278  287  291  297  301  304  303  297  290  283  279  273  267  261
  258  253  249  245  243  246  249  254  252  259  265  270  271  273  272  270
  273  270  267  262  258  253  245  237  228  219  208  196  191  185  180  174
  166  163  160  158  150  149  149  149  146  146  148  150  164  169  175  181
  201  211  221  230  239  249  257  265  258
    40.0-180.0 180.0   5.0 450.0                            LAT/LON1/LON2/DLON/H
  266  275  284  293  300  309  316  321  322  318  312  307  300  295  289  282
  273  267  261  255  250  252  254  257  263  270  277  283  287  287  287  287
  291  287  283  280  273  264  254  244  238  227  216  205  205  200  194  189
  180  178  175  172  167  167  167  166  159  162  164  167  164  171  179  187
  204  218  231  243  255  266  277  287  266
    37.5-180.0 180.0   5.0 450.0                            LAT/LON1/LON2/DLON/H
  277  284  291  299  308  316  323  330  336  334  332  329  323  317  309  302
  294  286  279  272  268  270  273  275  281  287  293  299  299  299  300  302
  305  303  301  298  291  281  270  257  249  239  228  217  219  213  207  201
  194  191  187  182  179  179  179  177  171  173  175  176  175  183  190  198
  215  229  242  254  263  277  289  298  277
    35.0-180.0 180.0   5.0 450.0                            LAT/LON1/LON2/DLON/H
  286  292  298  304  311  319  328  336  346  348  349  349  348  341  333  324
  316  309  301  293  289  291  293  296  300  305  311  316  315  317  320  322
  325  325  325  323  310  300  287  271  263  253  242  231  233  227  220  213
  204  200  195  189  186  186  186  184  179  180  182  182  179  187  194  202
  220  234  247  259  273  287  298  306  286
    32.5-180.0 180.0   5.0 450.0                            LAT/LON1/LON2/DLON/H
  295  301  307  312  315  324  334  343  354  360  365  369  372  366  359  350
  341  334  326  319  311  314  317  319  322  327  332  337  337  342  346  350
  347  351  352  351  329  318  304  288  278  268  257  246  247  240  232  224
  211  207  201  193  188  189  188  187  183  184  186  186  182  189  197  204
  224  238  250  261  284  297  307  314  295
    30.0-180.0 180.0   5.0 450.0                            LAT/LON1/LON2/DLON/H
  297  306  314  322  322  333  343  354  363  377  389  400  396  394  392  388
  366  360  354  348  341  344  347  349  351  355  359  364  365  370  375  381
  374  375  374  372  354  339  323  307  299  286  273  262  268  253  239  225
  219  211  203  195  193  193  192  192  189  187  185  183  185  188  192  197
  212  226  239  252  290  300  309  315  297
    27.5-180.0 180.0   5.0 450.0                            LAT/LON1/LON2/DLON/H
  304  315  324  332  335  346  358  369  382  398  413  426  426  425  424  421
  401  393  385  376  367  368  369  371  376  381  387  392  397  403  408  412
  408  402  395  384  366  349  330  311  305  292  281  270  267  254  241  229
  214  207  200  194  190  190  189  189  188  186  183  180  185  188  191  195
  208  223  238  251  285  299  312  321  304
    25.0-180.0 180.0   5.0 450.0                            LAT/LON1/LON2/DLON/H
  313  326  337  346  352  365  378  390  408  424  440  454  459  459  458  455
  438  429  418  407  395  394  393  394  401  407  414  421  427  433  437  438
  431  418  402  384  363  343  322  300  295  284  274  265  257  245  234  224
  205  199  194  189  183  183  182  181  182  179  176  173  179  181  184  188
  200  216  231  246  279  297  313  325  313
    22.5-180.0 180.0   5.0 450.0                            LAT/LON1/LON2/DLON/H
  322  337  351  361  373  387  400  413  437  453  468  481  493  494  493  490
  476  465  453  440  423  421  420  419  424  432  439  446  451  456  458  458
  441  421  398  374  348  326  304  281  278  268  259  252  241  231  222  213
  196  191  187  183  178  177  175  173  175  171  168  165  170  172  175  179
  191  207  223  238  276  296  314  328  322
    20.0-180.0 180.0   5.0 450.0                            LAT/LON1/LON2/DLON/H
  329  345  360  374  385  402  418  432  451  472  491  508  528  531  533  535
  515  503  491  479  462  454  447  441  441  449  459  469  472  475  477  478
  457  428  397  365  330  303  277  254  246  239  234  232  213  206  200  195
  179  177  174  170  161  160  159  157  155  154  153  152  153  155  158  161
  181  202  224  245  273  296  317  337  329
    17.5-180.0 180.0   5.0 450.0                            LAT/LON1/LON2/DLON/H
  333  350  367  382  397  416  434  450  471  495  516  536  553  562  569  572
  556  545  533  519  495  483  473  465  459  465  472  479  483  480  476  471
  445  410  374  338  294  266  241  220  215  207  203  203  192  187  183  182
  172  170  168  165  157  155  152  150  146  145  143  142  142  145  149  154
  171  194  217  241  268  291  312  331  333
    15.0-180.0 180.0   5.0 450.0                            LAT/LON1/LON2/DLON/H
  331  349  367  385  403  424  443  461  484  509  531  551  569  583  594  600
  589  580  568  554  527  513  501  491  479  483  487  489  492  483  472  461
  432  392  351  312  270  243  220  201  194  187  184  185  178  174  173  175
  168  166  164  162  153  150  146  142  139  136  133  132  131  134  139  144
  160  184  209  235  264  286  306  324  331
    12.5-180.0 180.0   5.0 450.0                            LAT/LON1/LON2/DLON/H
  330  348  367  385  406  428  448  466  491  515  537  557  579  595  608  617
  615  608  598  585  558  544  531  519  500  501  501  501  500  485  469  452
  420  377  334  294  259  235  214  198  187  181  178  180  171  170  171  174
  167  165  163  161  153  147  142  136  134  130  126  123  121  124  128  134
  150  174  201  228  259  279  299  316  330
    10.0-180.0 180.0   5.0 450.0                            LAT/LON1/LON2/DLON/H
  329  348  367  386  416  436  454  471  495  516  534  550  573  595  614  629
  629  626  621  613  585  573  559  547  532  527  519  510  514  496  476  453
  415  372  330  290  259  240  223  209  203  197  194  193  193  191  189  187
  179  174  168  162  156  149  143  138  130  124  119  115  118  116  115  116
  133  156  182  210  242  269  294  320  329
     7.5-180.0 180.0   5.0 450.0                            LAT/LON1/LON2/DLON/H
  335  355  376  396  421  440  457  473  488  505  521  536  564  586  605  622
  636  639  637  632  605  594  582  569  551  544  534  521  519  500  478  455
  410  371  333  299  284  267  253  241  239  231  225  220  219  212  205  199
  188  179  170  160  154  147  140  135  126  120  114  109  111  109  108  109
  123  147  175  204  238  268  295  320  335
     5.0-180.0 180.0   5.0 450.0                            LAT/LON1/LON2/DLON/H
  345  367  389  410  431  449  465  479  486  498  511  523  552  572  591  608
  630  637  640  639  616  608  597  586  566  557  546  532  522  502  481  459
  410  377  346  318  320  306  294  283  281  270  260  251  243  232  220  208
  194  182  169  156  150  142  136  131  123  116  110  104  105  104  103  105
  115  140  169  200  236  267  296  322  345
     2.5-180.0 180.0   5.0 450.0                            LAT/LON1/LON2/DLON/H
  357  380  404  426  449  465  479  492  492  500  509  517  541  559  577  592
  615  625  631  635  616  612  604  595  576  566  554  539  525  506  486  466
  411  386  363  342  357  346  336  327  320  307  293  280  262  247  230  213
  195  181  165  150  146  139  133  129  121  114  107  101  101   99  100  102
  108  134  164  196  233  266  296  322  357
