o1pg2120-20230801.23i
     1.0            IONOSPHERE MAPS     GNSS                IONEX VERSION / TYPE
IONINX V4.3         AIUB                01-Aug-23 09:25     PGM / RUN BY / DATE 
406 1-DAY PREDICTED IONOSPHERE MAPS FOR DAY 212, 2023       COMMENT             
We use the deep learning algorithm, based on the global     DESCRIPTION         
ionospheric map provided by CODE and the final global       DESCRIPTION         
ionospheric map combined by IGS, and use our proposed       DESCRIPTION         
spatiotemporal network model to predict the global          DESCRIPTION         
ionospheric map of the next day.                            DESCRIPTION         
Contact address: wanghongyue@stu.cdut.edu.cn                DESCRIPTION         
  2023    07    31     0     0     0                        EPOCH OF FIRST MAP  
  2023    07    31    22     0     0                        EPOCH OF LAST MAP   
  7200                                                      INTERVAL            
    12                                                      # OF MAPS IN FILE   
  NONE                                                      MAPPING FUNCTION    
     0.0                                                    ELEVATION CUTOFF    
TEC prediction calculated as a spatiotemporal network model OBSERVABLES USED    
  6371.0                                                    BASE RADIUS         
     2                                                      MAP DIMENSION       
   450.0 450.0   0.0                                        HGT1 / HGT2 / DHGT  
    87.5 -87.5  -2.5                                        LAT1 / LAT2 / DLAT  
  -180.0 180.0   5.0                                        LON1 / LON2 / DLON  
    -1                                                      EXPONENT            
TEC values in 0.1 tec units;  9999, if no value available   COMMENT             
                                                            END OF HEADER       
[from data line 3432]
     9                                                      START OF TEC MAP    
  2023    07    31    16     0     0                        EPOCH OF CURRENT MAP
    87.5-180.0 180.0   5.0 450.0                            LAT/LON1/LON2/DLON/H
  175  175  176  177  173  174  175  176  178  178  179  179  179  179  179  180
  180  180  181  181  180  180  181  181  179  179  178  178  178  178  178  177
  179  179  179  178  179  179  178  177  178  178  178  178  177  177  177  178
  177  178  178  178  176  177  177  177  176  176  177  178  175  176  176  177
  174  176  176  176  174  176  178  179  175
    85.0-180.0 180.0   5.0 450.0                            LAT/LON1/LON2/DLON/H
  171  172  174  176  173  175  177  179  180  182  183  184  184  184  185  185
  186  186  186  187  185  185  185  185  183  182  181  180  179  178  177  176
  177  175  174  173  174  173  172  170  171  171  170  170  170  170  170  171
  171  171  172  172  171  172  172  172  173  173  174  174  172  173  173  173
  169  171  171  171  170  173  175  176  171
    82.5-180.0 180.0   5.0 450.0                            LAT/LON1/LON2/DLON/H
  165  168  170  173  172  175  177  180  181  183  184  185  187  188  188  188
  189  189  189  189  189  188  188  187  185  184  182  181  179  177  175  173
  174  172  170  168  169  167  166  164  165  164  164  163  163  164  164  164
  165  166  166  167  168  168  168  169  171  171  171  172  169  169  169  169
  163  165  165  166  162  165  167  169  165
    80.0-180.0 180.0   5.0 450.0                            LAT/LON1/LON2/DLON/H
  162  163  164  165  166  169  171  174  177  179  180  182  183  184  186  187
  188  187  187  188  190  188  187  186  186  185  183  181  183  181  179  177
  177  174  172  170  169  167  166  164  163  163  163  163  161  162  164  165
  164  166  167  168  167  168  169  170  171  171  171  170  169  168  166  164
  162  161  160  159  155  156  157  159  162
    77.5-180.0 180.0   5.0 450.0                            LAT/LON1/LON2/DLON/H
  158  159  160  162  163  166  168  170  173  176  177  178  180  182  183  184
  184  185  186  186  188  187  187  187  186  185  183  182  182  181  179  177
  177  175  173  171  170  168  166  165  164  164  164  163  162  163  164  166
  166  167  168  169  169  170  171  171  171  171  171  170  167  166  164  161
  157  156  154  153  149  150  151  152  158
    75.0-180.0 180.0   5.0 450.0                            LAT/LON1/LON2/DLON/H
  157  158  159  161  162  164  167  169  171  173  174  175  177  179  180  180
  182  183  184  185  187  188  188  188  187  187  185  184  184  183  181  179
  179  178  177  175  174  172  170  167  168  167  166  166  165  166  167  168
  168  169  170  171  171  172  172  172  171  171  170  169  165  163  161  158
  154  152  150  148  145  146  146  147  157
    72.5-180.0 180.0   5.0 450.0                            LAT/LON1/LON2/DLON/H
  158  159  160  161  162  165  167  168  168  170  171  172  174  174  175  175
  179  180  181  182  186  187  188  188  189  189  187  186  187  186  184  182
  183  182  181  179  179  177  174  172  173  172  170  169  169  170  170  171
  171  171  172  172  173  172  172  171  169  168  166  165  161  159  156  153
  151  148  146  144  144  144  144  145  158
    70.0-180.0 180.0   5.0 450.0                            LAT/LON1/LON2/DLON/H
  158  161  164  167  166  169  171  174  174  174  174  173  177  178  179  180
  183  186  189  191  192  195  196  197  197  196  194  191  189  188  187  185
  185  185  185  184  185  183  181  178  179  178  177  176  174  174  174  174
  173  174  174  174  168  168  167  166  161  159  157  154  152  149  146  143
  142  142  141  140  143  146  148  149  158
    67.5-180.0 180.0   5.0 450.0                            LAT/LON1/LON2/DLON/H
  159  163  166  169  170  173  176  178  178  179  179  179  181  182  183  183
  186  189  192  195  197  199  201  202  201  200  197  194  191  191  190  188
  190  190  190  188  190  188  186  183  184  183  182  181  178  178  178  177
  176  175  174  173  166  165  163  161  155  153  150  147  145  143  140  137
  138  138  137  137  140  144  146  149  159
    65.0-180.0 180.0   5.0 450.0                            LAT/LON1/LON2/DLON/H
  159  162  166  169  174  176  179  181  182  184  184  184  186  187  188  188
  191  194  196  199  201  203  205  206  205  203  200  197  195  195  194  192
  195  195  195  193  194  193  190  187  188  188  187  186  184  183  182  181
  178  176  174  171  163  161  158  154  149  145  142  139  137  135  132  130
  132  132  132  132  136  140  143  146  159
    62.5-180.0 180.0   5.0 450.0                            LAT/LON1/LON2/DLON/H
  157  160  164  167  174  177  179  182  185  186  188  189  193  193  193  192
  196  198  200  203  205  206  208  209  208  206  203  200  199  199  198  196
  200  200  199  197  198  196  193  190  192  192  191  190  189  187  186  184
  180  177  173  169  161  157  153  149  143  140  136  133  130  127  125  124
  126  126  127  128  133  137  140  144  157
    60.0-180.0 180.0   5.0 450.0                            LAT/LON1/LON2/DLON/H
  149  155  163  172  176  180  185  192  189  190  192  193  197  196  196  195
  200  202  204  206  206  209  211  212  212  210  208  206  203  203  203  203
  205  205  205  205  203  201  200  199  195  195  194  194  192  190  188  186
  182  178  174  169  162  158  154  149  142  138  134  130  126  122  119  117
  118  117  118  118  121  125  129  133  149
    57.5-180.0 180.0   5.0 450.0                            LAT/LON1/LON2/DLON/H
  141  148  156  164  172  176  182  189  189  191  193  194  199  200  200  199
  203  205  206  208  207  210  212  214  212  212  212  211  208  209  210  210
  212  211  210  209  207  206  205  205  202  202  202  202  199  198  196  192
  187  183  179  174  167  163  158  153  147  143  138  134  127  123  119  116
  113  112  112  112  111  116  120  125  141
    55.0-180.0 180.0   5.0 450.0                            LAT/LON1/LON2/DLON/H
  136  142  149  158  169  174  180  187  189  191  194  196  199  201  203  203
  205  207  208  209  208  210  212  214  213  215  216  217  214  216  218  218
  220  218  215  213  213  212  212  212  210  212  213  213  209  208  205  201
  196  192  187  182  176  172  167  161  156  151  147  142  134  129  124  120
  113  111  111  111  106  110  114  119  136
    52.5-180.0 180.0   5.0 450.0                            LAT/LON1/LON2/DLON/H
  133  138  145  153  168  173  179  187  188  192  195  197  199  202  204  205
  207  207  208  208  208  210  212  214  215  218  221  223  221  223  225  226
  228  224  221  218  219  219  219  219  219  221  222  222  220  218  215  210
  208  204  199  193  188  183  178  173  168  163  158  153  144  138  133  127
  118  116  115  114  106  109  113  118  133
    50.0-180.0 180.0   5.0 450.0                            LAT/LON1/LON2/DLON/H
  127  131  138  146  165  172  181  189  194  198  201  204  204  206  208  209
  214  214  213  212  215  215  216  216  221  225  228  232  231  234  235  236
  233  231  228  225  226  227  227  228  231  232  233  234  233  231  227  224
  218  214  209  203  198  193  188  182  176  172  167  163  155  150  144  139
  133  129  125  122  117  116  116  117  127
    47.5-180.0 180.0   5.0 450.0                            LAT/LON1/LON2/DLON/H
  132  137  144  153  170  179  189  199  205  208  210  213  215  216  216  217
  223  222  221  220  219  220  220  221  227  231  234  238  239  241  242  242
  239  237  236  234  234  236  237  238  239  242  243  242  239  237  234  231
  228  223  218  211  207  201  194  187  183  179  174  170  166  160  155  150
  145  140  136  133  125  125  124  125  132
    45.0-180.0 180.0   5.0 450.0                            LAT/LON1/LON2/DLON/H
  138  144  151  160  176  187  199  211  217  220  223  226  227  227  227  226
  234  233  231  229  228  228  228  230  235  239  243  246  247  248  249  249
  246  246  246  246  247  250  251  252  252  254  254  253  248  247  245  242
  237  232  225  217  212  205  198  190  186  182  178  174  173  169  165  161
  156  152  148  145  136  135  134  134  138
    42.5-180.0 180.0   5.0 450.0                            LAT/LON1/LON2/DLON/H
  143  150  158  167  179  193  207  221  228  233  237  240  240  240  240  239
  246  244  242  240  237  237  238  240  244  248  251  255  254  255  256  255
  255  257  259  260  263  267  269  270  266  268  268  266  261  260  258  255
  248  242  234  225  216  209  201  193  187  184  181  178  180  177  174  171
  168  165  161  158  147  146  145  145  143
    40.0-180.0 180.0   5.0 450.0                            LAT/LON1/LON2/DLON/H
  146  151  159  168  179  195  212  228  242  249  254  259  254  257  258  258
  257  257  255  253  252  252  253  254  257  261  265  270  276  278  281  285
  282  286  291  298  291  293  293  294  293  290  287  284  280  276  272  267
  258  248  236  224  219  211  203  195  189  189  190  191  187  187  186  185
  181  177  172  167  166  163  161  159  146
    37.5-180.0 180.0   5.0 450.0                            LAT/LON1/LON2/DLON/H
  148  152  159  167  178  195  214  232  251  260  268  274  272  273  273  272
  271  270  267  265  264  265  266  268  274  278  283  288  293  297  302  309
  310  318  327  334  331  331  329  323  322  319  314  308  304  298  291  283
  273  261  247  233  225  218  210  201  196  196  197  197  199  197  196  194
  194  189  182  176  171  168  165  162  148
    35.0-180.0 180.0   5.0 450.0                            LAT/LON1/LON2/DLON/H
  146  150  156  164  173  192  212  232  254  266  276  285  285  286  285  284
  282  280  278  275  277  279  281  283  292  297  302  308  315  322  330  340
  348  360  372  381  376  374  368  358  356  351  344  336  330  322  312  300
  286  272  256  239  230  223  215  207  204  205  205  205  210  208  206  204
  205  198  191  183  177  172  168  164  146
    32.5-180.0 180.0   5.0 450.0                            LAT/LON1/LON2/DLON/H
  143  148  154  161  168  188  209  230  253  268  282  294  294  296  296  295
  291  291  289  287  291  293  296  299  312  317  323  329  342  353  364  376
  391  407  421  432  424  420  411  398  393  386  378  368  358  347  333  318
  299  284  266  248  238  232  224  216  215  216  217  217  222  221  219  217
  215  208  200  192  185  179  173  168  143
    30.0-180.0 180.0   5.0 450.0                            LAT/LON1/LON2/DLON/H
  147  150  153  157  163  183  203  224  248  266  282  297  303  303  302  301
  298  300  300  300  301  310  320  328  330  339  349  360  376  394  413  433
  441  455  469  481  466  460  452  441  426  417  408  398  389  373  355  337
  313  293  274  256  245  238  232  228  228  229  231  234  238  236  234  233
  229  221  212  202  191  182  173  166  147
    27.5-180.0 180.0   5.0 450.0                            LAT/LON1/LON2/DLON/H
  150  152  154  157  161  180  200  220  249  267  284  299  306  309  310  310
  310  313  314  315  321  329  338  348  354  365  378  391  413  437  461  483
  497  511  522  529  510  501  490  476  459  449  438  426  414  394  372  349
  320  300  279  260  254  248  243  240  241  242  244  247  249  246  244  242
  238  229  220  210  197  188  179  171  150
    25.0-180.0 180.0   5.0 450.0                            LAT/LON1/LON2/DLON/H
  154  156  157  159  162  180  200  220  249  268  286  301  310  315  319  322
  325  329  332  334  342  350  359  370  379  393  408  423  447  477  505  529
  542  553  560  562  540  529  514  496  482  470  457  444  428  404  379  352
  320  300  280  260  258  253  249  245  247  249  251  254  254  252  250  247
  241  233  223  214  200  191  183  175  154
    22.5-180.0 180.0   5.0 450.0                            LAT/LON1/LON2/DLON/H
  155  156  158  159  164  182  201  221  250  270  288  303  314  322  328  333
  342  347  351  354  364  372  382  392  404  420  437  453  478  510  539  564
  573  579  581  578  558  543  525  505  494  481  467  452  429  402  374  345
  313  294  274  256  259  255  251  247  251  253  256  258  256  254  252  250
  242  234  226  217  205  196  189  182  155
    20.0-180.0 180.0   5.0 450.0                            LAT/LON1/LON2/DLON/H
  168  169  171  172  169  186  206  226  245  264  283  302  315  327  338  348
  353  363  372  379  385  395  405  415  427  446  465  485  515  542  568  591
  591  593  592  588  564  549  534  519  510  494  477  460  433  403  373  344
  312  295  279  265  253  249  246  245  248  249  251  253  257  257  255  252
  237  233  228  222  208  201  195  189  168
    17.5-180.0 180.0   5.0 450.0                            LAT/LON1/LON2/DLON/H
  165  166  168  170  170  189  208  228  245  264  283  301  315  329  342  354
  367  380  390  400  405  414  424  436  449  467  486  504  537  559  579  596
  592  591  586  580  552  540  527  515  509  493  476  459  428  396  365  336
  309  291  275  262  253  247  244  243  247  247  248  250  250  249  245  241
  227  223  217  212  203  196  190  183  165
    15.0-180.0 180.0   5.0 450.0                            LAT/LON1/LON2/DLON/H
  154  155  158  160  167  185  205  225  243  263  282  300  314  331  347  360
  377  391  404  415  420  430  440  453  469  487  504  520  551  567  581  592
  583  579  572  565  541  532  524  515  508  492  476  460  423  390  359  331
  310  292  276  263  258  251  247  245  249  247  247  247  242  238  233  227
  215  209  204  198  194  187  179  172  154
    12.5-180.0 180.0   5.0 450.0                            LAT/LON1/LON2/DLON/H
  140  141  144  147  158  176  196  216  241  260  279  297  315  334  351  366
  386  401  415  428  434  444  456  469  487  503  519  532  560  570  577  582
  570  564  556  548  535  530  525  521  509  494  479  464  417  385  355  329
  314  297  281  268  268  260  254  250  253  250  247  245  235  228  220  212
  203  197  190  184  186  177  168  161  140
    10.0-180.0 180.0   5.0 450.0                            LAT/LON1/LON2/DLON/H
  121  121  124  129  134  154  181  210  233  253  274  295  310  331  350  368
  388  404  418  430  438  453  468  482  503  517  529  541  562  567  570  570
  569  562  554  545  533  535  534  531  515  503  488  471  423  397  371  345
  331  317  304  291  286  281  278  276  269  261  252  244  231  220  208  196
  186  178  171  165  165  155  148  143  121
     7.5-180.0 180.0   5.0 450.0                            LAT/LON1/LON2/DLON/H
  107  106  108  113  117  138  166  197  228  250  273  296  312  333  353  372
  395  411  425  437  448  463  477  492  519  532  543  553  565  568  568  569
  561  555  550  544  542  544  543  540  531  517  499  479  438  412  385  359
  348  333  319  306  299  293  289  285  281  269  256  244  229  215  200  186
  173  165  157  151  148  140  134  129  107
     5.0-180.0 180.0   5.0 450.0                            LAT/LON1/LON2/DLON/H
   94   92   94   98  102  123  151  183  222  247  272  297  315  338  359  378
  399  415  429  440  455  470  485  499  532  544  554  562  569  570  569  568
  558  556  554  552  551  553  552  549  538  522  502  480  445  419  393  369
  360  345  331  317  308  301  296  291  288  273  257  241  227  211  194  178
  165  156  148  141  135  128  123  119   94
     2.5-180.0 180.0   5.0 450.0                            LAT/LON1/LON2/DLON/H
   87   85   86   90   94  114  141  173  219  245  272  298  322  346  367  387
  405  420  433  444  462  477  492  507  540  552  562  569  576  575  575  573
  563  564  565  566  558  560  559  556  536  519  498  475  442  418  394  372
  363  349  335  322  309  302  296  291  287  269  250  232  223  205  187  170
  159  150  142  135  129  123  118  114   87
