o1pg2120-20230827.23i
     1.0            IONOSPHERE MAPS     GNSS                IONEX VERSION / TYPE
IONINX V4.3         AIUB                18-Sep-23 13:06     PGM / RUN BY / DATE 
406 1-DAY PREDICTED IONOSPHERE MAPS FOR DAY 212, 2023       COMMENT             
We use the deep learning algorithm, based on the global     DESCRIPTION         
ionospheric map provided by CODE and the final global       DESCRIPTION         
ionospheric map combined by IGS, and use our proposed       DESCRIPTION         
spatiotemporal network model to predict the global          DESCRIPTION         
ionospheric map of the next day.                            DESCRIPTION         
Contact address: wanghongyue@stu.cdut.edu.cn                DESCRIPTION         
  2023    07    31     0     0     0                        EPOCH OF FIRST MAP  
  2023    07    31    22     0     0                        EPOCH OF LAST MAP   
  7200                                                      INTERVAL            
    12                                                      # OF MAPS IN FILE   
  NONE                                                      MAPPING FUNCTION    
     0.0                                                    ELEVATION CUTOFF    
TEC prediction calculated as a spatiotemporal network model OBSERVABLES USED    
  6371.0                                                    BASE RADIUS         
     2                                                      MAP DIMENSION       
   450.0 450.0   0.0                                        HGT1 / HGT2 / DHGT  
    87.5 -87.5  -2.5                                        LAT1 / LAT2 / DLAT  
  -180.0 180.0   5.0                                        LON1 / LON2 / DLON  
    -1                                                      EXPONENT            
TEC values in 0.1 tec units;  9999, if no value available   COMMENT             
                                                            END OF HEADER       
[from data line 3861]
    10                                                      START OF TEC MAP    
  2023    07    31    18     0     0                        EPOCH OF CURRENT MAP
    87.5-180.0 180.0   5.0 450.0                            LAT/LON1/LON2/DLON/H
  165  166  166  167  164  165  167  168  168  169  170  171  168  169  169  170
  170  170  170  171  171  170  170  170  171  170  169  169  171  170  169  168
  170  170  169  168  167  167  167  166  167  167  167  166  168  168  169  169
  171  171  172  172  174  174  175  175  173  173  173  174  171  172  172  172
  171  172  172  171  170  171  172  172  165
    85.0-180.0 180.0   5.0 450.0                            LAT/LON1/LON2/DLON/H
  162  163  164  166  164  166  168  170  171  172  174  175  174  175  176  176
  177  178  178  178  177  176  176  175  175  174  172  171  171  170  168  167
  167  166  164  163  162  161  160  159  159  159  159  159  160  160  161  161
  163  164  165  165  168  168  169  169  168  169  169  169  167  168  168  169
  167  167  167  167  166  168  169  169  162
    82.5-180.0 180.0   5.0 450.0                            LAT/LON1/LON2/DLON/H
  157  159  161  163  163  165  167  169  171  173  175  176  178  179  180  181
  183  183  183  183  182  181  180  178  178  176  174  172  171  169  166  164
  164  162  160  158  157  156  155  153  153  153  153  153  153  153  154  155
  156  157  158  159  163  163  164  164  165  165  166  166  163  164  164  165
  161  162  162  162  159  161  163  164  157
    80.0-180.0 180.0   5.0 450.0                            LAT/LON1/LON2/DLON/H
  153  153  154  155  156  159  162  165  169  173  176  179  177  180  182  184
  185  185  185  186  186  184  182  181  180  178  175  172  174  171  168  166
  165  163  161  159  158  157  156  156  152  153  154  155  150  152  155  156
  154  157  159  161  160  162  163  163  165  165  165  164  166  165  165  164
  161  160  159  159  152  152  153  154  153
    77.5-180.0 180.0   5.0 450.0                            LAT/LON1/LON2/DLON/H
  151  151  152  153  153  156  159  162  166  170  174  177  176  179  182  184
  185  186  187  188  187  186  185  183  181  179  176  172  173  171  168  165
  165  163  161  160  158  158  157  156  154  154  154  155  152  154  156  157
  156  158  160  162  160  162  162  163  163  164  163  163  163  163  162  162
  158  157  156  155  150  151  151  152  151
    75.0-180.0 180.0   5.0 450.0                            LAT/LON1/LON2/DLON/H
  153  154  154  155  154  157  160  162  165  169  172  175  176  179  182  184
  186  188  189  190  190  189  188  186  185  182  179  175  175  173  170  167
  166  165  164  163  162  161  160  158  157  157  157  157  156  157  158  159
  159  160  161  162  161  161  161  162  161  161  161  160  159  159  159  159
  157  156  154  154  151  151  151  152  153
    72.5-180.0 180.0   5.0 450.0                            LAT/LON1/LON2/DLON/H
  158  158  159  160  158  160  162  164  165  168  171  173  174  177  180  182
  186  188  189  190  192  191  190  188  188  185  182  177  177  175  173  170
  170  169  168  167  167  166  164  162  162  162  161  160  161  161  161  162
  162  162  162  163  160  160  159  159  157  157  156  155  155  155  155  154
  156  155  154  153  154  154  154  154  158
    70.0-180.0 180.0   5.0 450.0                            LAT/LON1/LON2/DLON/H
  165  166  168  169  165  166  167  168  171  173  174  175  178  181  184  186
  188  191  194  195  196  196  195  194  193  190  185  181  176  174  172  170
  171  172  172  172  170  169  168  167  164  164  163  162  160  161  161  160
  159  159  158  156  151  150  149  147  143  143  142  142  146  147  149  151
  154  157  159  160  164  167  169  170  165
    67.5-180.0 180.0   5.0 450.0                            LAT/LON1/LON2/DLON/H
  172  174  176  177  175  176  176  177  178  180  181  182  182  186  188  190
  191  195  197  199  201  201  200  199  197  193  189  184  179  178  176  174
  176  177  177  176  176  175  173  171  168  167  166  164  162  162  161  159
  159  157  154  150  145  143  140  138  134  133  133  133  138  140  142  145
  151  154  157  160  165  169  172  174  172
    65.0-180.0 180.0   5.0 450.0                            LAT/LON1/LON2/DLON/H
  177  179  182  184  184  185  185  186  185  186  187  188  189  191  193  195
  196  199  201  204  205  205  204  203  200  196  192  187  183  182  181  179
  183  183  183  182  182  180  178  175  172  170  168  166  165  163  160  157
  158  154  149  143  138  134  131  127  123  122  122  123  127  130  134  138
  144  149  153  157  164  168  172  174  177
    62.5-180.0 180.0   5.0 450.0                            LAT/LON1/LON2/DLON/H
  179  182  185  188  191  192  192  192  190  192  192  193  196  197  198  199
  201  203  205  207  208  208  207  206  203  199  194  189  188  188  187  185
  189  189  188  187  187  185  182  179  176  174  171  168  166  163  159  155
  156  150  143  137  131  126  121  117  114  113  113  115  117  121  126  131
  137  143  148  153  162  167  171  174  179
    60.0-180.0 180.0   5.0 450.0                            LAT/LON1/LON2/DLON/H
  182  189  196  203  196  196  197  197  197  198  199  199  202  203  204  204
  206  208  210  211  211  211  211  210  206  203  199  196  192  192  192  193
  195  195  195  195  195  192  189  187  186  184  181  178  176  172  167  161
  156  150  144  136  125  121  117  113  107  106  106  106  111  113  116  119
  126  132  138  143  153  161  169  175  182
    57.5-180.0 180.0   5.0 450.0                            LAT/LON1/LON2/DLON/H
  179  187  195  202  199  200  200  201  201  201  202  202  204  206  207  208
  208  210  211  212  211  211  211  211  208  206  204  203  200  201  202  203
  205  205  204  203  202  200  198  196  195  192  189  186  182  177  171  163
  156  150  143  135  125  120  116  112  107  106  105  105  108  109  112  114
  118  123  129  134  143  152  161  170  179
    55.0-180.0 180.0   5.0 450.0                            LAT/LON1/LON2/DLON/H
  177  185  194  202  204  205  206  207  205  205  205  205  206  208  209  210
  210  211  212  213  211  211  211  211  210  210  210  210  209  211  213  214
  216  215  213  211  212  211  209  208  206  204  201  196  190  184  177  168
  160  153  145  137  129  124  120  116  111  110  109  109  110  110  111  112
  112  117  122  127  135  145  155  164  177
    52.5-180.0 180.0   5.0 450.0                            LAT/LON1/LON2/DLON/H
  176  185  194  202  210  211  212  213  209  209  209  208  206  208  210  210
  212  212  212  212  212  211  211  212  213  215  217  219  217  220  223  224
  225  224  222  219  222  221  220  219  217  215  211  207  199  192  183  173
  165  158  150  142  135  131  127  124  118  117  117  117  114  113  113  113
  110  115  119  123  131  140  150  159  176
    50.0-180.0 180.0   5.0 450.0                            LAT/LON1/LON2/DLON/H
  172  182  193  203  215  218  221  224  220  219  217  215  216  217  218  217
  220  218  216  214  216  215  214  214  217  220  224  227  226  230  232  234
  233  233  232  231  234  235  236  235  236  232  227  221  210  201  191  181
  170  163  155  148  142  138  134  131  130  128  126  125  124  121  118  116
  117  117  118  120  128  136  143  150  172
    47.5-180.0 180.0   5.0 450.0                            LAT/LON1/LON2/DLON/H
  178  188  199  211  225  230  234  237  234  231  228  225  227  226  224  223
  227  224  221  219  219  218  218  218  222  225  229  233  234  237  239  240
  239  240  240  240  243  245  245  245  244  240  234  226  215  206  196  185
  177  170  162  155  152  148  144  140  140  137  136  134  133  130  127  125
  124  124  125  126  135  142  149  156  178
    45.0-180.0 180.0   5.0 450.0                            LAT/LON1/LON2/DLON/H
  184  195  207  220  235  242  248  253  250  246  242  238  239  237  235  232
  236  233  230  227  225  225  225  227  229  233  237  241  242  245  246  246
  246  249  251  253  254  257  258  258  254  249  242  233  222  214  204  193
  186  178  171  163  161  157  153  149  148  146  145  143  141  139  136  134
  132  132  133  133  143  149  155  161  184
    42.5-180.0 180.0   5.0 450.0                            LAT/LON1/LON2/DLON/H
  188  200  213  226  243  252  260  267  264  261  258  254  253  250  247  244
  246  243  240  238  233  234  235  238  238  242  246  250  251  253  253  253
  255  259  263  266  268  271  273  273  263  259  251  242  230  222  213  203
  194  187  179  172  167  164  160  157  155  154  153  152  149  147  145  143
  141  141  142  142  153  158  163  168  188
    40.0-180.0 180.0   5.0 450.0                            LAT/LON1/LON2/DLON/H
  196  209  224  241  250  261  272  281  280  280  278  276  266  264  261  257
  257  254  251  248  243  243  245  246  252  254  258  262  268  270  272  276
  275  279  283  290  286  286  285  284  275  267  258  249  234  226  217  208
  199  192  185  178  173  170  168  165  161  162  163  164  157  156  155  153
  156  155  154  152  161  166  172  177  196
    37.5-180.0 180.0   5.0 450.0                            LAT/LON1/LON2/DLON/H
  201  213  228  243  254  266  277  288  291  293  293  292  284  282  278  274
  274  270  266  263  259  260  261  264  267  270  274  279  281  285  290  296
  297  304  311  317  314  313  310  305  295  286  276  265  251  241  230  219
  211  204  195  187  182  179  177  174  171  172  173  173  170  168  166  163
  166  164  161  159  164  169  174  178  201
    35.0-180.0 180.0   5.0 450.0                            LAT/LON1/LON2/DLON/H
  203  215  229  244  254  267  279  291  294  299  302  304  300  297  293  289
  290  287  283  280  277  278  280  283  286  289  294  299  303  309  317  325
  328  338  347  354  347  345  339  331  319  309  298  285  268  257  245  232
  221  213  203  193  188  186  184  181  180  181  181  181  180  178  176  172
  175  171  167  163  168  171  174  178  203
    32.5-180.0 180.0   5.0 450.0                            LAT/LON1/LON2/DLON/H
  204  217  231  246  253  266  280  293  294  302  309  314  314  312  310  306
  306  304  302  299  296  299  302  305  306  311  316  322  331  341  351  361
  364  377  388  396  381  378  370  360  344  333  321  308  285  273  259  245
  229  220  210  199  193  191  189  186  187  189  189  189  189  188  185  182
  183  178  173  168  175  176  177  179  204
    30.0-180.0 180.0   5.0 450.0                            LAT/LON1/LON2/DLON/H
  209  224  240  257  254  265  276  288  293  306  318  328  328  329  329  328
  326  326  325  324  322  328  334  339  339  345  352  360  372  383  395  409
  415  423  431  436  420  413  403  390  364  351  337  322  316  293  271  249
  241  226  211  198  197  195  195  196  194  197  200  203  196  194  192  189
  185  179  173  166  169  169  169  170  209
    27.5-180.0 180.0   5.0 450.0                            LAT/LON1/LON2/DLON/H
  210  226  242  258  256  268  280  292  300  314  327  338  344  347  349  349
  350  349  348  347  348  351  356  362  364  373  383  394  408  424  440  455
  464  470  473  473  457  445  429  411  387  371  353  334  323  299  275  252
  239  225  212  201  200  200  201  203  202  205  208  210  206  203  199  195
  189  183  176  169  170  170  171  172  210
    25.0-180.0 180.0   5.0 450.0                            LAT/LON1/LON2/DLON/H
  211  228  245  262  262  275  287  300  309  324  337  349  362  367  370  373
  379  378  376  375  377  380  383  389  392  404  417  431  445  464  483  499
  508  509  507  502  482  464  443  420  395  375  354  332  317  292  268  244
  230  218  208  199  198  199  201  203  205  207  210  212  208  204  200  195
  190  184  177  170  170  171  172  173  211
    22.5-180.0 180.0   5.0 450.0                            LAT/LON1/LON2/DLON/H
  209  228  246  263  268  282  296  309  320  335  349  361  381  388  393  397
  410  409  407  405  407  409  413  418  418  433  449  464  477  499  519  536
  540  536  529  518  493  470  444  418  389  367  344  320  299  275  251  228
  218  209  201  194  195  197  199  202  204  207  209  211  206  203  198  193
  189  184  177  171  174  174  175  176  209
    20.0-180.0 180.0   5.0 450.0                            LAT/LON1/LON2/DLON/H
  204  225  249  274  274  287  299  311  328  346  362  378  391  406  421  434
  430  435  439  442  437  439  442  445  450  463  478  495  517  536  554  571
  568  561  550  537  517  484  448  410  384  356  329  303  278  258  241  227
  201  197  194  193  179  182  185  189  197  198  199  198  193  192  189  185
  174  172  169  167  165  166  168  170  204
    17.5-180.0 180.0   5.0 450.0                            LAT/LON1/LON2/DLON/H
  201  224  249  275  279  294  308  321  337  355  372  388  405  424  442  457
  462  468  473  477  468  467  469  472  475  487  500  513  537  553  568  581
  572  563  549  533  509  471  431  391  360  329  301  275  258  239  224  213
  198  195  193  193  181  183  186  189  193  193  193  192  185  183  180  176
  166  165  163  162  161  162  164  166  201
    15.0-180.0 180.0   5.0 450.0                            LAT/LON1/LON2/DLON/H
  193  216  242  270  279  296  312  326  343  361  379  395  415  437  457  474
  485  492  498  504  494  493  494  497  500  511  521  530  550  563  574  582
  568  556  541  524  499  459  417  376  341  310  280  256  246  229  217  208
  201  198  197  198  186  186  188  190  190  188  186  185  175  172  168  164
  157  156  155  155  156  157  159  161  193
    12.5-180.0 180.0   5.0 450.0                            LAT/LON1/LON2/DLON/H
  183  207  233  260  277  295  312  327  348  366  383  399  424  447  467  486
  502  510  518  524  519  518  519  522  523  532  539  545  557  566  573  577
  559  547  531  514  490  449  408  370  330  299  271  247  241  228  218  213
  208  207  207  209  192  192  192  193  188  184  181  178  167  162  157  152
  149  147  147  147  151  151  152  154  183
    10.0-180.0 180.0   5.0 450.0                            LAT/LON1/LON2/DLON/H
  160  188  222  259  275  292  310  327  349  367  384  400  426  450  473  492
  513  525  535  542  536  536  538  540  543  546  549  551  566  570  571  569
  557  542  523  504  477  444  409  373  323  298  276  257  248  241  236  233
  222  220  218  216  211  207  203  199  192  183  174  166  155  149  143  137
  136  133  131  131  127  125  125  127  160
     7.5-180.0 180.0   5.0 450.0                            LAT/LON1/LON2/DLON/H
  151  180  215  254  273  293  312  332  353  372  389  405  426  448  470  489
  517  530  541  549  548  551  553  557  561  564  564  564  570  569  566  562
  547  534  518  500  484  453  420  386  349  325  303  283  282  271  263  255
  241  235  228  221  217  211  205  200  192  181  171  161  151  144  137  131
  125  123  121  121  113  113  115  118  151
     5.0-180.0 180.0   5.0 450.0                            LAT/LON1/LON2/DLON/H
  143  172  208  248  273  294  315  337  356  375  393  410  426  445  464  482
  512  524  535  545  552  557  562  567  575  577  577  575  573  568  562  556
  537  527  515  501  488  461  432  403  379  356  335  315  313  300  287  276
  254  243  232  220  218  211  203  196  189  178  166  156  149  141  134  127
  117  115  114  114  102  104  108  112  143
     2.5-180.0 180.0   5.0 450.0                            LAT/LON1/LON2/DLON/H
  140  169  205  245  277  300  322  344  364  383  401  417  429  446  462  477
  503  514  525  534  549  557  565  572  583  585  585  583  576  569  562  553
  528  522  513  504  487  465  442  418  404  384  364  344  337  321  306  290
  256  243  228  213  214  205  196  189  183  171  160  149  147  139  131  124
  112  110  109  109   96   99  103  109  140
