o1pg1930.23i
     1.0            IONOSPHERE MAPS     GNSS                IONEX VERSION / TYPE
IONINX V4.3         AIUB                13-Jul-23 09:02     PGM / RUN BY / DATE 
406 1-DAY PREDICTED IONOSPHERE MAPS FOR DAY 193, 2023       COMMENT             
We use the deep learning algorithm, based on the global     DESCRIPTION         
ionospheric map provided by CODE and the final global       DESCRIPTION         
ionospheric map combined by IGS, and use our proposed       DESCRIPTION         
spatiotemporal network model to predict the global          DESCRIPTION         
ionospheric map of the next day.                            DESCRIPTION         
Contact address: wanghongyue@stu.cdut.edu.cn                DESCRIPTION         
  2023    07    12     0     0     0                        EPOCH OF FIRST MAP  
  2023    07    12    22     0     0                        EPOCH OF LAST MAP   
  7200                                                      INTERVAL            
    12                                                      # OF MAPS IN FILE   
  NONE                                                      MAPPING FUNCTION    
     0.0                                                    ELEVATION CUTOFF    
TEC prediction calculated as a spatiotemporal network model OBSERVABLES USED    
  6371.0                                                    BASE RADIUS         
     2                                                      MAP DIMENSION       
   450.0 450.0   0.0                                        HGT1 / HGT2 / DHGT  
    87.5 -87.5  -2.5                                        LAT1 / LAT2 / DLAT  
  -180.0 180.0   5.0                                        LON1 / LON2 / DLON  
    -1                                                      EXPONENT            
TEC values in 0.1 tec units;  9999, if no value available   COMMENT             
                                                            END OF HEADER       
[from data line 429]
     2                                                      START OF TEC MAP    
  2023    07    12     2     0     0                        EPOCH OF CURRENT MAP
    87.5-180.0 180.0   5.0 450.0                            LAT/LON1/LON2/DLON/H
  176  175  175  175  175  175  175  176  174  175  175  175  177  177  177  177
  175  175  175  174  172  172  171  170  167  166  165  163  164  164  164  162
  163  164  163  163  163  164  164  164  164  165  165  166  165  165  166  167
  165  166  166  166  165  166  166  167  165  166  167  168  168  169  170  171
  170  171  171  171  171  172  172  173  176
    85.0-180.0 180.0   5.0 450.0                            LAT/LON1/LON2/DLON/H
  178  178  179  179  178  178  179  179  178  178  179  179  181  181  181  181
  180  180  180  179  176  175  174  172  168  166  164  162  161  160  158  157
  157  157  157  156  157  157  158  158  159  160  161  162  162  163  164  165
  165  165  166  166  165  166  166  166  166  167  168  168  171  171  172  172
  171  172  172  171  172  172  173  173  178
    82.5-180.0 180.0   5.0 450.0                            LAT/LON1/LON2/DLON/H
  178  179  181  182  179  180  180  181  179  180  181  181  183  183  183  183
  183  183  183  182  178  177  175  173  166  164  162  159  156  154  152  150
  151  151  150  150  151  152  152  153  155  156  158  159  160  162  163  164
  165  166  166  167  167  167  168  168  169  169  170  170  174  174  174  174
  173  173  172  171  171  171  171  170  178
    80.0-180.0 180.0   5.0 450.0                            LAT/LON1/LON2/DLON/H
  180  180  181  180  179  181  182  182  181  183  185  185  185  186  187  186
  185  185  185  184  180  178  176  173  165  162  159  155  151  149  147  145
  145  145  146  146  149  151  152  154  157  159  161  163  166  168  169  171
  172  172  173  173  175  174  173  172  177  177  177  176  179  179  179  179
  177  175  174  172  171  171  170  170  180
    77.5-180.0 180.0   5.0 450.0                            LAT/LON1/LON2/DLON/H
  181  181  181  182  179  180  181  182  180  182  183  183  183  184  184  183
  182  182  182  181  176  174  171  168  160  156  153  149  145  143  141  140
  141  142  143  144  148  150  152  154  158  161  164  166  170  173  175  177
  179  181  182  182  185  185  184  184  188  188  188  188  188  189  188  188
  183  181  179  176  172  171  170  169  181
    75.0-180.0 180.0   5.0 450.0                            LAT/LON1/LON2/DLON/H
  184  184  184  184  180  181  182  181  181  182  182  181  182  182  181  180
  180  180  179  177  172  170  167  164  155  152  148  144  141  140  139  137
  140  141  143  144  148  151  154  156  161  165  168  170  176  179  182  185
  188  190  192  193  196  196  196  196  200  200  200  199  199  199  198  196
  192  189  186  182  177  175  172  170  184
    72.5-180.0 180.0   5.0 450.0                            LAT/LON1/LON2/DLON/H
  186  186  186  185  182  182  182  181  182  182  181  179  180  179  177  175
  176  175  174  171  168  166  162  158  151  148  144  140  139  138  137  136
  141  143  145  146  151  154  157  159  164  168  171  174  181  185  188  191
  196  198  200  202  204  205  205  205  210  210  209  208  208  207  205  203
  201  198  193  189  184  182  178  175  186
    70.0-180.0 180.0   5.0 450.0                            LAT/LON1/LON2/DLON/H
  192  192  191  189  186  187  188  188  183  183  183  182  180  178  176  173
  171  170  168  165  162  159  156  152  146  143  140  137  138  138  138  139
  143  145  147  149  154  156  158  161  166  171  176  182  185  191  197  202
  202  206  209  211  210  212  213  213  212  213  213  212  211  210  209  207
  202  199  196  192  189  186  182  176  192
    67.5-180.0 180.0   5.0 450.0                            LAT/LON1/LON2/DLON/H
  197  197  195  193  190  190  190  190  187  187  186  185  182  180  178  174
  171  169  166  163  161  158  155  151  146  143  140  137  139  139  140  140
  145  147  149  150  155  157  159  162  166  172  178  184  189  195  201  207
  208  211  213  215  214  216  216  215  215  215  215  214  214  214  213  212
  208  206  204  200  198  195  191  185  197
    65.0-180.0 180.0   5.0 450.0                            LAT/LON1/LON2/DLON/H
  202  200  198  196  193  193  192  192  190  191  190  189  186  184  181  177
  172  169  166  162  162  159  155  151  148  145  141  138  141  141  142  142
  148  149  150  151  155  157  159  162  166  173  179  186  194  200  206  212
  214  216  217  218  217  218  217  216  215  216  215  214  214  214  214  213
  211  211  209  206  205  202  197  192  202
    62.5-180.0 180.0   5.0 450.0                            LAT/LON1/LON2/DLON/H
  204  202  200  197  196  194  193  192  193  194  193  191  191  188  184  180
  174  170  167  163  163  160  156  152  150  147  143  140  145  145  145  144
  151  152  152  152  155  157  159  161  166  173  180  187  197  204  210  216
  217  219  220  221  217  217  217  216  214  215  215  214  211  213  213  213
  212  212  211  209  210  207  203  198  204
    60.0-180.0 180.0   5.0 450.0                            LAT/LON1/LON2/DLON/H
  211  207  203  198  197  195  193  193  191  193  194  196  192  189  186  182
  175  171  167  163  160  158  155  153  147  145  142  141  143  144  144  145
  149  148  148  148  146  147  148  150  156  165  174  183  194  202  211  218
  217  218  218  218  215  215  214  213  214  215  215  214  216  217  218  217
  215  216  217  217  217  217  216  213  211
    57.5-180.0 180.0   5.0 450.0                            LAT/LON1/LON2/DLON/H
  215  212  208  204  201  198  195  193  193  194  195  196  196  195  192  189
  182  178  174  169  166  163  160  156  150  148  146  144  148  147  147  147
  150  148  146  145  143  144  146  148  153  162  172  182  192  201  211  220
  218  220  222  222  219  219  219  218  218  219  218  217  218  218  218  217
  215  217  217  217  219  219  218  216  215
    55.0-180.0 180.0   5.0 450.0                            LAT/LON1/LON2/DLON/H
  224  221  217  213  209  205  201  197  197  197  197  197  200  199  198  195
  191  186  182  177  173  169  165  161  155  153  151  150  154  153  151  150
  151  148  145  143  140  141  144  147  150  160  170  181  189  199  210  219
  221  224  227  229  227  228  228  227  226  226  225  224  223  222  221  220
  217  218  219  218  221  222  222  220  224
    52.5-180.0 180.0   5.0 450.0                            LAT/LON1/LON2/DLON/H
  234  232  229  225  220  215  209  203  201  201  200  199  203  203  202  200
  199  195  190  185  180  175  171  166  162  160  158  156  160  158  156  153
  151  147  144  141  137  139  142  146  147  156  166  177  185  196  206  217
  224  228  232  235  237  239  239  239  236  236  235  233  229  228  226  224
  220  221  221  221  225  226  226  225  234
    50.0-180.0 180.0   5.0 450.0                            LAT/LON1/LON2/DLON/H
  248  246  244  240  233  226  219  212  208  206  205  204  205  206  206  207
  205  203  201  198  191  188  184  180  173  170  168  165  164  161  159  156
  149  146  143  140  140  141  142  143  143  150  157  164  179  191  204  216
  220  228  236  244  246  248  248  248  250  248  244  238  237  234  230  226
  225  225  225  226  229  232  234  236  248
    47.5-180.0 180.0   5.0 450.0                            LAT/LON1/LON2/DLON/H
  263  261  260  258  251  244  237  229  223  219  215  211  212  212  212  211
  212  210  208  205  198  195  191  188  182  179  176  172  172  169  165  160
  154  151  148  145  145  146  147  148  146  152  159  165  177  190  203  217
  224  233  242  251  258  260  259  258  264  260  254  248  245  242  238  235
  233  233  234  235  236  239  241  243  263
    45.0-180.0 180.0   5.0 450.0                            LAT/LON1/LON2/DLON/H
  276  276  275  275  269  263  256  248  239  233  228  221  221  220  218  217
  220  218  215  212  207  204  201  197  192  189  186  181  180  176  171  165
  159  156  153  151  151  152  153  154  150  155  160  166  175  189  203  218
  227  238  248  258  268  270  270  269  274  269  263  257  252  250  247  244
  243  244  245  246  248  250  252  253  276
    42.5-180.0 180.0   5.0 450.0                            LAT/LON1/LON2/DLON/H
  285  286  287  288  284  279  272  264  254  248  241  234  230  229  227  225
  228  226  224  221  217  214  211  208  203  199  195  191  186  181  175  169
  162  161  159  158  157  159  160  161  154  158  163  167  175  189  204  219
  230  243  255  266  276  279  281  281  282  278  272  266  260  259  257  255
  255  257  258  259  263  264  265  265  285
    40.0-180.0 180.0   5.0 450.0                            LAT/LON1/LON2/DLON/H
  301  302  302  303  298  296  292  287  276  268  259  251  239  237  234  230
  235  234  232  229  221  219  216  212  209  208  207  205  196  191  186  181
  182  177  172  168  172  169  167  164  162  164  167  171  173  186  201  216
  226  240  253  266  279  283  285  286  297  294  289  283  274  274  273  273
  270  273  277  281  288  288  288  288  301
    37.5-180.0 180.0   5.0 450.0                            LAT/LON1/LON2/DLON/H
  319  317  314  312  311  308  304  300  290  283  276  269  256  252  247  242
  242  240  238  234  227  225  222  219  220  219  217  215  209  204  199  194
  196  193  189  184  187  184  181  177  173  175  177  181  179  192  206  221
  229  244  258  270  282  288  292  294  302  301  297  291  286  287  288  288
  288  293  297  300  307  308  307  306  319
    35.0-180.0 180.0   5.0 450.0                            LAT/LON1/LON2/DLON/H
  339  335  331  326  322  320  316  312  301  297  292  287  272  267  262  255
  248  245  242  238  231  230  228  225  230  229  227  225  220  217  213  209
  210  208  205  201  201  198  193  188  184  185  187  189  185  197  210  223
  230  245  259  271  281  290  296  299  305  306  305  300  296  299  302  303
  305  311  316  319  330  330  329  327  339
    32.5-180.0 180.0   5.0 450.0                            LAT/LON1/LON2/DLON/H
  360  356  351  345  334  332  329  326  311  310  308  305  289  284  278  270
  254  251  248  244  234  234  233  231  239  238  236  233  228  227  225  222
  219  219  218  215  212  208  203  198  194  195  196  197  191  201  212  224
  230  244  258  270  280  291  299  304  308  311  312  309  307  313  318  322
  322  330  335  339  356  356  354  350  360
    30.0-180.0 180.0   5.0 450.0                            LAT/LON1/LON2/DLON/H
  393  388  381  375  360  356  352  348  337  334  331  326  315  305  292  278
  264  255  246  235  233  235  237  238  247  246  245  243  243  238  232  226
  229  225  219  213  214  210  204  198  203  201  199  195  199  205  212  221
  229  242  254  267  284  290  294  298  309  309  309  308  312  316  321  327
  321  332  342  351  368  375  379  382  393
    27.5-180.0 180.0   5.0 450.0                            LAT/LON1/LON2/DLON/H
  422  417  410  403  388  381  374  369  362  357  352  346  340  327  311  295
  274  263  252  241  239  241  244  246  260  259  257  254  249  243  235  227
  229  223  217  210  213  209  203  197  202  200  197  194  191  196  203  211
  218  232  246  261  277  286  293  298  310  313  315  316  322  328  334  341
  336  349  361  372  383  398  409  416  422
    25.0-180.0 180.0   5.0 450.0                            LAT/LON1/LON2/DLON/H
  453  451  446  438  424  416  408  400  393  387  380  374  367  351  333  315
  286  274  261  248  246  248  251  254  269  268  265  262  249  242  234  224
  222  216  208  200  204  200  194  189  194  191  188  184  178  183  189  196
  205  220  237  253  268  281  291  299  310  317  321  325  332  340  348  357
  351  366  379  391  399  419  436  448  453
    22.5-180.0 180.0   5.0 450.0                            LAT/LON1/LON2/DLON/H
  481  483  480  474  462  454  445  436  428  421  413  406  393  376  357  338
  301  286  272  258  256  257  260  263  271  269  266  262  241  233  224  214
  210  202  194  186  190  186  181  176  181  178  174  171  163  167  172  180
  190  208  226  245  261  276  290  301  311  321  329  335  343  354  365  375
  367  382  396  409  416  439  457  472  481
    20.0-180.0 180.0   5.0 450.0                            LAT/LON1/LON2/DLON/H
  500  504  504  500  490  486  479  471  459  452  444  433  421  400  378  355
  317  302  286  270  263  268  273  276  278  267  256  245  226  210  194  178
  178  173  168  162  160  158  155  152  149  146  143  139  133  136  141  148
  176  197  218  239  262  276  290  303  312  321  330  339  352  362  371  380
  388  403  417  431  430  450  468  483  500
    17.5-180.0 180.0   5.0 450.0                            LAT/LON1/LON2/DLON/H
  514  521  525  525  516  514  509  502  490  481  470  457  447  424  399  373
  336  317  298  280  276  277  278  279  273  260  246  233  209  193  177  162
  160  155  149  144  141  138  136  133  130  126  123  120  118  121  127  135
  168  190  213  236  265  280  294  308  326  336  346  355  371  381  390  399
  406  418  430  442  441  459  476  491  514
    15.0-180.0 180.0   5.0 450.0                            LAT/LON1/LON2/DLON/H
  517  528  536  540  532  532  530  524  515  505  492  478  467  443  417  389
  352  330  308  288  286  283  279  277  264  249  233  217  188  173  158  145
  143  137  131  126  127  124  121  118  116  111  106  103  105  108  115  124
  160  184  209  235  268  284  299  315  341  352  363  374  390  401  411  420
  426  435  444  453  455  468  482  494  517
    12.5-180.0 180.0   5.0 450.0                            LAT/LON1/LON2/DLON/H
  513  527  538  546  536  539  539  537  530  520  506  491  480  455  429  402
  364  341  318  296  292  285  278  272  250  233  216  199  167  153  140  129
  130  123  118  113  119  115  112  109  108  102   97   93   96  100  107  116
  152  177  204  231  268  286  303  320  354  367  380  391  407  419  430  440
  446  453  459  465  468  477  485  492  513
    10.0-180.0 180.0   5.0 450.0                            LAT/LON1/LON2/DLON/H
  520  532  540  544  534  540  543  544  530  523  512  499  479  456  429  398
  363  343  321  298  289  273  257  242  231  210  190  172  148  139  132  127
  125  122  119  117  111  109  107  105   98   95   92   90   93   96  102  109
  141  170  203  237  254  284  312  339  357  379  397  414  423  436  446  454
  465  472  480  487  490  493  496  500  520
     7.5-180.0 180.0   5.0 450.0                            LAT/LON1/LON2/DLON/H
  517  526  531  533  527  531  533  533  525  517  505  491  474  450  421  390
  361  341  319  295  283  265  248  232  213  193  174  158  140  133  128  125
  124  121  119  118  113  111  108  106  100   96   92   89   91   93   98  104
  137  165  196  229  254  282  310  336  362  384  403  418  435  448  458  465
  475  485  493  500  499  500  501  502  517
     5.0-180.0 180.0   5.0 450.0                            LAT/LON1/LON2/DLON/H
  520  526  527  526  519  522  522  521  514  505  493  478  460  435  406  376
  352  331  309  287  274  256  238  222  198  181  165  152  137  133  130  129
  127  125  124  124  118  115  112  109  103   98   93   89   89   91   94  100
  131  157  187  220  249  277  304  330  361  384  403  419  439  453  464  471
  479  491  501  509  507  507  506  505  520
     2.5-180.0 180.0   5.0 450.0                            LAT/LON1/LON2/DLON/H
  527  529  528  523  514  515  514  510  501  491  479  466  440  415  388  359
  335  316  295  275  260  243  226  210  187  173  162  152  141  139  138  138
  134  133  133  133  122  119  116  113  106  100   94   89   87   88   91   96
  124  149  179  210  241  270  297  325  354  378  398  414  433  448  460  468
  474  489  502  511  511  511  510  508  527
