o1pg1980-2023.718.23i
     1.0            IONOSPHERE MAPS     GNSS                IONEX VERSION / TYPE
IONINX V4.3         AIUB                19-Jul-23 21:44     PGM / RUN BY / DATE 
406 1-DAY PREDICTED IONOSPHERE MAPS FOR DAY 198, 2023       COMMENT             
We use the deep learning algorithm, based on the global     DESCRIPTION         
ionospheric map provided by CODE and the final global       DESCRIPTION         
ionospheric map combined by IGS, and use our proposed       DESCRIPTION         
spatiotemporal network model to predict the global          DESCRIPTION         
ionospheric map of the next day.                            DESCRIPTION         
Contact address: wanghongyue@stu.cdut.edu.cn                DESCRIPTION         
  2023    07    17     0     0     0                        EPOCH OF FIRST MAP  
  2023    07    17    22     0     0                        EPOCH OF LAST MAP   
  7200                                                      INTERVAL            
    12                                                      # OF MAPS IN FILE   
  NONE                                                      MAPPING FUNCTION    
     0.0                                                    ELEVATION CUTOFF    
TEC prediction calculated as a spatiotemporal network model OBSERVABLES USED    
  6371.0                                                    BASE RADIUS         
     2                                                      MAP DIMENSION       
   450.0 450.0   0.0                                        HGT1 / HGT2 / DHGT  
    87.5 -87.5  -2.5                                        LAT1 / LAT2 / DLAT  
  -180.0 180.0   5.0                                        LON1 / LON2 / DLON  
    -1                                                      EXPONENT            
TEC values in 0.1 tec units;  9999, if no value available   COMMENT             
                                                            END OF HEADER       
[from data line 1287]
     4                                                      START OF TEC MAP    
  2023    07    17     6     0     0                        EPOCH OF CURRENT MAP
    87.5-180.0 180.0   5.0 450.0                            LAT/LON1/LON2/DLON/H
  182  182  181  181  180  181  182  182  183  184  184  184  189  189  189  189
  191  191  190  189  192  192  192  191  193  193  193  192  194  195  195  195
  192  193  193  193  188  188  188  187  185  185  185  184  183  183  183  183
  185  185  186  186  185  186  187  188  185  186  187  188  187  187  187  187
  186  186  186  185  184  184  185  185  182
    85.0-180.0 180.0   5.0 450.0                            LAT/LON1/LON2/DLON/H
  183  183  183  183  181  182  183  184  185  186  187  187  192  192  192  192
  194  194  193  193  194  193  192  191  191  191  190  189  190  191  191  190
  189  189  189  189  186  186  186  186  185  185  185  185  185  185  185  185
  187  187  188  188  187  188  188  189  186  186  186  187  186  186  186  185
  184  184  184  182  181  182  182  181  183
    82.5-180.0 180.0   5.0 450.0                            LAT/LON1/LON2/DLON/H
  182  182  183  184  180  181  182  183  183  185  186  187  192  193  193  192
  195  195  194  193  193  192  191  189  188  187  186  185  185  185  185  184
  186  186  186  186  185  185  185  185  186  186  187  187  188  188  189  189
  191  191  192  192  191  191  191  192  189  188  188  188  187  186  186  185
  184  183  182  180  178  177  177  176  182
    80.0-180.0 180.0   5.0 450.0                            LAT/LON1/LON2/DLON/H
  184  183  181  179  176  178  179  180  181  183  185  186  187  189  189  189
  190  189  189  188  189  187  184  182  183  181  179  177  179  179  178  179
  179  180  180  181  186  187  187  188  192  193  194  195  194  196  198  199
  199  200  202  202  203  203  203  202  202  201  199  198  197  195  193  191
  189  186  183  181  176  174  172  171  184
    77.5-180.0 180.0   5.0 450.0                            LAT/LON1/LON2/DLON/H
  187  185  183  180  175  176  177  176  176  178  179  179  181  182  182  181
  183  183  182  181  181  179  176  173  172  170  167  165  167  168  169  170
  172  175  177  179  184  187  189  190  196  198  200  202  203  206  209  211
  212  214  215  216  216  216  216  215  213  213  211  210  207  205  203  200
  197  193  189  185  180  177  174  172  187
    75.0-180.0 180.0   5.0 450.0                            LAT/LON1/LON2/DLON/H
  193  190  187  185  177  176  175  174  173  174  173  172  174  174  174  173
  175  175  174  173  173  171  168  164  162  160  157  155  158  159  161  163
  167  172  176  179  184  189  192  194  201  205  208  211  215  218  221  224
  226  228  230  232  230  231  230  229  227  226  224  222  218  216  214  210
  207  202  197  192  187  183  179  175  193
    72.5-180.0 180.0   5.0 450.0                            LAT/LON1/LON2/DLON/H
  198  196  192  189  180  178  176  172  170  170  168  166  166  166  164  162
  167  166  165  163  165  162  158  154  153  151  148  146  149  152  155  158
  164  170  175  180  185  190  195  198  206  210  214  217  225  229  232  235
  239  241  242  244  242  242  241  239  237  236  234  231  229  226  223  219
  217  212  207  201  196  192  187  182  198
    70.0-180.0 180.0   5.0 450.0                            LAT/LON1/LON2/DLON/H
  213  208  203  196  188  185  181  178  169  166  162  158  157  156  155  153
  157  157  157  157  154  152  150  147  141  140  139  138  141  146  151  157
  164  170  177  184  189  193  198  203  211  218  224  229  239  246  251  255
  256  259  260  259  251  251  249  246  239  238  236  233  231  230  227  224
  222  219  214  209  207  203  198  191  213
    67.5-180.0 180.0   5.0 450.0                            LAT/LON1/LON2/DLON/H
  221  216  210  204  194  190  186  181  171  167  162  157  154  152  150  147
  151  151  151  150  150  148  145  143  138  137  136  136  140  146  152  158
  168  176  183  190  195  201  207  212  219  226  233  238  250  256  260  264
  266  266  264  261  254  251  248  242  237  236  234  231  231  231  229  227
  226  224  220  215  216  212  207  200  221
    65.0-180.0 180.0   5.0 450.0                            LAT/LON1/LON2/DLON/H
  226  221  216  209  200  195  189  183  174  169  163  157  154  151  147  143
  147  146  145  144  145  143  141  140  135  134  134  135  142  148  155  161
  174  183  191  198  202  210  217  222  227  235  242  248  260  265  269  272
  273  271  267  262  253  249  244  237  232  231  229  226  226  227  226  225
  226  224  222  218  220  217  212  206  226
    62.5-180.0 180.0   5.0 450.0                            LAT/LON1/LON2/DLON/H
  228  224  218  211  204  198  191  185  176  171  165  158  156  151  146  141
  145  143  141  139  141  139  138  136  132  133  133  134  145  152  159  166
  181  190  198  206  209  217  225  231  233  243  251  257  268  273  276  278
  277  273  268  262  250  244  238  232  226  225  223  221  219  221  221  221
  222  222  221  218  224  221  216  210  228
    60.0-180.0 180.0   5.0 450.0                            LAT/LON1/LON2/DLON/H
  229  223  215  206  206  198  191  184  175  169  163  157  150  146  141  136
  134  132  131  131  126  126  127  128  123  125  128  132  143  152  161  170
  184  192  200  208  215  220  225  229  240  248  254  260  279  282  284  285
  285  279  273  266  252  246  239  232  224  221  218  215  218  218  217  217
  222  223  223  223  227  225  222  217  229
    57.5-180.0 180.0   5.0 450.0                            LAT/LON1/LON2/DLON/H
  235  229  221  213  212  204  195  186  178  171  163  156  150  145  139  133
  132  128  126  124  121  120  120  121  119  122  125  130  143  151  161  170
  184  193  202  210  217  224  230  236  244  253  260  267  283  287  290  290
  289  284  278  271  258  251  244  237  229  226  223  219  221  220  219  218
  223  224  224  224  231  231  229  225  235
    55.0-180.0 180.0   5.0 450.0                            LAT/LON1/LON2/DLON/H
  245  240  232  224  223  213  203  192  182  174  165  156  150  144  137  130
  130  125  121  117  116  114  114  115  116  119  123  128  142  151  160  170
  183  192  201  210  219  227  234  242  249  258  267  274  289  294  297  297
  298  294  289  282  270  264  257  250  241  237  233  229  228  226  225  222
  227  228  228  227  237  238  236  234  245
    52.5-180.0 180.0   5.0 450.0                            LAT/LON1/LON2/DLON/H
  257  253  246  238  235  225  213  201  187  178  168  158  150  142  135  128
  129  123  117  113  113  111  110  111  115  119  123  128  142  151  160  169
  180  190  199  208  220  229  238  246  252  262  271  279  294  299  303  304
  310  307  302  296  286  281  275  268  256  252  248  244  237  235  233  230
  233  234  234  233  245  246  246  244  257
    50.0-180.0 180.0   5.0 450.0                            LAT/LON1/LON2/DLON/H
  267  264  260  254  250  239  227  214  197  185  173  162  151  144  136  129
  129  123  119  116  115  114  115  117  122  124  128  132  140  147  155  162
  176  188  199  211  221  234  246  257  262  274  284  293  299  308  314  320
  318  319  319  318  308  303  297  290  282  276  269  260  258  253  248  243
  245  245  245  246  253  256  258  260  267
    47.5-180.0 180.0   5.0 450.0                            LAT/LON1/LON2/DLON/H
  285  281  277  271  270  259  245  230  211  197  182  167  154  145  137  129
  131  126  122  121  121  121  122  124  131  133  136  139  146  152  157  162
  177  188  200  212  227  239  251  261  270  281  290  297  306  315  322  327
  330  332  333  331  326  321  314  304  300  293  284  274  270  266  261  256
  258  259  259  259  266  269  271  273  285
    45.0-180.0 180.0   5.0 450.0                            LAT/LON1/LON2/DLON/H
  298  295  291  286  287  275  261  245  225  209  192  175  159  150  141  133
  136  132  129  129  132  132  134  137  145  146  147  149  153  157  160  164
  176  188  201  214  232  245  256  267  277  287  296  303  312  322  331  337
  341  345  347  346  341  336  328  318  312  304  295  284  277  274  270  266
  270  271  271  271  278  280  282  283  298
    42.5-180.0 180.0   5.0 450.0                            LAT/LON1/LON2/DLON/H
  304  302  299  294  296  285  271  256  236  219  202  183  164  155  146  138
  143  141  140  140  146  147  150  153  160  160  160  160  161  163  164  166
  176  189  203  216  236  249  262  273  282  293  303  310  320  332  342  349
  353  359  362  362  352  348  341  331  320  313  304  295  285  283  280  277
  284  285  285  284  292  294  294  294  304
    40.0-180.0 180.0   5.0 450.0                            LAT/LON1/LON2/DLON/H
  303  302  301  299  294  287  278  268  247  229  212  194  173  164  155  146
  150  153  156  159  159  163  168  172  174  173  172  170  171  168  165  163
  180  194  209  226  233  248  263  277  289  296  303  310  328  336  342  348
  364  366  367  368  373  364  355  347  341  330  320  310  303  301  299  297
  293  296  299  303  310  309  308  308  303
    37.5-180.0 180.0   5.0 450.0                            LAT/LON1/LON2/DLON/H
  312  306  299  292  287  279  270  260  247  232  217  202  182  173  164  155
  158  160  163  167  171  176  181  186  191  189  186  184  180  176  173  172
  183  197  213  229  240  256  271  285  297  306  314  320  338  347  354  359
  372  378  381  382  386  382  376  369  362  352  342  331  326  323  320  317
  315  318  321  323  327  326  324  321  312
    35.0-180.0 180.0   5.0 450.0                            LAT/LON1/LON2/DLON/H
  324  314  302  291  278  270  260  250  244  232  220  208  192  183  174  165
  166  168  172  176  184  189  194  199  205  203  199  196  187  184  181  180
  185  199  215  232  243  260  276  291  304  314  324  330  345  355  363  369
  378  387  393  395  401  402  400  396  392  384  375  364  355  352  349  345
  341  344  346  347  351  348  345  340  324
    32.5-180.0 180.0   5.0 450.0                            LAT/LON1/LON2/DLON/H
  338  325  311  296  272  262  253  243  240  231  222  213  201  193  184  176
  174  177  181  185  194  200  205  210  217  213  209  205  193  190  188  187
  185  200  216  233  245  263  280  296  311  323  333  341  353  364  372  379
  386  397  405  410  421  427  430  430  429  424  416  407  389  388  385  381
  372  375  376  376  383  380  374  367  338
    30.0-180.0 180.0   5.0 450.0                            LAT/LON1/LON2/DLON/H
  373  351  328  304  285  271  259  248  235  228  223  220  202  193  185  178
  174  177  181  185  200  208  216  223  222  218  213  207  202  193  185  178
  187  197  210  224  242  262  283  304  320  329  338  347  350  356  362  368
  385  398  411  424  439  449  459  470  473  466  458  452  443  430  419  411
  415  412  410  407  415  411  404  396  373
    27.5-180.0 180.0   5.0 450.0                            LAT/LON1/LON2/DLON/H
  414  389  361  332  304  284  267  251  242  232  226  222  212  203  195  189
  183  186  189  194  211  219  226  234  235  230  223  216  206  197  188  180
  183  193  205  218  240  261  282  303  319  329  339  348  348  356  364  372
  389  407  426  443  465  483  499  512  521  517  511  504  492  480  469  459
  453  452  450  448  447  447  444  438  414
    25.0-180.0 180.0   5.0 450.0                            LAT/LON1/LON2/DLON/H
  461  434  405  373  336  312  290  270  256  246  238  233  225  216  208  203
  196  198  200  204  224  231  238  245  245  239  231  223  204  195  185  177
  174  183  195  208  232  253  275  296  313  324  334  344  345  356  367  377
  393  417  441  462  489  512  533  547  560  559  556  549  535  526  516  505
  491  492  491  488  482  485  485  480  461
    22.5-180.0 180.0   5.0 450.0                            LAT/LON1/LON2/DLON/H
  505  480  452  420  374  349  324  300  278  267  258  253  240  231  224  219
  211  211  213  215  237  243  249  255  247  241  233  224  197  187  178  170
  163  171  183  196  221  242  263  285  304  316  327  337  341  355  368  381
  401  428  455  479  509  536  558  575  587  590  588  583  570  564  555  545
  526  528  527  525  519  523  523  519  505
    20.0-180.0 180.0   5.0 450.0                            LAT/LON1/LON2/DLON/H
  545  523  493  459  409  383  355  327  298  286  275  266  258  249  242  236
  230  230  230  230  250  255  260  263  254  237  220  202  176  162  149  136
  133  138  145  155  203  227  253  278  297  312  325  338  347  364  380  395
  412  442  470  495  525  547  566  581  596  598  599  598  596  589  582  575
  568  566  564  562  563  564  562  556  545
    17.5-180.0 180.0   5.0 450.0                            LAT/LON1/LON2/DLON/H
  566  545  518  486  438  412  384  354  323  309  296  285  274  264  256  249
  245  243  241  240  257  261  263  265  246  228  210  192  164  149  136  123
  115  121  129  139  189  213  240  267  287  304  319  334  351  369  387  404
  424  453  479  504  526  542  557  570  582  586  589  591  596  596  595  591
  586  587  587  584  584  584  582  576  566
    15.0-180.0 180.0   5.0 450.0                            LAT/LON1/LON2/DLON/H
  565  547  524  496  450  425  398  370  342  326  312  299  289  278  269  263
  256  252  248  245  258  259  259  258  230  212  194  175  146  132  118  106
   99  104  112  123  175  200  227  255  278  296  314  331  355  376  396  415
  437  463  487  510  526  536  545  554  565  570  575  579  589  595  600  601
  597  600  601  599  597  595  590  583  565
    12.5-180.0 180.0   5.0 450.0                            LAT/LON1/LON2/DLON/H
  549  534  514  492  446  423  399  375  353  338  324  311  300  289  281  274
  264  259  253  248  253  252  250  247  208  191  173  155  128  114  101   90
   85   90   98  108  163  189  216  245  271  292  312  331  360  383  405  426
  450  473  495  514  527  532  536  539  551  556  562  568  578  590  599  604
  601  605  607  605  604  598  590  580  549
    10.0-180.0 180.0   5.0 450.0                            LAT/LON1/LON2/DLON/H
  537  519  496  469  420  404  387  370  349  341  333  326  313  306  299  291
  271  262  251  240  239  226  213  200  182  166  150  134  112  101   91   83
   83   83   87   94  139  167  199  231  255  280  304  326  358  385  409  431
  462  481  498  512  516  521  525  528  526  536  546  555  564  574  583  589
  599  602  603  603  604  597  589  579  537
     7.5-180.0 180.0   5.0 450.0                            LAT/LON1/LON2/DLON/H
  519  494  465  434  394  377  360  343  336  330  323  317  313  307  300  293
  274  263  251  237  226  212  197  182  162  146  130  116  102   92   84   77
   75   76   81   88  133  160  191  224  253  277  300  323  357  384  409  432
  464  486  504  520  525  531  537  542  545  552  560  566  574  582  588  590
  599  603  606  605  600  594  586  575  519
     5.0-180.0 180.0   5.0 450.0                            LAT/LON1/LON2/DLON/H
  510  480  446  410  373  355  338  323  323  317  312  307  310  305  298  291
  274  261  247  231  213  197  181  165  144  130  116  104   94   86   80   76
   72   74   80   88  128  154  185  217  247  271  294  318  349  378  404  427
  463  487  508  526  541  550  557  563  571  577  581  584  583  588  591  589
  593  599  603  602  592  587  580  569  510
     2.5-180.0 180.0   5.0 450.0                            LAT/LON1/LON2/DLON/H
  512  480  443  404  361  343  326  311  312  307  303  299  304  298  292  286
  269  254  239  222  197  181  165  149  131  118  107   97   92   86   82   79
   73   76   83   92  123  149  178  210  238  263  287  311  338  368  395  420
  461  486  509  529  561  572  581  589  598  602  604  604  587  590  588  583
  581  589  594  596  585  581  574  565  512
