o1pg2080-20230728.23i
     1.0            IONOSPHERE MAPS     GNSS                IONEX VERSION / TYPE
IONINX V4.3         AIUB                01-Aug-23 09::1     PGM / RUN BY / DATE 
406 1-DAY PREDICTED IONOSPHERE MAPS FOR DAY 208, 2023       COMMENT             
We use the deep learning algorithm, based on the global     DESCRIPTION         
ionospheric map provided by CODE and the final global       DESCRIPTION         
ionospheric map combined by IGS, and use our proposed       DESCRIPTION         
spatiotemporal network model to predict the global          DESCRIPTION         
ionospheric map of the next day.                            DESCRIPTION         
Contact address: wanghongyue@stu.cdut.edu.cn                DESCRIPTION         
  2023    07    27     0     0     0                        EPOCH OF FIRST MAP  
  2023    07    27    22     0     0                        EPOCH OF LAST MAP   
  7200                                                      INTERVAL            
    12                                                      # OF MAPS IN FILE   
  NONE                                                      MAPPING FUNCTION    
     0.0                                                    ELEVATION CUTOFF    
TEC prediction calculated as a spatiotemporal network model OBSERVABLES USED    
  6371.0                                                    BASE RADIUS         
     2                                                      MAP DIMENSION       
   450.0 450.0   0.0                                        HGT1 / HGT2 / DHGT  
    87.5 -87.5  -2.5                                        LAT1 / LAT2 / DLAT  
  -180.0 180.0   5.0                                        LON1 / LON2 / DLON  
    -1                                                      EXPONENT            
TEC values in 0.1 tec units;  9999, if no value available   COMMENT             
                                                            END OF HEADER       
[from data line 2145]
     6                                                      START OF TEC MAP    
  2023    07    27    10     0     0                        EPOCH OF CURRENT MAP
    87.5-180.0 180.0   5.0 450.0                            LAT/LON1/LON2/DLON/H
  174  174  174  174  173  175  176  178  182  183  184  184  191  191  191  191
  194  194  195  195  197  197  197  197  196  196  195  195  193  193  192  192
  191  191  191  190  189  188  188  187  186  185  185  184  183  183  182  182
  181  180  180  179  176  175  175  174  172  172  172  172  172  173  173  173
  172  172  172  171  172  173  174  174  174
    85.0-180.0 180.0   5.0 450.0                            LAT/LON1/LON2/DLON/H
  171  171  172  173  172  174  176  179  183  184  185  186  192  192  192  192
  195  196  196  196  198  199  198  198  198  198  197  197  195  195  194  194
  193  193  192  192  191  190  189  189  187  186  185  185  182  182  181  181
  179  178  177  176  172  171  170  169  167  167  166  166  168  168  168  168
  167  167  167  166  168  168  169  169  171
    82.5-180.0 180.0   5.0 450.0                            LAT/LON1/LON2/DLON/H
  166  167  168  169  169  172  175  177  180  182  184  185  190  191  191  191
  194  195  195  195  198  198  198  197  199  198  197  196  196  195  195  194
  195  194  194  193  193  193  192  191  189  189  188  187  183  183  182  181
  179  178  176  175  172  171  169  168  167  166  165  164  167  166  165  165
  164  164  163  161  163  163  163  162  166
    80.0-180.0 180.0   5.0 450.0                            LAT/LON1/LON2/DLON/H
  165  164  164  163  163  165  168  170  175  177  179  180  182  183  184  184
  185  186  187  188  189  189  190  191  193  192  192  192  196  195  195  195
  198  198  198  198  201  200  200  200  194  195  195  194  189  189  189  189
  188  187  186  186  184  183  181  179  179  178  176  174  175  174  172  171
  170  167  164  161  162  160  158  157  165
    77.5-180.0 180.0   5.0 450.0                            LAT/LON1/LON2/DLON/H
  164  163  162  161  160  162  164  165  169  170  171  171  174  175  175  174
  174  176  177  178  177  179  180  181  182  183  184  184  188  190  190  191
  196  198  200  201  204  205  206  206  202  203  203  203  199  200  200  201
  199  199  199  199  198  197  196  194  195  194  192  190  189  188  185  183
  180  175  171  167  163  160  157  155  164
    75.0-180.0 180.0   5.0 450.0                            LAT/LON1/LON2/DLON/H
  166  164  163  161  159  160  160  161  163  164  164  163  166  166  165  164
  164  166  167  168  168  169  171  172  173  175  177  178  182  185  188  190
  196  200  203  205  210  212  213  214  213  214  214  215  213  214  215  215
  215  215  215  215  215  215  213  212  214  212  210  208  207  204  201  198
  193  188  182  177  168  164  160  156  166
    72.5-180.0 180.0   5.0 450.0                            LAT/LON1/LON2/DLON/H
  168  166  164  161  158  158  157  157  157  157  156  154  157  156  155  153
  155  156  157  157  158  160  162  163  165  167  170  172  177  181  185  189
  196  202  206  210  217  219  221  222  224  225  225  226  227  228  229  230
  230  230  230  230  231  230  229  227  230  228  226  223  222  219  215  210
  206  201  194  187  176  171  166  161  168
    70.0-180.0 180.0   5.0 450.0                            LAT/LON1/LON2/DLON/H
  178  174  169  164  157  157  157  156  152  150  149  148  149  150  150  149
  150  151  153  155  154  156  158  160  162  165  167  170  178  184  190  196
  201  208  214  220  223  227  230  232  235  238  240  241  242  245  246  246
  244  245  245  243  239  240  239  237  236  236  235  233  232  230  226  223
  218  212  205  197  189  183  176  168  178
    67.5-180.0 180.0   5.0 450.0                            LAT/LON1/LON2/DLON/H
  181  177  171  165  156  155  154  152  148  147  145  144  146  146  146  145
  146  148  150  152  152  155  157  160  162  165  169  172  179  187  193  199
  206  214  220  226  231  235  238  240  244  247  249  249  253  255  255  253
  252  252  249  245  242  241  239  235  237  237  236  234  237  235  233  229
  227  221  213  205  197  191  184  176  181
    65.0-180.0 180.0   5.0 450.0                            LAT/LON1/LON2/DLON/H
  181  176  169  163  154  151  149  147  144  142  141  139  143  143  143  142
  144  145  148  150  151  154  157  160  163  167  171  175  183  191  198  205
  211  219  227  232  237  241  245  247  252  255  257  257  263  264  263  260
  258  255  250  244  240  238  234  230  233  234  233  232  236  235  234  231
  231  225  218  210  203  197  189  181  181
    62.5-180.0 180.0   5.0 450.0                            LAT/LON1/LON2/DLON/H
  179  173  166  158  149  146  142  140  139  137  136  135  141  140  140  140
  142  143  146  148  149  153  157  161  165  170  174  178  188  196  204  210
  215  224  231  237  240  245  249  251  257  261  262  263  270  269  267  264
  259  255  248  241  235  232  228  223  227  228  228  227  232  232  232  231
  232  227  220  214  209  202  195  187  179
    60.0-180.0 180.0   5.0 450.0                            LAT/LON1/LON2/DLON/H
  175  167  157  146  135  129  125  122  120  120  121  124  126  127  128  131
  133  134  137  141  144  148  154  160  165  169  174  180  192  199  205  211
  223  230  236  242  247  251  256  259  266  268  270  271  277  273  268  262
  258  250  241  231  227  223  219  214  216  216  216  215  229  229  228  228
  234  231  226  222  219  212  204  194  175
    57.5-180.0 180.0   5.0 450.0                            LAT/LON1/LON2/DLON/H
  179  169  159  148  134  126  120  115  112  111  111  113  118  119  120  122
  126  127  130  134  140  145  151  159  165  172  178  184  196  203  210  216
  226  233  239  245  250  255  260  264  269  272  275  276  279  277  272  266
  260  253  244  234  229  225  221  217  221  221  222  222  236  236  235  235
  243  239  235  229  229  222  213  203  179
    55.0-180.0 180.0   5.0 450.0                            LAT/LON1/LON2/DLON/H
  186  176  165  154  138  129  120  113  107  104  104  104  110  110  111  112
  118  119  121  125  134  140  147  155  166  174  181  188  200  209  216  222
  231  237  243  248  255  261  266  272  275  279  283  285  286  284  280  274
  267  260  252  242  236  234  231  227  231  232  233  234  246  247  247  245
  255  251  246  240  241  233  224  214  186
    52.5-180.0 180.0   5.0 450.0                            LAT/LON1/LON2/DLON/H
  196  186  175  164  145  134  124  115  105  101   99   98  102  101  102  103
  110  110  112  116  129  135  142  150  167  176  185  192  205  214  221  227
  235  242  247  251  260  267  273  279  282  287  290  292  295  293  289  283
  277  271  263  255  249  247  245  242  245  247  249  249  259  260  260  259
  268  265  260  254  255  248  239  229  196
    50.0-180.0 180.0   5.0 450.0                            LAT/LON1/LON2/DLON/H
  212  204  194  183  164  151  139  128  111  105  101   98   97   96   96   97
  103  104  107  112  122  132  144  158  169  180  191  203  210  219  227  233
  243  251  257  262  270  279  288  296  298  303  306  310  309  308  305  303
  296  290  284  278  269  268  266  263  262  265  267  268  273  275  276  275
  284  280  276  271  266  256  246  236  212
    47.5-180.0 180.0   5.0 450.0                            LAT/LON1/LON2/DLON/H
  224  216  207  198  180  168  155  143  124  116  110  104   99   97   95   95
  102  103  106  111  124  134  146  160  177  187  198  209  218  226  232  238
  250  257  264  270  280  290  298  306  309  315  318  320  319  319  317  314
  311  305  298  289  285  283  279  273  274  277  278  278  285  287  288  288
  297  293  288  283  273  264  255  245  224
    45.0-180.0 180.0   5.0 450.0                            LAT/LON1/LON2/DLON/H
  231  224  216  209  196  185  173  161  140  131  122  115  105  101   99   97
  104  105  108  113  129  139  152  166  185  196  207  217  224  232  238  244
  255  264  272  279  291  301  310  318  321  328  332  335  332  333  333  330
  327  320  312  302  297  293  287  280  279  280  281  281  288  290  291  291
  300  297  292  286  275  267  258  249  231
    42.5-180.0 180.0   5.0 450.0                            LAT/LON1/LON2/DLON/H
  230  225  219  213  206  197  186  175  155  145  136  127  113  108  104  101
  109  110  114  119  137  147  159  173  194  205  215  224  229  237  244  248
  259  270  280  288  300  312  322  331  333  341  346  350  348  350  351  349
  344  337  329  319  306  301  295  287  281  283  283  284  291  294  295  296
  303  299  295  289  275  268  260  252  230
    40.0-180.0 180.0   5.0 450.0                            LAT/LON1/LON2/DLON/H
  216  213  211  210  200  196  191  186  173  162  152  141  128  122  117  111
  118  122  128  133  138  153  169  186  203  214  225  235  240  243  244  246
  267  274  281  289  312  322  333  344  354  359  365  370  365  365  365  365
  368  357  346  336  330  318  306  296  289  288  288  289  291  295  300  304
  302  297  292  287  273  256  239  225  216
    37.5-180.0 180.0   5.0 450.0                            LAT/LON1/LON2/DLON/H
  211  206  202  199  194  191  187  185  180  172  164  156  143  137  130  123
  125  129  133  138  145  159  174  190  210  221  231  241  244  248  251  253
  272  282  292  301  325  338  351  362  375  382  390  396  390  392  394  394
  394  385  375  365  351  340  329  318  306  303  301  299  304  306  307  308
  309  303  295  288  271  252  235  219  211
    35.0-180.0 180.0   5.0 450.0                            LAT/LON1/LON2/DLON/H
  211  203  197  192  188  186  184  183  184  179  174  170  158  151  144  136
  132  135  138  142  150  163  177  192  214  225  235  245  245  251  256  260
  275  289  302  313  337  353  368  380  394  404  413  420  416  420  423  425
  426  419  412  402  387  377  366  355  340  336  331  326  329  327  324  322
  321  312  303  293  271  252  234  217  211
    32.5-180.0 180.0   5.0 450.0                            LAT/LON1/LON2/DLON/H
  213  204  196  190  182  181  181  182  186  184  182  180  171  164  156  147
  138  140  142  145  154  165  178  191  214  225  235  245  245  253  260  267
  278  295  312  326  350  369  385  398  416  428  437  445  444  450  454  456
  462  459  453  445  435  427  418  406  390  384  378  369  365  361  356  350
  344  333  321  309  281  262  243  225  213
    30.0-180.0 180.0   5.0 450.0                            LAT/LON1/LON2/DLON/H
  236  221  207  195  185  181  180  180  184  182  181  180  177  168  158  149
  141  139  138  137  147  157  168  179  209  219  230  241  253  256  259  263
  283  297  312  327  358  376  394  412  431  442  453  465  472  477  484  494
  501  499  499  501  493  486  479  474  459  445  431  418  421  407  395  382
  376  359  342  326  305  282  261  242  236
    27.5-180.0 180.0   5.0 450.0                            LAT/LON1/LON2/DLON/H
  257  241  225  210  197  190  186  184  193  189  186  185  185  174  164  153
  147  143  141  139  149  157  168  180  210  221  232  245  250  256  261  267
  288  304  320  335  370  388  407  425  445  457  470  482  493  503  514  527
  541  548  555  560  560  559  555  549  534  518  501  483  479  459  439  419
  403  383  363  345  321  298  276  257  257
    25.0-180.0 180.0   5.0 450.0                            LAT/LON1/LON2/DLON/H
  283  268  252  236  220  212  205  200  205  200  196  193  193  181  170  159
  155  150  145  141  151  159  169  181  208  220  233  246  246  256  265  273
  294  310  327  343  379  397  416  434  453  465  478  492  508  522  537  552
  574  588  601  611  618  621  619  613  599  582  563  541  530  504  477  451
  425  402  381  360  334  312  291  272  283
    22.5-180.0 180.0   5.0 450.0                            LAT/LON1/LON2/DLON/H
  308  295  280  265  248  239  231  223  220  213  208  204  200  188  176  165
  163  156  150  145  155  162  171  182  202  215  229  244  242  255  268  279
  300  318  335  351  388  406  424  441  458  470  483  496  516  533  551  567
  595  614  631  643  658  663  663  656  646  629  608  583  567  538  506  474
  440  418  396  375  349  329  310  293  308
    20.0-180.0 180.0   5.0 450.0                            LAT/LON1/LON2/DLON/H
  336  324  308  291  287  276  264  252  242  231  221  211  206  195  184  173
  165  161  157  154  160  162  166  171  201  208  218  230  233  248  263  278
  301  324  348  371  407  424  440  455  469  483  497  509  519  539  558  575
  599  622  641  656  667  675  679  679  664  652  636  619  595  564  530  493
  460  433  406  380  364  349  335  323  336
    17.5-180.0 180.0   5.0 450.0                            LAT/LON1/LON2/DLON/H
  347  338  325  310  310  300  288  275  258  244  231  217  210  198  185  173
  170  165  160  155  161  162  166  171  196  205  215  227  238  253  269  285
  313  337  361  383  415  431  447  463  472  485  497  510  524  541  557  572
  593  614  630  642  650  659  663  662  650  642  629  612  593  562  526  489
  450  422  395  371  363  349  337  326  347
    15.0-180.0 180.0   5.0 450.0                            LAT/LON1/LON2/DLON/H
  345  338  329  317  319  310  300  287  267  252  236  220  213  199  186  173
  172  166  159  154  158  159  162  168  188  198  210  224  241  258  274  291
  324  349  372  394  427  443  459  474  481  492  503  515  529  542  555  566
  580  596  609  617  621  629  631  630  623  617  608  594  578  546  512  475
  435  407  381  359  357  345  334  325  345
    12.5-180.0 180.0   5.0 450.0                            LAT/LON1/LON2/DLON/H
  331  327  321  312  314  307  298  288  268  251  234  216  212  198  185  172
  173  166  159  153  154  155  158  163  178  190  203  218  242  259  277  295
  334  358  382  404  441  457  472  486  494  504  514  524  534  544  552  560
  564  575  581  585  591  595  596  594  593  589  582  572  555  524  491  457
  416  389  365  345  350  338  328  320  331
    10.0-180.0 180.0   5.0 450.0                            LAT/LON1/LON2/DLON/H
  317  314  311  310  297  292  287  282  255  243  231  219  199  191  182  172
  163  156  148  140  139  136  135  136  158  177  200  223  240  266  293  318
  350  375  397  417  452  472  488  502  512  524  534  543  543  550  556  561
  564  566  567  567  565  568  570  572  561  559  555  550  536  505  471  436
  399  378  359  344  339  332  327  325  317
     7.5-180.0 180.0   5.0 450.0                            LAT/LON1/LON2/DLON/H
  305  299  293  289  279  272  266  260  243  232  221  210  195  187  178  169
  161  153  145  136  131  127  126  127  151  171  195  220  247  273  299  324
  356  380  401  420  456  475  492  507  519  531  540  548  547  552  557  561
  559  561  562  563  556  558  561  564  558  555  550  543  531  499  463  426
  394  373  355  340  336  331  328  326  305
     5.0-180.0 180.0   5.0 450.0                            LAT/LON1/LON2/DLON/H
  302  292  283  276  264  255  247  240  227  216  206  197  189  180  171  162
  157  147  138  128  122  118  116  117  145  167  192  219  253  279  305  330
  359  381  401  420  452  471  489  504  517  529  539  546  546  550  554  558
  560  563  565  567  561  565  568  571  564  560  555  546  527  494  458  421
  393  375  358  344  336  333  332  329  302
     2.5-180.0 180.0   5.0 450.0                            LAT/LON1/LON2/DLON/H
  309  297  286  276  255  244  234  226  212  202  194  185  181  172  164  156
  151  141  131  121  113  109  107  108  140  163  190  218  258  284  310  336
  359  380  400  418  440  460  478  495  507  519  529  537  539  544  548  552
  566  570  574  578  580  586  590  593  579  575  568  558  523  490  456  421
  394  378  364  351  341  339  338  336  309
