o1pg2000-20230720.23i
     1.0            IONOSPHERE MAPS     GNSS                IONEX VERSION / TYPE
IONINX V4.3         AIUB                19-Jul-23 21:47     PGM / RUN BY / DATE 
406 1-DAY PREDICTED IONOSPHERE MAPS FOR DAY 200, 2023       COMMENT             
We use the deep learning algorithm, based on the global     DESCRIPTION         
ionospheric map provided by CODE and the final global       DESCRIPTION         
ionospheric map combined by IGS, and use our proposed       DESCRIPTION         
spatiotemporal network model to predict the global          DESCRIPTION         
ionospheric map of the next day.                            DESCRIPTION         
Contact address: wanghongyue@stu.cdut.edu.cn                DESCRIPTION         
  2023    07    19     0     0     0                        EPOCH OF FIRST MAP  
  2023    07    19    22     0     0                        EPOCH OF LAST MAP   
  7200                                                      INTERVAL            
    12                                                      # OF MAPS IN FILE   
  NONE                                                      MAPPING FUNCTION    
     0.0                                                    ELEVATION CUTOFF    
TEC prediction calculated as a spatiotemporal network model OBSERVABLES USED    
  6371.0                                                    BASE RADIUS         
     2                                                      MAP DIMENSION       
   450.0 450.0   0.0                                        HGT1 / HGT2 / DHGT  
    87.5 -87.5  -2.5                                        LAT1 / LAT2 / DLAT  
  -180.0 180.0   5.0                                        LON1 / LON2 / DLON  
    -1                                                      EXPONENT            
TEC values in 0.1 tec units;  9999, if no value available   COMMENT             
                                                            END OF HEADER       
[from data line 3432]
     9                                                      START OF TEC MAP    
  2023    07    19    16     0     0                        EPOCH OF CURRENT MAP
    87.5-180.0 180.0   5.0 450.0                            LAT/LON1/LON2/DLON/H
  168  169  170  171  167  168  169  170  173  174  174  175  175  175  176  176
  176  176  177  177  176  176  176  176  174  174  173  173  171  171  170  169
  170  169  169  168  168  168  167  166  167  167  167  167  166  167  167  167
  166  167  168  168  165  166  167  167  165  166  167  168  164  165  166  166
  161  163  164  164  161  163  165  166  168
    85.0-180.0 180.0   5.0 450.0                            LAT/LON1/LON2/DLON/H
  163  165  166  168  166  168  170  172  175  176  177  178  179  180  180  181
  181  182  182  182  181  181  181  180  178  177  176  175  172  171  169  168
  167  165  164  162  162  161  161  160  160  160  160  160  160  160  161  161
  160  161  162  163  161  162  163  164  163  164  164  165  161  162  162  162
  156  158  158  158  156  159  161  163  163
    82.5-180.0 180.0   5.0 450.0                            LAT/LON1/LON2/DLON/H
  156  158  161  164  164  167  169  172  175  176  178  179  181  182  183  183
  184  185  185  185  184  184  183  182  180  178  177  175  172  170  168  165
  164  162  160  157  157  156  155  154  154  154  154  154  154  154  155  156
  156  157  158  159  159  160  161  161  162  162  163  163  159  159  159  159
  150  151  152  153  148  151  154  156  156
    80.0-180.0 180.0   5.0 450.0                            LAT/LON1/LON2/DLON/H
  151  152  153  156  156  159  162  165  169  171  173  174  176  177  179  179
  181  181  181  181  183  182  180  180  179  177  175  174  175  172  170  168
  167  164  162  160  159  158  157  157  155  155  156  157  152  155  157  159
  156  158  160  161  160  162  163  164  163  164  163  162  159  158  155  153
  147  146  145  144  139  141  142  144  151
    77.5-180.0 180.0   5.0 450.0                            LAT/LON1/LON2/DLON/H
  146  147  149  151  152  155  158  161  164  167  169  170  172  174  175  176
  177  178  179  180  181  181  180  180  179  178  177  175  175  174  171  169
  168  167  165  163  162  161  160  159  158  158  158  159  155  157  159  161
  159  161  163  164  163  165  166  167  165  165  165  164  159  157  155  152
  144  143  141  139  135  136  137  139  146
    75.0-180.0 180.0   5.0 450.0                            LAT/LON1/LON2/DLON/H
  145  146  148  149  150  153  155  158  161  163  165  166  169  170  172  173
  174  176  177  179  180  181  181  182  181  181  180  178  179  177  175  173
  173  172  170  169  168  167  165  163  163  163  162  162  161  162  163  165
  164  165  166  168  167  168  169  170  166  166  166  165  158  156  154  151
  143  141  139  137  134  134  135  136  145
    72.5-180.0 180.0   5.0 450.0                            LAT/LON1/LON2/DLON/H
  145  146  148  149  149  152  155  157  158  160  162  163  165  166  168  169
  171  173  175  176  180  181  182  182  184  184  183  181  183  182  180  178
  179  178  177  175  176  174  171  169  170  169  167  166  167  167  168  168
  168  169  169  170  170  170  170  170  166  165  164  163  156  154  151  148
  142  140  137  135  135  135  136  136  145
    70.0-180.0 180.0   5.0 450.0                            LAT/LON1/LON2/DLON/H
  147  149  151  154  154  157  160  163  163  164  164  164  168  169  170  171
  176  179  182  184  186  189  190  191  193  192  190  187  186  185  184  183
  182  182  182  182  180  179  177  175  174  173  172  172  169  169  170  171
  168  169  170  170  166  166  165  164  160  158  155  152  150  147  143  140
  137  136  135  134  139  141  143  144  147
    67.5-180.0 180.0   5.0 450.0                            LAT/LON1/LON2/DLON/H
  149  151  154  157  158  161  164  167  167  168  169  169  171  173  174  174
  179  182  185  188  190  193  195  197  197  196  194  191  189  188  187  186
  186  187  187  186  186  185  183  180  179  178  178  177  174  175  175  176
  174  174  173  172  166  165  164  161  157  154  151  148  146  143  139  136
  135  135  134  134  138  141  143  145  149
    65.0-180.0 180.0   5.0 450.0                            LAT/LON1/LON2/DLON/H
  150  152  155  158  162  164  167  170  171  172  174  174  177  178  179  179
  183  186  189  192  195  198  200  201  201  199  197  194  192  192  191  189
  191  192  191  190  190  189  187  184  184  183  183  182  181  181  181  181
  179  177  175  173  166  164  161  158  153  150  146  143  141  138  134  132
  131  131  131  131  136  139  142  144  150
    62.5-180.0 180.0   5.0 450.0                            LAT/LON1/LON2/DLON/H
  149  151  154  157  163  166  169  172  173  176  177  179  183  184  184  184
  188  191  193  196  199  201  203  204  204  202  200  197  196  196  194  193
  195  195  195  193  194  192  189  187  188  187  187  186  187  186  185  185
  183  181  177  174  166  163  159  155  150  146  142  139  136  132  130  127
  128  127  128  128  134  137  140  142  149
    60.0-180.0 180.0   5.0 450.0                            LAT/LON1/LON2/DLON/H
  143  147  153  158  166  169  174  180  178  179  181  182  187  187  186  185
  191  193  195  197  199  202  205  207  207  205  203  202  199  199  199  199
  201  202  202  203  199  198  198  198  192  192  193  193  191  191  191  190
  186  183  180  176  169  165  160  155  148  145  140  136  131  127  124  121
  120  120  119  119  120  124  127  130  143
    57.5-180.0 180.0   5.0 450.0                            LAT/LON1/LON2/DLON/H
  136  141  147  153  162  166  172  178  179  181  182  184  189  190  190  190
  193  195  197  199  200  203  205  208  207  207  207  207  205  206  207  208
  210  209  209  208  204  204  204  205  200  201  202  203  199  200  199  197
  192  190  186  182  176  171  166  161  155  150  146  141  134  130  125  121
  116  115  114  114  110  114  118  122  136
    55.0-180.0 180.0   5.0 450.0                            LAT/LON1/LON2/DLON/H
  131  135  141  147  159  164  170  177  179  182  184  186  190  192  193  193
  195  197  198  200  200  203  205  208  208  210  211  213  212  214  216  218
  220  218  216  214  213  213  213  214  211  213  215  215  212  212  211  208
  203  201  197  193  187  183  177  171  165  161  155  150  142  137  131  126
  116  115  113  113  104  108  112  117  131
    52.5-180.0 180.0   5.0 450.0                            LAT/LON1/LON2/DLON/H
  128  132  137  144  157  163  170  177  179  182  186  189  189  193  195  196
  196  197  199  200  200  202  205  207  209  213  216  219  220  223  225  227
  230  227  224  221  222  222  223  224  222  225  226  227  225  225  223  219
  217  214  211  206  201  196  191  185  178  173  168  162  152  146  140  134
  122  120  118  116  104  107  111  115  128
    50.0-180.0 180.0   5.0 450.0                            LAT/LON1/LON2/DLON/H
  120  123  127  133  154  161  169  178  186  189  193  196  195  198  199  200
  204  204  203  202  206  208  209  211  215  220  225  229  229  233  236  239
  237  235  234  232  231  232  233  235  239  240  240  240  244  241  238  234
  234  230  224  218  214  208  202  195  187  182  177  171  164  158  151  144
  136  132  128  125  116  116  116  117  120
    47.5-180.0 180.0   5.0 450.0                            LAT/LON1/LON2/DLON/H
  125  128  132  139  157  167  177  187  195  198  202  205  206  207  207  208
  213  212  211  210  211  212  213  215  221  226  231  236  238  241  244  246
  243  244  244  243  242  245  247  248  251  253  254  252  252  251  248  244
  246  241  235  227  225  218  210  202  195  190  184  179  175  169  162  156
  148  143  139  136  125  124  125  125  125
    45.0-180.0 180.0   5.0 450.0                            LAT/LON1/LON2/DLON/H
  130  134  139  145  161  173  186  198  205  210  214  218  218  218  219  219
  225  223  221  220  219  220  222  224  229  234  239  244  246  250  252  254
  251  254  256  257  257  261  264  266  267  269  270  267  265  264  263  259
  257  252  245  237  231  224  216  206  199  195  190  185  183  178  173  168
  160  156  152  149  136  135  135  135  130
    42.5-180.0 180.0   5.0 450.0                            LAT/LON1/LON2/DLON/H
  136  140  145  152  163  178  192  207  215  222  227  232  231  232  232  232
  237  235  234  233  230  231  233  236  238  243  249  253  254  257  259  261
  262  266  270  273  275  281  284  286  283  286  286  283  279  280  279  275
  268  263  256  247  237  229  221  212  201  198  194  191  190  187  183  180
  173  170  167  163  148  148  147  147  136
    40.0-180.0 180.0   5.0 450.0                            LAT/LON1/LON2/DLON/H
  142  144  149  155  164  180  196  212  228  235  242  248  243  247  249  249
  251  250  248  245  242  243  245  247  249  254  260  265  274  278  282  288
  288  293  300  309  306  308  310  311  312  309  306  302  301  297  293  287
  278  268  257  245  240  232  223  214  204  203  203  204  199  197  196  194
  189  184  178  172  170  166  162  159  142
    37.5-180.0 180.0   5.0 450.0                            LAT/LON1/LON2/DLON/H
  145  147  150  155  163  180  198  216  236  246  255  263  261  264  264  264
  265  264  262  259  256  258  260  262  267  272  278  284  291  297  304  312
  317  327  337  347  347  348  347  342  340  337  332  325  322  317  309  301
  290  279  265  251  246  238  229  220  211  211  211  210  212  210  208  205
  204  198  191  183  176  171  166  162  145
    35.0-180.0 180.0   5.0 450.0                            LAT/LON1/LON2/DLON/H
  145  145  148  153  160  178  197  216  239  252  264  274  275  277  278  277
  277  276  274  271  271  273  276  279  287  292  298  305  314  323  333  344
  356  371  384  395  392  392  387  378  371  366  360  351  345  337  327  315
  300  287  272  255  248  241  233  224  218  219  218  217  222  221  219  215
  214  208  200  191  181  175  169  163  145
    32.5-180.0 180.0   5.0 450.0                            LAT/LON1/LON2/DLON/H
  144  144  147  151  157  176  196  216  239  255  270  284  285  289  290  290
  289  288  287  285  286  290  293  296  308  314  321  328  344  356  369  382
  401  419  435  448  438  436  428  416  404  398  390  380  366  356  344  330
  308  294  278  260  253  246  239  230  226  227  227  226  231  231  230  227
  224  217  208  199  190  181  174  167  144
    30.0-180.0 180.0   5.0 450.0                            LAT/LON1/LON2/DLON/H
  146  146  147  148  153  171  191  212  235  255  274  291  294  296  298  299
  296  298  299  299  299  309  318  327  332  341  352  364  383  401  419  440
  450  465  479  490  476  470  461  450  429  420  410  400  391  373  356  339
  313  295  277  261  253  247  243  240  238  239  241  245  246  244  243  242
  240  232  223  213  203  193  183  174  146
    27.5-180.0 180.0   5.0 450.0                            LAT/LON1/LON2/DLON/H
  149  149  148  148  151  169  188  209  237  257  277  294  299  303  306  308
  309  312  314  315  320  329  338  349  358  370  383  397  423  447  471  493
  508  521  531  537  517  506  493  477  456  444  433  421  408  388  368  347
  317  298  280  263  259  254  250  248  247  249  251  255  254  253  251  250
  248  240  230  220  208  199  189  180  149
    25.0-180.0 180.0   5.0 450.0                            LAT/LON1/LON2/DLON/H
  153  152  151  149  152  169  189  209  239  260  279  296  304  311  316  320
  325  329  333  335  343  352  361  372  385  400  416  432  461  491  519  541
  556  565  569  569  545  530  512  492  474  462  448  435  419  396  373  349
  317  298  280  263  260  256  253  251  250  252  255  258  257  256  254  252
  250  242  233  223  211  201  192  183  153
    22.5-180.0 180.0   5.0 450.0                            LAT/LON1/LON2/DLON/H
  153  152  151  150  155  172  191  211  243  263  282  299  310  319  327  333
  344  350  354  357  367  376  386  397  411  429  447  464  496  528  557  581
  590  593  591  584  562  543  521  498  485  471  457  443  419  395  370  345
  313  294  276  260  260  256  253  250  252  254  257  260  257  257  255  253
  249  241  233  225  214  205  197  189  153
    20.0-180.0 180.0   5.0 450.0                            LAT/LON1/LON2/DLON/H
  164  163  163  163  158  175  195  215  241  261  281  301  315  327  339  350
  358  369  379  388  393  404  414  425  436  457  480  503  535  564  592  617
  615  614  610  603  573  555  536  518  505  487  470  453  425  398  370  344
  313  296  281  267  258  252  247  244  249  249  251  253  257  257  256  253
  240  236  232  226  216  210  204  199  164
    17.5-180.0 180.0   5.0 450.0                            LAT/LON1/LON2/DLON/H
  161  161  161  162  159  178  198  219  241  262  282  302  315  331  345  357
  373  387  400  410  415  425  436  448  460  482  504  524  558  582  604  624
  617  613  607  598  562  547  532  518  510  493  475  457  428  397  367  340
  315  297  281  267  260  252  247  244  247  247  248  250  250  249  247  243
  229  225  220  215  211  204  198  192  161
    15.0-180.0 180.0   5.0 450.0                            LAT/LON1/LON2/DLON/H
  149  150  151  152  155  175  196  217  240  261  281  301  315  334  351  365
  385  401  416  428  432  442  453  466  483  504  523  540  573  591  606  618
  608  602  594  584  555  544  534  525  518  501  483  466  431  398  367  338
  320  302  285  270  267  258  251  247  249  248  247  247  243  239  234  228
  217  211  205  200  201  194  186  179  149
    12.5-180.0 180.0   5.0 450.0                            LAT/LON1/LON2/DLON/H
  136  136  137  140  147  166  187  209  238  258  278  298  317  338  356  372
  396  414  430  443  449  460  472  484  503  522  538  552  581  592  600  606
  594  587  578  568  553  548  542  538  529  512  495  479  433  400  369  341
  328  309  292  277  278  268  259  253  256  252  249  247  238  231  223  215
  206  199  191  185  192  182  173  165  136
    10.0-180.0 180.0   5.0 450.0                            LAT/LON1/LON2/DLON/H
  124  123  123  126  128  148  174  204  232  253  275  296  314  335  354  373
  397  415  430  443  454  470  486  501  520  535  549  562  583  589  593  594
  590  583  574  564  553  557  557  555  540  528  512  492  442  416  389  361
  347  333  319  306  297  290  286  283  273  265  257  250  238  226  214  202
  194  185  177  171  168  157  149  144  124
     7.5-180.0 180.0   5.0 450.0                            LAT/LON1/LON2/DLON/H
  112  110  110  112  112  133  160  191  226  250  273  297  314  337  357  376
  403  422  438  451  465  481  497  512  538  551  563  573  585  588  589  590
  580  575  569  563  566  570  570  567  560  545  525  501  458  430  402  374
  362  347  333  319  310  303  298  294  287  275  264  253  239  225  210  195
  185  175  167  160  155  146  139  134  112
     5.0-180.0 180.0   5.0 450.0                            LAT/LON1/LON2/DLON/H
  101   98   97   99   98  119  146  178  220  245  271  297  317  341  363  382
  407  426  442  455  474  490  506  521  552  564  574  582  587  588  587  587
  577  575  573  570  577  580  580  577  570  550  527  500  463  435  407  379
  370  356  341  327  318  311  305  301  296  281  267  252  239  223  206  189
  179  169  160  152  145  137  131  126  101
     2.5-180.0 180.0   5.0 450.0                            LAT/LON1/LON2/DLON/H
   96   92   91   92   91  111  138  169  216  243  271  298  323  348  371  391
  413  431  447  461  481  498  514  529  561  572  581  588  592  593  592  591
  581  583  584  585  584  586  586  582  568  545  519  490  458  430  403  377
  371  356  342  329  319  312  306  301  296  279  262  246  237  219  201  183
  175  165  155  147  141  134  128  123   96
