o1pg2120-20230827.23i
     1.0            IONOSPHERE MAPS     GNSS                IONEX VERSION / TYPE
IONINX V4.3         AIUB                18-Sep-23 13:06     PGM / RUN BY / DATE 
406 1-DAY PREDICTED IONOSPHERE MAPS FOR DAY 212, 2023       COMMENT             
We use the deep learning algorithm, based on the global     DESCRIPTION         
ionospheric map provided by CODE and the final global       DESCRIPTION         
ionospheric map combined by IGS, and use our proposed       DESCRIPTION         
spatiotemporal network model to predict the global          DESCRIPTION         
ionospheric map of the next day.                            DESCRIPTION         
Contact address: wanghongyue@stu.cdut.edu.cn                DESCRIPTION         
  2023    07    31     0     0     0                        EPOCH OF FIRST MAP  
  2023    07    31    22     0     0                        EPOCH OF LAST MAP   
  7200                                                      INTERVAL            
    12                                                      # OF MAPS IN FILE   
  NONE                                                      MAPPING FUNCTION    
     0.0                                                    ELEVATION CUTOFF    
TEC prediction calculated as a spatiotemporal network model OBSERVABLES USED    
  6371.0                                                    BASE RADIUS         
     2                                                      MAP DIMENSION       
   450.0 450.0   0.0                                        HGT1 / HGT2 / DHGT  
    87.5 -87.5  -2.5                                        LAT1 / LAT2 / DLAT  
  -180.0 180.0   5.0                                        LON1 / LON2 / DLON  
    -1                                                      EXPONENT            
TEC values in 0.1 tec units;  9999, if no value available   COMMENT             
                                                            END OF HEADER       
[from data line 1287]
     4                                                      START OF TEC MAP    
  2023    07    31     6     0     0                        EPOCH OF CURRENT MAP
    87.5-180.0 180.0   5.0 450.0                            LAT/LON1/LON2/DLON/H
  166  166  165  165  164  165  165  166  168  168  169  169  173  173  172  172
  173  173  173  172  175  174  174  173  175  176  175  174  175  176  176  175
  172  173  173  173  169  170  170  171  169  169  169  170  168  168  168  169
  168  169  169  169  169  169  170  170  169  169  170  170  170  170  170  169
  170  170  169  168  170  170  170  170  166
    85.0-180.0 180.0   5.0 450.0                            LAT/LON1/LON2/DLON/H
  167  167  167  167  165  165  166  167  169  170  171  171  175  175  175  174
  176  176  175  174  176  175  174  173  174  173  173  171  172  172  172  171
  169  169  170  170  167  167  168  168  167  168  168  169  169  169  170  170
  171  171  171  172  171  171  172  172  170  170  170  170  171  170  170  169
  169  169  168  167  168  168  168  167  167
    82.5-180.0 180.0   5.0 450.0                            LAT/LON1/LON2/DLON/H
  165  166  167  167  163  164  165  166  167  168  170  171  175  175  175  174
  176  176  175  174  175  173  172  170  170  169  168  166  166  166  166  165
  165  166  166  166  164  165  166  166  167  168  169  170  171  172  173  174
  175  175  176  177  176  176  176  176  174  174  174  174  174  173  172  171
  170  170  168  166  165  165  164  163  165
    80.0-180.0 180.0   5.0 450.0                            LAT/LON1/LON2/DLON/H
  169  167  165  162  159  160  161  161  163  165  167  168  170  171  171  171
  171  171  170  168  169  166  164  162  163  160  158  155  159  157  156  156
  157  158  158  159  164  165  165  167  172  174  176  177  177  180  182  184
  184  186  188  189  190  190  189  188  190  189  188  186  187  185  183  181
  180  177  173  170  167  164  161  159  169
    77.5-180.0 180.0   5.0 450.0                            LAT/LON1/LON2/DLON/H
  171  169  166  164  157  158  158  157  157  159  160  160  163  164  164  163
  164  164  163  161  160  158  155  151  151  148  145  143  146  146  146  147
  151  153  155  157  162  165  167  169  175  178  181  183  187  190  193  195
  197  200  202  204  204  205  205  204  204  204  202  201  199  198  195  193
  191  187  182  178  173  169  165  162  171
    75.0-180.0 180.0   5.0 450.0                            LAT/LON1/LON2/DLON/H
  176  173  171  168  158  157  156  153  153  154  153  152  155  156  155  154
  156  156  154  152  152  149  145  141  140  137  134  131  135  137  138  140
  145  149  153  157  162  166  170  173  180  184  187  190  197  201  205  208
  212  215  217  219  220  221  221  220  219  219  218  216  214  212  209  206
  205  200  194  188  182  177  172  167  176
    72.5-180.0 180.0   5.0 450.0                            LAT/LON1/LON2/DLON/H
  181  178  175  172  160  158  155  151  150  149  147  145  147  146  145  143
  147  146  144  142  143  139  135  131  130  127  124  121  126  128  131  134
  142  147  152  157  163  168  172  176  185  189  193  196  207  211  215  218
  224  227  229  231  232  233  233  232  232  231  230  227  226  224  221  217
  218  212  206  199  193  188  182  176  181
    70.0-180.0 180.0   5.0 450.0                            LAT/LON1/LON2/DLON/H
  194  189  183  176  167  163  160  156  147  144  141  138  138  137  136  134
  137  137  136  136  133  131  128  125  119  117  115  114  117  121  125  131
  141  147  154  161  166  171  176  180  188  195  201  206  217  225  231  236
  239  243  245  246  241  242  241  238  234  234  233  231  232  231  229  226
  225  222  216  211  208  203  197  189  194
    67.5-180.0 180.0   5.0 450.0                            LAT/LON1/LON2/DLON/H
  200  195  189  182  172  167  163  158  148  144  140  135  134  132  130  128
  131  130  130  129  128  126  123  121  115  114  112  111  115  119  124  130
  142  150  157  164  170  176  182  187  193  201  208  213  225  232  238  243
  247  249  249  248  243  242  239  235  232  232  231  228  231  231  229  226
  228  226  221  216  216  212  205  197  200
    65.0-180.0 180.0   5.0 450.0                            LAT/LON1/LON2/DLON/H
  204  199  192  185  176  171  165  159  149  144  140  134  133  130  126  123
  126  125  124  123  123  121  119  117  111  110  110  109  114  119  125  131
  145  153  161  168  174  181  187  193  198  206  214  220  232  239  244  248
  252  252  251  248  242  239  235  229  227  227  225  223  225  226  225  223
  226  224  221  216  219  215  209  201  204
    62.5-180.0 180.0   5.0 450.0                            LAT/LON1/LON2/DLON/H
  205  200  193  186  179  172  166  160  150  145  140  134  133  129  124  120
  123  121  119  118  118  116  115  114  108  108  108  108  115  121  126  132
  147  156  164  171  176  185  192  198  201  210  219  226  237  244  249  252
  255  254  251  247  238  234  229  223  221  220  219  217  217  218  218  217
  221  220  218  215  222  217  212  205  205
    60.0-180.0 180.0   5.0 450.0                            LAT/LON1/LON2/DLON/H
  202  196  188  180  179  171  165  158  147  142  137  132  124  120  117  114
  112  110  109  109  104  103  104  104  102  103  104  106  116  122  128  136
  149  156  165  173  179  184  190  196  203  212  220  227  245  250  254  256
  258  256  252  247  235  231  227  222  214  212  211  208  211  211  211  210
  215  215  215  214  218  216  213  209  202
    57.5-180.0 180.0   5.0 450.0                            LAT/LON1/LON2/DLON/H
  207  201  193  185  184  175  167  158  147  141  135  129  123  119  114  110
  110  107  105  104  100   99   99  100   99  100  102  105  115  121  128  135
  148  156  165  174  180  187  194  201  207  217  226  234  248  255  259  262
  262  260  257  252  240  236  232  227  220  218  216  213  214  214  213  211
  215  215  215  214  221  221  219  215  207
    55.0-180.0 180.0   5.0 450.0                            LAT/LON1/LON2/DLON/H
  216  210  203  195  193  183  172  162  150  142  135  128  122  116  111  107
  108  104  100   98   95   94   94   95   97   98  100  104  115  121  127  135
  146  155  164  174  183  191  199  208  213  224  234  242  254  261  267  270
  271  269  267  263  252  249  244  239  232  230  227  224  222  220  218  215
  218  218  218  216  226  226  225  222  216
    52.5-180.0 180.0   5.0 450.0                            LAT/LON1/LON2/DLON/H
  227  222  216  208  204  192  181  169  153  144  136  128  120  114  109  103
  106  101   97   94   93   91   91   91   96   98  101  105  115  121  128  135
  144  153  163  173  185  195  204  214  219  230  241  250  261  268  274  277
  282  282  280  277  269  266  262  258  248  246  243  239  231  229  226  223
  223  223  223  221  233  233  233  231  227
    50.0-180.0 180.0   5.0 450.0                            LAT/LON1/LON2/DLON/H
  240  235  230  223  221  208  195  181  163  152  141  131  120  115  110  107
  106  102   99   98   96   95   95   97  102  103  105  107  112  117  123  128
  143  154  165  177  189  201  214  225  230  242  254  265  268  279  287  295
  295  298  299  301  291  289  285  281  271  267  262  254  250  245  239  232
  235  233  232  230  237  239  240  241  240
    47.5-180.0 180.0   5.0 450.0                            LAT/LON1/LON2/DLON/H
  258  253  247  241  241  227  212  197  176  162  149  135  124  118  112  108
  110  106  104  104  103  103  104  106  112  113  114  115  119  123  126  130
  144  155  167  180  196  208  220  232  240  252  262  271  279  289  298  305
  310  313  315  315  310  307  302  295  291  285  278  269  262  257  251  245
  247  246  244  242  248  250  251  252  258
    45.0-180.0 180.0   5.0 450.0                            LAT/LON1/LON2/DLON/H
  271  267  262  256  257  243  228  211  189  174  158  142  129  122  116  111
  115  113  112  113  114  115  116  119  126  125  125  125  127  129  130  132
  144  156  169  184  203  216  228  240  251  261  271  280  290  301  310  317
  325  330  332  332  328  324  318  310  304  298  290  281  269  265  260  254
  256  255  253  251  256  258  260  260  271
    42.5-180.0 180.0   5.0 450.0                            LAT/LON1/LON2/DLON/H
  279  275  271  266  267  254  239  222  201  184  167  150  135  128  122  117
  123  122  122  123  128  129  131  134  141  139  138  136  134  135  134  134
  145  158  172  188  209  223  236  249  260  271  281  289  303  314  324  331
  341  347  351  352  343  340  334  327  316  309  302  293  277  273  269  264
  266  265  264  261  267  268  269  268  279
    40.0-180.0 180.0   5.0 450.0                            LAT/LON1/LON2/DLON/H
  279  277  274  270  264  255  244  232  210  193  177  160  143  136  129  123
  127  130  133  137  139  142  146  150  152  150  147  143  144  138  134  130
  148  160  175  192  201  218  235  252  262  272  283  294  309  320  329  339
  355  359  361  364  367  359  351  344  336  326  315  306  293  289  285  281
  277  277  277  277  282  279  275  272  279
    37.5-180.0 180.0   5.0 450.0                            LAT/LON1/LON2/DLON/H
  288  281  272  264  257  248  236  225  213  198  183  169  154  146  139  132
  134  137  140  145  149  153  157  162  166  163  159  156  152  146  142  138
  151  164  179  196  207  225  242  259  270  283  294  303  320  332  342  351
  366  373  379  381  383  380  375  370  360  349  338  328  318  312  305  300
  299  297  296  294  297  293  287  282  288
    35.0-180.0 180.0   5.0 450.0                            LAT/LON1/LON2/DLON/H
  300  288  275  261  248  238  227  215  211  199  188  176  165  157  150  143
  141  144  148  153  158  163  168  173  178  174  171  167  160  154  150  147
  153  167  182  199  210  229  247  264  278  291  303  313  329  342  353  362
  375  386  395  399  405  407  407  404  398  388  378  366  353  346  339  331
  328  326  323  319  320  313  306  297  300
    32.5-180.0 180.0   5.0 450.0                            LAT/LON1/LON2/DLON/H
  313  298  281  264  241  230  219  208  209  200  191  183  176  168  161  154
  149  152  156  161  168  173  178  184  188  184  180  176  167  162  158  155
  156  169  185  202  213  232  251  269  285  300  312  323  338  352  364  373
  388  402  413  420  435  442  446  447  445  439  429  418  398  392  384  376
  365  362  358  353  353  345  335  324  313
    30.0-180.0 180.0   5.0 450.0                            LAT/LON1/LON2/DLON/H
  351  327  301  275  249  234  220  209  200  194  189  186  178  170  163  157
  151  154  158  163  174  182  189  196  195  191  187  183  180  171  162  154
  157  167  180  194  212  233  255  277  292  302  312  323  337  346  355  365
  392  408  424  440  466  477  489  502  508  498  489  480  469  452  436  423
  422  413  404  396  398  385  371  357  351
    27.5-180.0 180.0   5.0 450.0                            LAT/LON1/LON2/DLON/H
  395  367  337  305  270  249  230  213  206  197  191  188  187  179  172  167
  160  162  166  170  185  192  199  207  207  203  198  193  184  174  165  157
  155  165  177  191  211  233  256  278  291  302  313  323  335  347  359  371
  396  420  442  463  496  517  536  552  564  559  552  543  530  513  497  482
  472  464  455  446  439  430  419  405  395
    25.0-180.0 180.0   5.0 450.0                            LAT/LON1/LON2/DLON/H
  448  418  384  349  306  280  256  234  221  211  203  199  198  190  184  179
  172  173  176  180  198  204  212  220  217  213  208  203  184  175  166  158
  151  159  171  184  206  228  250  274  285  297  309  320  330  346  361  375
  399  429  457  482  518  547  572  590  605  605  601  593  581  567  551  535
  520  513  505  496  484  477  467  455  448
    22.5-180.0 180.0   5.0 450.0                            LAT/LON1/LON2/DLON/H
  497  468  434  398  351  322  295  269  244  232  224  219  210  203  197  194
  185  186  188  191  211  217  224  232  222  218  213  208  180  171  163  155
  144  152  163  176  199  220  242  265  277  290  302  313  326  344  362  378
  404  437  469  497  533  566  593  614  628  631  630  625  616  606  592  577
  562  556  548  538  528  523  515  502  497
    20.0-180.0 180.0   5.0 450.0                            LAT/LON1/LON2/DLON/H
  532  507  475  437  396  366  334  301  269  254  241  230  228  219  211  205
  203  203  204  205  222  229  236  242  229  216  203  190  169  156  144  132
  129  132  138  146  188  210  235  260  275  291  306  320  329  349  368  386
  409  442  473  500  534  560  583  602  619  625  628  630  627  620  612  605
  595  589  582  575  568  563  555  543  532
    17.5-180.0 180.0   5.0 450.0                            LAT/LON1/LON2/DLON/H
  559  537  507  473  434  404  372  339  301  283  268  254  248  236  227  220
  218  217  216  216  230  235  240  245  225  211  197  182  161  148  135  123
  116  119  126  134  177  200  226  253  268  285  302  318  333  354  375  395
  419  449  476  502  525  545  563  579  593  601  607  612  619  620  619  615
  609  607  602  594  590  585  577  566  559
    15.0-180.0 180.0   5.0 450.0                            LAT/LON1/LON2/DLON/H
  562  544  519  489  453  426  395  364  329  310  292  277  268  256  245  237
  231  228  225  223  233  236  240  243  216  202  186  170  149  135  121  109
  103  106  113  122  167  191  217  245  261  280  299  317  337  361  383  404
  430  456  480  502  517  530  540  550  563  572  580  587  601  610  616  617
  614  614  611  605  601  595  586  574  562
    12.5-180.0 180.0   5.0 450.0                            LAT/LON1/LON2/DLON/H
  548  533  513  489  454  429  403  375  348  330  313  297  286  274  263  254
  243  238  233  230  233  235  236  237  203  188  172  156  136  121  108   97
   92   95  102  111  158  182  209  238  256  278  299  320  344  369  393  416
  443  465  485  504  514  518  522  526  537  546  555  564  581  595  606  614
  612  614  612  607  604  595  585  571  548
    10.0-180.0 180.0   5.0 450.0                            LAT/LON1/LON2/DLON/H
  540  522  500  474  435  419  402  384  356  345  335  325  309  298  286  274
  257  246  235  223  225  216  207  197  183  168  153  139  120  110  100   91
   89   88   89   93  135  161  191  223  241  267  292  316  346  374  399  423
  454  471  486  498  503  507  510  514  511  521  532  544  558  570  580  590
  599  602  602  602  602  593  583  571  540
     7.5-180.0 180.0   5.0 450.0                            LAT/LON1/LON2/DLON/H
  519  495  467  437  408  392  375  360  350  342  334  327  321  310  299  287
  268  256  242  228  220  209  198  186  168  154  139  126  112  102   94   87
   82   81   84   89  129  155  185  217  240  265  290  314  347  376  403  427
  457  476  493  508  513  517  522  527  528  535  544  552  565  576  585  590
  599  603  604  602  597  589  579  566  519
     5.0-180.0 180.0   5.0 450.0                            LAT/LON1/LON2/DLON/H
  506  477  445  410  383  367  352  339  338  333  329  325  326  316  306  296
  276  261  245  228  215  202  188  175  156  142  129  117  106   98   91   86
   79   80   83   89  124  149  179  210  236  261  285  310  342  372  400  425
  458  480  500  517  532  539  546  552  557  563  568  573  577  586  592  594
  597  601  603  602  590  583  573  560  506
     2.5-180.0 180.0   5.0 450.0                            LAT/LON1/LON2/DLON/H
  506  474  439  401  365  350  337  325  325  323  321  320  323  315  307  298
  277  261  243  225  207  192  177  162  147  134  123  113  105   98   93   89
   80   81   86   92  118  143  172  203  228  253  278  303  333  364  393  419
  457  482  504  523  558  568  577  585  592  597  600  601  589  596  599  598
  591  597  601  600  586  580  570  558  506
