o1pg2070-20230727.23i
     1.0            IONOSPHERE MAPS     GNSS                IONEX VERSION / TYPE
IONINX V4.3         AIUB                01-Aug-23 09:18     PGM / RUN BY / DATE 
406 1-DAY PREDICTED IONOSPHERE MAPS FOR DAY 207, 2023       COMMENT             
We use the deep learning algorithm, based on the global     DESCRIPTION         
ionospheric map provided by CODE and the final global       DESCRIPTION         
ionospheric map combined by IGS, and use our proposed       DESCRIPTION         
spatiotemporal network model to predict the global          DESCRIPTION         
ionospheric map of the next day.                            DESCRIPTION         
Contact address: wanghongyue@stu.cdut.edu.cn                DESCRIPTION         
  2023    07    26     0     0     0                        EPOCH OF FIRST MAP  
  2023    07    26    22     0     0                        EPOCH OF LAST MAP   
  7200                                                      INTERVAL            
    12                                                      # OF MAPS IN FILE   
  NONE                                                      MAPPING FUNCTION    
     0.0                                                    ELEVATION CUTOFF    
TEC prediction calculated as a spatiotemporal network model OBSERVABLES USED    
  6371.0                                                    BASE RADIUS         
     2                                                      MAP DIMENSION       
   450.0 450.0   0.0                                        HGT1 / HGT2 / DHGT  
    87.5 -87.5  -2.5                                        LAT1 / LAT2 / DLAT  
  -180.0 180.0   5.0                                        LON1 / LON2 / DLON  
    -1                                                      EXPONENT            
TEC values in 0.1 tec units;  9999, if no value available   COMMENT             
                                                            END OF HEADER       
[from data line 429]
     2                                                      START OF TEC MAP    
  2023    07    26     2     0     0                        EPOCH OF CURRENT MAP
    87.5-180.0 180.0   5.0 450.0                            LAT/LON1/LON2/DLON/H
  185  185  184  184  182  182  182  182  182  182  182  182  186  186  185  185
  183  182  182  181  181  180  179  178  177  176  174  172  175  175  174  172
  174  174  174  174  175  176  177  177  177  178  179  180  178  178  179  179
  176  177  177  177  174  175  175  175  171  172  173  175  174  175  176  176
  176  177  177  176  178  179  180  181  185
    85.0-180.0 180.0   5.0 450.0                            LAT/LON1/LON2/DLON/H
  188  188  189  189  186  186  187  187  186  186  187  187  190  190  190  189
  188  188  187  186  185  184  182  180  177  175  173  170  170  169  167  165
  166  166  166  165  167  168  169  170  171  173  174  176  175  176  177  178
  176  176  177  177  175  175  175  175  174  174  175  176  178  178  179  179
  179  180  179  178  180  181  181  181  188
    82.5-180.0 180.0   5.0 450.0                            LAT/LON1/LON2/DLON/H
  189  190  191  193  188  189  190  190  188  189  189  190  193  193  193  192
  192  192  191  190  188  186  184  181  176  174  170  167  164  163  160  158
  159  159  158  158  161  162  163  164  167  169  171  173  174  176  177  178
  177  178  178  179  178  178  178  178  178  178  178  178  184  184  183  183
  183  183  182  180  181  181  181  180  189
    80.0-180.0 180.0   5.0 450.0                            LAT/LON1/LON2/DLON/H
  194  192  191  189  190  191  192  192  191  193  194  195  197  198  199  198
  197  197  197  196  193  190  187  185  177  173  169  165  160  157  155  153
  152  152  152  153  157  159  161  164  168  171  174  177  180  183  185  188
  187  188  189  189  190  190  189  189  194  194  194  193  197  198  198  198
  194  192  189  187  188  186  185  184  194
    77.5-180.0 180.0   5.0 450.0                            LAT/LON1/LON2/DLON/H
  196  195  194  192  190  191  192  192  190  192  193  193  196  197  197  197
  196  196  196  195  191  188  185  182  173  169  165  160  155  152  150  148
  148  148  149  150  156  158  161  164  169  173  176  179  184  187  191  193
  194  196  197  199  201  201  201  201  206  207  207  206  209  209  209  209
  204  201  198  194  191  189  186  184  196
    75.0-180.0 180.0   5.0 450.0                            LAT/LON1/LON2/DLON/H
  202  201  199  198  193  193  193  193  192  193  193  193  196  196  196  194
  195  195  194  192  189  186  183  179  171  167  162  157  152  150  148  146
  147  148  149  151  157  160  163  165  171  175  179  183  189  193  197  200
  202  205  207  209  212  212  213  213  219  219  219  219  221  221  220  219
  215  211  207  202  198  194  191  187  202
    72.5-180.0 180.0   5.0 450.0                            LAT/LON1/LON2/DLON/H
  208  206  205  203  197  197  196  195  194  195  194  193  194  194  192  190
  192  191  189  187  186  182  178  174  169  164  159  154  152  150  148  146
  148  150  152  153  159  162  165  168  173  177  181  185  192  197  201  204
  208  211  214  216  219  220  221  221  227  228  227  226  231  229  228  225
  225  221  216  210  207  202  198  193  208
    70.0-180.0 180.0   5.0 450.0                            LAT/LON1/LON2/DLON/H
  217  215  212  208  204  204  204  203  197  196  195  194  193  191  188  185
  183  182  180  178  175  173  171  168  161  158  155  152  151  151  151  150
  153  154  156  158  163  165  167  169  173  178  183  189  192  199  206  213
  210  216  220  223  221  224  225  226  225  227  227  226  227  227  226  225
  221  219  215  211  210  207  203  197  217
    67.5-180.0 180.0   5.0 450.0                            LAT/LON1/LON2/DLON/H
  226  224  221  217  211  210  210  208  202  202  200  198  195  193  189  185
  181  179  177  174  173  171  168  166  161  158  154  151  152  152  152  151
  154  156  157  158  162  164  166  168  171  176  182  189  193  201  208  214
  214  219  222  225  224  226  227  227  227  228  227  227  229  230  229  228
  226  225  222  218  219  216  212  206  226
    65.0-180.0 180.0   5.0 450.0                            LAT/LON1/LON2/DLON/H
  233  230  227  222  218  216  214  212  208  207  205  202  199  196  192  187
  181  178  175  172  173  170  167  164  161  158  154  151  154  154  153  153
  157  157  158  158  161  163  164  165  168  174  181  188  195  203  210  217
  217  221  224  227  224  226  226  226  226  227  227  226  228  229  229  229
  227  227  224  221  224  221  217  211  233
    62.5-180.0 180.0   5.0 450.0                            LAT/LON1/LON2/DLON/H
  236  234  230  225  221  218  216  213  212  211  209  206  204  200  195  189
  183  179  175  172  173  170  167  164  162  158  155  151  156  156  156  155
  158  158  158  158  160  160  161  163  166  173  179  187  197  204  211  218
  219  223  226  228  222  224  225  225  224  225  225  225  225  226  227  227
  226  226  224  222  228  225  221  216  236
    60.0-180.0 180.0   5.0 450.0                            LAT/LON1/LON2/DLON/H
  239  235  230  224  224  221  219  217  214  214  214  214  207  203  198  194
  184  180  176  172  170  167  164  161  157  154  151  149  155  155  155  156
  160  158  157  155  154  152  152  152  156  163  172  181  192  201  211  221
  220  223  224  226  223  224  224  224  224  225  226  226  229  231  231  232
  227  228  228  227  227  227  225  221  239
    57.5-180.0 180.0   5.0 450.0                            LAT/LON1/LON2/DLON/H
  243  239  234  228  228  224  220  217  216  216  215  214  212  209  206  202
  193  188  183  179  176  172  169  165  159  156  153  151  158  157  157  156
  160  157  154  152  149  149  149  151  152  160  170  180  189  199  210  221
  221  224  228  230  228  229  230  230  231  232  233  233  234  235  236  235
  231  232  232  231  230  230  228  224  243
    55.0-180.0 180.0   5.0 450.0                            LAT/LON1/LON2/DLON/H
  252  248  243  238  237  232  226  221  220  219  217  216  216  215  212  209
  203  198  193  188  184  180  174  170  164  161  158  156  164  162  160  158
  160  156  152  150  146  146  148  151  150  158  168  179  186  197  210  222
  223  228  233  237  237  239  240  241  242  243  244  244  243  243  243  242
  237  239  238  237  236  235  233  230  252
    52.5-180.0 180.0   5.0 450.0                            LAT/LON1/LON2/DLON/H
  263  260  256  250  249  242  235  228  225  223  221  218  220  219  217  215
  213  208  203  198  194  188  182  177  171  169  166  164  170  168  165  162
  161  156  152  148  145  145  148  151  148  156  166  177  184  196  208  221
  226  234  240  246  247  251  253  255  254  256  257  256  252  253  252  251
  245  247  247  245  244  243  241  238  263
    50.0-180.0 180.0   5.0 450.0                            LAT/LON1/LON2/DLON/H
  278  276  273  269  263  255  246  239  230  227  224  222  221  222  222  223
  219  217  215  212  207  203  198  194  185  182  179  176  175  173  170  167
  159  155  151  148  147  148  149  150  146  152  159  166  179  193  209  225
  226  236  248  259  258  263  267  271  270  272  272  270  267  267  266  264
  265  266  266  265  258  259  258  258  278
    47.5-180.0 180.0   5.0 450.0                            LAT/LON1/LON2/DLON/H
  296  294  291  289  285  276  268  258  247  241  236  230  229  228  228  227
  227  224  222  220  215  211  206  202  196  193  189  184  185  182  177  172
  164  160  156  153  153  153  154  154  149  155  161  167  177  191  208  225
  230  242  254  266  272  276  280  282  286  286  284  281  278  278  277  275
  275  276  277  276  271  271  271  270  296
    45.0-180.0 180.0   5.0 450.0                            LAT/LON1/LON2/DLON/H
  311  310  309  308  305  298  290  280  265  258  250  242  238  236  234  233
  233  231  229  227  224  221  217  214  210  206  201  196  196  191  185  177
  169  166  163  159  160  160  160  161  154  158  163  169  175  191  208  226
  234  248  262  274  284  289  292  294  298  297  294  291  288  288  288  287
  286  288  289  289  285  286  285  284  311
    42.5-180.0 180.0   5.0 450.0                            LAT/LON1/LON2/DLON/H
  323  323  323  323  322  316  308  299  283  275  266  257  248  246  244  241
  242  240  238  236  235  232  229  226  224  219  214  208  205  199  191  183
  174  172  169  166  167  168  168  168  158  162  166  171  176  191  209  228
  240  255  269  283  294  300  304  307  308  307  305  302  297  298  299  299
  297  300  301  302  301  301  301  299  323
    40.0-180.0 180.0   5.0 450.0                            LAT/LON1/LON2/DLON/H
  338  338  339  340  336  334  331  326  310  299  288  277  264  260  255  249
  255  254  252  249  242  240  237  234  232  231  229  226  218  210  203  196
  195  190  184  178  180  177  175  172  168  171  174  178  175  190  207  225
  241  256  270  283  303  307  309  311  324  322  317  313  313  313  312  312
  309  313  317  321  327  328  329  329  338
    37.5-180.0 180.0   5.0 450.0                            LAT/LON1/LON2/DLON/H
  357  355  352  350  350  347  343  338  325  316  307  297  282  277  270  263
  263  262  259  255  248  247  244  242  243  241  239  237  232  225  218  211
  211  206  200  194  195  191  187  183  179  181  184  188  183  198  214  231
  246  262  276  290  307  314  319  320  331  331  329  324  325  326  326  326
  327  332  337  340  348  349  349  347  357
    35.0-180.0 180.0   5.0 450.0                            LAT/LON1/LON2/DLON/H
  380  375  370  365  363  359  354  350  337  331  324  317  301  294  286  278
  271  269  265  261  254  253  251  249  254  252  250  248  244  239  233  228
  225  221  216  210  208  204  199  193  191  192  194  196  191  205  220  236
  248  265  280  293  308  318  325  328  338  341  341  337  339  342  344  345
  349  355  360  364  376  376  374  370  380
    32.5-180.0 180.0   5.0 450.0                            LAT/LON1/LON2/DLON/H
  405  400  393  387  375  372  367  363  349  345  341  336  320  313  304  295
  279  276  273  268  259  259  258  256  263  261  259  257  253  250  247  243
  235  232  228  223  218  213  207  201  202  202  203  205  197  210  224  239
  249  266  282  295  309  323  332  337  346  353  355  354  355  361  366  369
  376  383  388  392  412  411  406  400  405
    30.0-180.0 180.0   5.0 450.0                            LAT/LON1/LON2/DLON/H
  446  436  426  416  399  392  387  382  372  369  365  360  342  331  317  302
  287  279  269  259  256  258  260  261  273  272  271  270  270  263  256  250
  249  244  237  229  224  220  215  208  203  203  203  201  197  208  219  231
  241  256  271  287  306  315  322  329  346  350  353  356  370  373  377  382
  390  400  409  418  439  439  437  435  446
    27.5-180.0 180.0   5.0 450.0                            LAT/LON1/LON2/DLON/H
  486  477  466  455  431  420  411  404  395  389  383  377  367  352  335  317
  297  286  275  264  262  264  267  270  288  286  285  282  278  270  262  253
  251  244  236  227  227  223  217  211  206  205  204  202  196  204  214  225
  234  250  266  282  302  314  323  331  350  358  364  368  384  391  398  404
  416  429  440  450  464  473  479  480  486
    25.0-180.0 180.0   5.0 450.0                            LAT/LON1/LON2/DLON/H
  530  524  515  504  477  464  452  441  430  421  413  405  394  375  356  336
  309  295  282  270  269  271  274  278  299  297  295  291  280  272  262  251
  246  238  229  219  222  217  212  205  203  202  199  196  190  196  204  213
  224  241  258  275  295  310  323  333  350  363  373  380  396  407  417  426
  438  454  467  477  489  504  515  521  530
    22.5-180.0 180.0   5.0 450.0                            LAT/LON1/LON2/DLON/H
  569  568  562  553  528  514  500  486  473  462  452  442  422  401  380  358
  323  308  293  279  278  280  284  288  302  300  297  293  272  264  253  242
  235  226  217  207  211  206  201  195  195  192  189  186  179  184  191  199
  212  230  249  266  289  307  323  335  351  367  380  390  407  421  434  445
  457  472  486  496  511  528  542  550  569
    20.0-180.0 180.0   5.0 450.0                            LAT/LON1/LON2/DLON/H
  597  600  599  592  569  558  546  532  510  497  483  467  448  424  399  372
  335  320  306  292  291  296  303  308  314  302  290  278  262  244  226  208
  206  201  195  189  185  183  181  177  175  172  170  168  158  161  167  174
  198  219  240  262  290  306  321  336  354  368  382  394  414  430  445  459
  470  488  505  520  517  534  550  561  597
    17.5-180.0 180.0   5.0 450.0                            LAT/LON1/LON2/DLON/H
  609  618  622  622  604  598  588  575  551  537  520  501  480  453  423  393
  357  337  318  301  306  307  308  311  311  297  282  267  245  227  209  192
  189  183  177  170  166  164  161  158  156  153  150  147  142  146  152  160
  189  210  233  257  291  307  323  339  362  376  389  402  423  439  453  467
  476  491  505  519  518  536  553  567  609
    15.0-180.0 180.0   5.0 450.0                            LAT/LON1/LON2/DLON/H
  606  620  630  635  622  621  616  607  586  571  552  530  508  478  446  413
  377  354  332  312  318  314  310  308  302  285  267  250  224  206  189  174
  172  165  159  152  152  148  144  141  140  135  131  128  128  132  138  148
  178  202  227  253  291  309  326  343  370  384  398  411  433  448  462  476
  484  495  505  516  518  534  550  563  606
    12.5-180.0 180.0   5.0 450.0                            LAT/LON1/LON2/DLON/H
  592  609  622  632  625  629  628  623  607  592  573  551  527  497  465  432
  396  370  346  324  326  318  310  303  286  267  248  229  201  185  169  156
  159  152  145  139  142  138  134  130  130  124  119  115  116  121  128  138
  167  193  220  248  291  310  329  348  379  393  408  421  443  457  471  483
  491  499  506  513  516  529  542  552  592
    10.0-180.0 180.0   5.0 450.0                            LAT/LON1/LON2/DLON/H
  584  601  614  623  615  625  631  633  605  595  580  562  528  502  470  434
  403  382  358  332  329  312  296  280  268  245  224  205  181  172  163  157
  151  147  143  140  127  124  121  118  108  104  102  100  102  103  107  114
  152  180  211  243  279  306  333  358  384  405  423  440  457  470  482  493
  509  518  528  539  539  549  560  571  584
     7.5-180.0 180.0   5.0 450.0                            LAT/LON1/LON2/DLON/H
  570  581  590  595  594  604  610  612  597  588  574  556  530  503  471  435
  410  388  364  338  327  308  289  271  248  227  207  190  172  164  157  153
  150  145  142  140  127  124  120  117  107  102   99   96   97   97  101  107
  146  173  203  236  277  305  331  358  392  413  433  449  473  487  500  510
  524  534  544  553  547  553  560  567  570
     5.0-180.0 180.0   5.0 450.0                            LAT/LON1/LON2/DLON/H
  567  574  576  576  575  582  587  588  579  570  557  541  518  492  461  427
  406  384  361  336  322  301  280  260  233  214  197  182  168  162  159  157
  153  149  147  145  130  126  122  118  107  102   97   94   92   92   95  100
  138  164  194  226  270  298  326  354  394  418  438  456  487  502  515  525
  539  551  562  571  564  566  568  569  567
     2.5-180.0 180.0   5.0 450.0                            LAT/LON1/LON2/DLON/H
  575  577  574  568  561  566  568  567  557  549  537  523  496  471  443  412
  392  371  349  327  309  287  266  246  222  206  192  180  171  168  166  166
  159  156  154  153  133  129  124  119  108  102   97   93   88   88   90   95
  129  155  185  217  260  290  320  350  392  417  439  459  492  509  523  534
  549  564  577  587  584  584  583  580  575
