o1pg1920-20230712.23i
     1.0            IONOSPHERE MAPS     GNSS                IONEX VERSION / TYPE
IONINX V4.3         AIUB                12-Jul-23 21:14     PGM / RUN BY / DATE 
406 1-DAY PREDICTED IONOSPHERE MAPS FOR DAY 192, 2023       COMMENT             
We use the deep learning algorithm, based on the global     DESCRIPTION         
ionospheric map provided by CODE and the final global       DESCRIPTION         
ionospheric map combined by IGS, and use our proposed       DESCRIPTION         
spatiotemporal network model to predict the global          DESCRIPTION         
ionospheric map of the next day.                            DESCRIPTION         
Contact address: wanghongyue@stu.cdut.edu.cn                DESCRIPTION         
  2023    07    11     0     0     0                        EPOCH OF FIRST MAP  
  2023    07    11    22     0     0                        EPOCH OF LAST MAP   
  7200                                                      INTERVAL            
    12                                                      # OF MAPS IN FILE   
  NONE                                                      MAPPING FUNCTION    
     0.0                                                    ELEVATION CUTOFF    
TEC prediction calculated as a spatiotemporal network model OBSERVABLES USED    
  6371.0                                                    BASE RADIUS         
     2                                                      MAP DIMENSION       
   450.0 450.0   0.0                                        HGT1 / HGT2 / DHGT  
    87.5 -87.5  -2.5                                        LAT1 / LAT2 / DLAT  
  -180.0 180.0   5.0                                        LON1 / LON2 / DLON  
    -1                                                      EXPONENT            
TEC values in 0.1 tec units;  9999, if no value available   COMMENT             
                                                            END OF HEADER       
[from data line 4290]
    11                                                      START OF TEC MAP    
  2023    07    11    20     0     0                        EPOCH OF CURRENT MAP
    87.5-180.0 180.0   5.0 450.0                            LAT/LON1/LON2/DLON/H
  177  176  176  176  175  176  177  178  177  178  178  179  178  178  178  178
  180  179  179  179  179  179  179  178  179  179  178  177  177  176  175  174
  172  172  171  170  168  168  167  166  167  167  167  167  168  168  169  169
  170  170  171  171  170  171  171  171  168  168  168  168  166  167  168  169
  167  169  170  170  167  168  168  169  177
    85.0-180.0 180.0   5.0 450.0                            LAT/LON1/LON2/DLON/H
  175  175  175  176  176  177  179  181  182  183  184  185  184  184  184  184
  185  185  185  184  184  183  182  181  181  180  179  177  176  175  173  171
  168  167  166  164  162  161  161  160  160  160  160  161  163  163  163  164
  165  166  166  167  167  167  167  168  165  165  165  165  163  164  165  165
  163  164  165  165  164  165  166  166  175
    82.5-180.0 180.0   5.0 450.0                            LAT/LON1/LON2/DLON/H
  172  173  174  175  177  178  180  183  185  186  187  189  189  189  189  189
  189  189  189  188  187  186  185  183  182  181  179  176  175  173  170  168
  165  163  162  160  157  156  156  155  155  155  156  156  158  159  159  160
  161  162  163  164  165  165  165  166  164  164  164  164  161  161  162  163
  159  160  160  160  159  160  161  161  172
    80.0-180.0 180.0   5.0 450.0                            LAT/LON1/LON2/DLON/H
  173  172  172  172  176  179  181  183  184  187  190  191  192  193  193  192
  195  194  193  192  194  192  190  187  186  184  181  178  175  173  170  168
  165  163  162  160  158  158  157  157  155  156  157  158  155  157  159  161
  159  161  163  164  165  166  166  166  167  166  166  166  164  163  161  161
  162  160  159  158  157  158  159  160  173
    77.5-180.0 180.0   5.0 450.0                            LAT/LON1/LON2/DLON/H
  173  172  172  173  176  179  182  184  184  188  191  193  193  195  195  195
  198  198  197  195  197  195  193  190  188  186  183  179  176  173  171  168
  166  164  163  161  159  159  158  158  156  157  157  158  155  157  159  161
  160  162  163  165  165  166  167  168  167  168  168  168  166  166  165  164
  164  162  161  160  158  159  160  161  173
    75.0-180.0 180.0   5.0 450.0                            LAT/LON1/LON2/DLON/H
  176  176  176  176  178  180  183  186  185  189  192  194  196  197  198  198
  201  201  200  199  200  199  197  193  192  189  186  181  178  176  173  170
  168  167  165  164  162  162  161  159  158  158  158  158  157  158  160  161
  161  162  164  165  165  166  167  168  168  169  169  170  170  170  169  169
  168  167  166  165  164  164  165  166  176
    72.5-180.0 180.0   5.0 450.0                            LAT/LON1/LON2/DLON/H
  182  182  182  182  181  184  186  188  187  190  193  195  197  198  198  198
  203  203  202  200  204  202  199  195  196  192  188  183  181  178  175  172
  172  170  169  167  166  165  163  162  162  161  160  159  159  160  160  161
  162  162  163  164  165  165  166  167  168  168  169  170  173  173  173  173
  175  173  172  171  172  172  173  174  182
    70.0-180.0 180.0   5.0 450.0                            LAT/LON1/LON2/DLON/H
  189  190  190  189  188  189  190  191  194  196  198  199  202  204  204  204
  210  210  208  206  209  207  204  200  200  195  190  184  178  176  174  171
  171  171  170  170  170  169  167  165  161  160  158  156  154  154  154  153
  155  155  155  155  155  156  157  158  159  162  165  167  172  174  176  178
  182  182  182  181  182  183  183  182  189
    67.5-180.0 180.0   5.0 450.0                            LAT/LON1/LON2/DLON/H
  200  201  201  201  198  199  199  198  201  203  204  205  207  209  209  208
  212  213  211  209  212  210  207  203  203  198  193  187  181  179  177  175
  177  177  176  175  176  175  172  168  164  162  160  157  156  155  153  151
  153  152  150  148  148  148  148  148  152  155  158  161  170  174  177  180
  187  189  190  190  191  193  194  193  200
    65.0-180.0 180.0   5.0 450.0                            LAT/LON1/LON2/DLON/H
  210  211  212  212  209  208  207  206  208  209  210  210  213  214  214  212
  216  216  214  212  214  213  210  206  205  201  195  189  184  183  182  180
  184  184  183  182  183  180  177  172  169  166  162  159  158  155  152  149
  150  147  143  140  139  138  138  138  142  145  149  153  165  170  175  180
  189  193  195  197  199  201  203  203  210
    62.5-180.0 180.0   5.0 450.0                            LAT/LON1/LON2/DLON/H
  218  219  220  220  217  216  214  212  213  214  214  214  219  219  218  216
  220  218  217  215  217  215  212  208  208  203  197  192  189  189  187  186
  192  191  190  188  190  186  181  176  174  170  165  161  160  156  151  147
  147  142  137  132  130  129  128  128  132  136  140  145  157  164  170  177
  188  194  198  201  205  208  210  211  218
    60.0-180.0 180.0   5.0 450.0                            LAT/LON1/LON2/DLON/H
  222  227  230  232  224  223  222  220  223  223  223  222  226  224  222  219
  222  221  220  218  219  218  216  214  210  206  202  198  193  193  193  194
  195  195  195  195  192  188  185  181  176  173  169  165  159  154  149  143
  136  131  126  120  115  115  115  115  118  123  129  135  149  159  169  179
  184  192  200  206  208  214  220  224  222
    57.5-180.0 180.0   5.0 450.0                            LAT/LON1/LON2/DLON/H
  225  230  234  237  231  229  227  224  228  227  226  224  227  226  225  222
  223  221  220  219  220  219  218  217  213  211  209  207  204  205  206  207
  208  207  206  203  200  197  193  189  183  180  175  170  164  158  151  143
  135  129  124  118  112  111  111  112  115  119  125  131  145  154  164  173
  180  189  197  203  207  215  222  227  225
    55.0-180.0 180.0   5.0 450.0                            LAT/LON1/LON2/DLON/H
  229  234  238  241  239  236  233  230  234  232  230  227  228  227  226  224
  224  222  221  219  220  220  219  219  217  217  217  217  216  218  220  220
  223  220  217  212  210  207  203  198  193  189  184  178  170  163  155  145
  137  131  125  119  113  112  112  113  114  119  124  130  142  151  160  169
  177  186  194  201  207  217  225  232  229
    52.5-180.0 180.0   5.0 450.0                            LAT/LON1/LON2/DLON/H
  232  238  242  245  248  245  240  236  239  236  233  229  228  228  227  224
  225  223  221  219  222  221  221  221  221  224  225  227  228  231  233  233
  236  232  227  221  220  216  212  207  201  196  191  184  176  168  158  148
  141  135  129  124  117  117  117  119  118  122  127  132  142  150  158  166
  175  184  192  200  210  220  228  236  232
    50.0-180.0 180.0   5.0 450.0                            LAT/LON1/LON2/DLON/H
  232  240  247  253  253  254  254  254  251  248  245  242  238  236  233  229
  229  225  222  218  222  223  225  226  223  228  233  237  234  239  243  246
  244  242  238  234  231  227  222  216  210  204  196  188  181  171  161  152
  144  137  131  126  123  121  119  117  117  118  120  122  139  144  150  155
  173  184  194  203  211  220  229  238  232
    47.5-180.0 180.0   5.0 450.0                            LAT/LON1/LON2/DLON/H
  240  247  255  262  264  266  267  267  266  262  256  251  247  243  238  233
  233  229  225  221  224  225  227  230  230  235  240  245  245  249  252  253
  252  250  246  242  239  235  229  222  217  210  201  191  184  175  166  157
  151  145  140  135  132  130  128  126  125  125  127  129  144  149  154  160
  179  189  199  208  215  225  234  243  240
    45.0-180.0 180.0   5.0 450.0                            LAT/LON1/LON2/DLON/H
  247  255  262  270  274  278  281  282  282  276  270  263  259  253  246  240
  240  235  230  227  229  231  234  237  238  244  249  254  255  258  260  259
  260  258  255  251  248  243  237  230  224  216  206  195  189  181  173  165
  159  154  150  145  141  139  137  136  132  133  134  136  150  155  160  165
  187  197  206  215  223  233  242  250  247
    42.5-180.0 180.0   5.0 450.0                            LAT/LON1/LON2/DLON/H
  252  260  268  276  281  287  292  294  296  290  283  276  271  264  257  249
  248  243  238  235  235  238  242  246  248  254  259  264  265  267  267  265
  267  266  264  261  256  252  247  240  231  222  212  200  195  188  182  175
  168  164  161  157  150  148  147  146  140  140  142  143  157  162  167  173
  196  206  215  224  233  242  251  258  252
    40.0-180.0 180.0   5.0 450.0                            LAT/LON1/LON2/DLON/H
  259  267  276  283  287  296  303  309  310  307  302  298  286  282  276  269
  261  256  252  247  244  247  250  254  258  266  273  280  284  286  288  290
  291  289  286  283  276  269  260  250  241  231  220  209  208  202  196  189
  178  175  172  169  161  161  160  159  152  153  155  157  154  161  168  175
  197  210  223  235  245  255  265  273  259
    37.5-180.0 180.0   5.0 450.0                            LAT/LON1/LON2/DLON/H
  271  277  282  288  294  302  310  317  322  321  319  317  308  302  294  287
  278  273  268  262  260  263  267  271  275  282  289  296  298  301  304  306
  308  307  305  301  294  285  274  261  253  242  231  220  221  214  207  200
  190  187  183  177  171  171  171  169  161  162  164  165  163  170  178  185
  205  219  232  244  253  265  275  283  271
    35.0-180.0 180.0   5.0 450.0                            LAT/LON1/LON2/DLON/H
  281  285  289  293  297  306  314  321  330  333  334  334  329  323  315  307
  297  292  286  281  277  281  285  289  292  299  306  313  316  320  323  326
  327  328  326  323  310  300  287  272  264  254  243  232  233  226  218  210
  198  194  188  182  177  177  176  174  167  168  169  170  166  174  181  188
  209  223  236  247  261  273  283  290  281
    32.5-180.0 180.0   5.0 450.0                            LAT/LON1/LON2/DLON/H
  291  295  299  301  300  310  318  327  336  341  346  349  349  344  337  329
  316  312  307  301  295  300  305  309  311  318  325  331  337  342  347  351
  347  349  348  345  323  312  299  283  275  265  254  243  243  235  227  218
  202  197  191  183  178  178  177  175  169  170  171  172  166  174  181  189
  210  224  237  247  269  281  290  296  291
    30.0-180.0 180.0   5.0 450.0                            LAT/LON1/LON2/DLON/H
  294  301  307  313  307  316  324  331  339  353  364  373  370  367  364  360
  338  334  330  325  322  327  332  336  339  345  351  356  364  370  374  379
  372  368  363  356  344  329  312  295  289  277  265  254  258  243  229  216
  207  199  191  183  181  180  178  176  172  170  168  165  168  172  176  181
  195  208  221  233  268  278  286  293  294
    27.5-180.0 180.0   5.0 450.0                            LAT/LON1/LON2/DLON/H
  299  307  314  320  318  327  336  343  355  369  383  394  394  394  391  388
  367  362  356  350  344  347  350  355  359  366  372  379  390  395  399  401
  395  386  374  360  346  328  309  290  286  274  263  253  249  236  224  212
  196  190  183  177  174  174  172  171  168  165  162  159  164  168  172  176
  188  203  217  230  261  275  287  296  299
    25.0-180.0 180.0   5.0 450.0                            LAT/LON1/LON2/DLON/H
  302  313  323  329  331  341  350  358  373  387  401  413  420  420  419  416
  398  391  383  375  368  369  371  374  379  386  394  401  411  416  418  417
  409  393  374  353  335  316  296  276  271  260  250  241  233  222  211  201
  182  177  172  168  164  164  163  161  159  156  152  149  155  157  161  166
  178  193  209  223  253  270  286  298  302
    22.5-180.0 180.0   5.0 450.0                            LAT/LON1/LON2/DLON/H
  304  318  329  338  344  355  365  374  392  406  420  431  444  445  444  442
  427  419  411  401  392  392  393  395  396  404  412  420  425  428  428  426
  411  388  364  338  316  295  274  254  250  240  231  224  212  203  194  186
  168  164  161  159  156  154  153  151  149  145  141  138  144  146  150  155
  167  183  199  214  248  267  284  298  304
    20.0-180.0 180.0   5.0 450.0                            LAT/LON1/LON2/DLON/H
  299  313  326  338  344  357  369  379  397  415  432  446  459  465  469  472
  453  446  439  431  421  416  412  408  411  418  425  432  441  440  437  433
  412  383  352  321  290  266  242  221  211  203  198  194  180  173  167  162
  145  142  139  136  132  131  130  128  128  127  125  124  125  128  131  135
  155  175  194  214  236  258  278  296  299
    17.5-180.0 180.0   5.0 450.0                            LAT/LON1/LON2/DLON/H
  298  313  327  340  348  363  376  387  407  426  444  460  473  483  491  496
  484  478  471  463  449  441  434  429  427  431  434  438  447  440  433  424
  398  365  331  298  259  235  212  193  184  176  171  170  162  156  152  150
  137  135  133  130  126  125  123  122  120  118  116  114  116  119  123  127
  146  167  188  210  231  252  272  290  298
    15.0-180.0 180.0   5.0 450.0                            LAT/LON1/LON2/DLON/H
  294  310  325  338  347  363  377  389  411  431  449  465  480  493  504  512
  506  502  496  489  473  464  455  448  442  443  444  444  450  438  425  412
  383  348  312  278  240  216  196  179  168  161  157  156  152  147  145  145
  133  132  129  127  123  120  117  114  113  110  107  105  107  110  114  119
  137  159  183  206  226  247  265  282  294
    12.5-180.0 180.0   5.0 450.0                            LAT/LON1/LON2/DLON/H
  292  307  322  336  346  362  377  390  410  429  447  463  481  497  510  520
  521  519  515  509  494  484  475  467  455  453  451  448  450  434  417  400
  369  333  297  264  232  211  193  179  166  159  155  155  149  147  146  147
  134  132  130  127  122  118  114  110  110  105  101   98  100  103  107  112
  129  152  177  202  222  241  259  274  292
    10.0-180.0 180.0   5.0 450.0                            LAT/LON1/LON2/DLON/H
  293  307  321  335  352  366  379  391  415  431  445  456  474  494  511  525
  524  528  528  527  512  504  495  486  474  467  458  447  450  433  414  393
  365  330  296  263  238  221  206  193  185  177  173  170  170  166  161  158
  146  141  135  129  120  116  113  110  104  100   97   95   97   98  100  104
  117  140  165  193  213  236  258  280  293
     7.5-180.0 180.0   5.0 450.0                            LAT/LON1/LON2/DLON/H
  301  316  330  344  356  370  382  393  408  421  432  443  463  482  498  513
  525  531  534  534  522  514  505  495  481  473  462  450  449  432  412  392
  361  329  299  270  259  244  231  219  214  206  199  194  191  184  176  168
  155  147  137  128  120  115  111  108  101   97   94   91   92   93   96   99
  110  133  160  188  212  237  261  282  301
     5.0-180.0 180.0   5.0 450.0                            LAT/LON1/LON2/DLON/H
  312  327  343  357  366  378  389  399  407  416  424  433  453  469  484  497
  517  524  529  530  522  516  508  499  486  477  465  452  446  429  411  392
  357  332  307  284  286  274  262  252  246  236  227  218  210  198  186  174
  160  149  137  124  117  112  108  105   99   95   91   87   88   89   92   96
  104  128  155  184  212  239  264  286  312
     2.5-180.0 180.0   5.0 450.0                            LAT/LON1/LON2/DLON/H
  323  340  357  372  381  393  403  411  413  419  425  431  447  460  473  484
  503  511  517  521  515  511  505  498  487  478  466  454  442  428  412  395
  354  334  316  299  311  301  292  283  273  262  250  239  221  207  191  176
  160  146  132  117  113  108  104  102   97   92   88   84   85   86   89   93
   99  123  151  180  210  238  265  287  323
