o1pg2060-20230726.23i
     1.0            IONOSPHERE MAPS     GNSS                IONEX VERSION / TYPE
IONINX V4.3         AIUB                01-Aug-23 09:17     PGM / RUN BY / DATE 
406 1-DAY PREDICTED IONOSPHERE MAPS FOR DAY 206, 2023       COMMENT             
We use the deep learning algorithm, based on the global     DESCRIPTION         
ionospheric map provided by CODE and the final global       DESCRIPTION         
ionospheric map combined by IGS, and use our proposed       DESCRIPTION         
spatiotemporal network model to predict the global          DESCRIPTION         
ionospheric map of the next day.                            DESCRIPTION         
Contact address: wanghongyue@stu.cdut.edu.cn                DESCRIPTION         
  2023    07    25     0     0     0                        EPOCH OF FIRST MAP  
  2023    07    25    22     0     0                        EPOCH OF LAST MAP   
  7200                                                      INTERVAL            
    12                                                      # OF MAPS IN FILE   
  NONE                                                      MAPPING FUNCTION    
     0.0                                                    ELEVATION CUTOFF    
TEC prediction calculated as a spatiotemporal network model OBSERVABLES USED    
  6371.0                                                    BASE RADIUS         
     2                                                      MAP DIMENSION       
   450.0 450.0   0.0                                        HGT1 / HGT2 / DHGT  
    87.5 -87.5  -2.5                                        LAT1 / LAT2 / DLAT  
  -180.0 180.0   5.0                                        LON1 / LON2 / DLON  
    -1                                                      EXPONENT            
TEC values in 0.1 tec units;  9999, if no value available   COMMENT             
                                                            END OF HEADER       
[from data line 2145]
     6                                                      START OF TEC MAP    
  2023    07    25    10     0     0                        EPOCH OF CURRENT MAP
    87.5-180.0 180.0   5.0 450.0                            LAT/LON1/LON2/DLON/H
  176  176  176  177  177  178  179  181  185  186  186  187  192  193  193  193
  196  196  197  197  199  199  199  199  199  199  198  198  196  196  196  196
  194  194  194  194  193  192  192  191  190  189  189  188  187  187  186  186
  185  185  184  183  181  180  180  179  177  177  177  177  177  177  177  177
  176  176  176  175  176  176  177  176  176
    85.0-180.0 180.0   5.0 450.0                            LAT/LON1/LON2/DLON/H
  174  174  175  176  175  177  179  181  185  186  187  188  193  194  194  194
  197  197  198  198  200  200  200  200  201  200  200  199  198  198  197  197
  196  196  196  195  195  194  193  193  191  191  190  189  188  187  186  186
  185  183  182  181  178  177  176  175  174  173  173  172  174  173  173  173
  172  172  171  170  172  172  172  172  174
    82.5-180.0 180.0   5.0 450.0                            LAT/LON1/LON2/DLON/H
  169  170  171  173  172  174  177  179  182  184  185  187  192  192  192  192
  195  196  196  196  199  199  199  199  200  200  199  198  198  198  197  196
  198  198  197  197  198  197  196  196  195  194  193  193  190  189  188  188
  186  185  183  182  179  177  176  174  174  173  171  171  173  172  171  171
  170  169  168  167  168  168  167  166  169
    80.0-180.0 180.0   5.0 450.0                            LAT/LON1/LON2/DLON/H
  169  168  167  166  166  168  170  172  176  178  179  180  183  184  185  185
  186  187  188  189  190  190  191  193  194  193  193  193  197  197  197  197
  201  201  201  202  205  205  205  205  200  201  201  201  195  196  196  196
  194  193  193  192  190  188  186  184  185  183  181  179  180  179  178  177
  175  172  169  166  166  164  162  160  169
    77.5-180.0 180.0   5.0 450.0                            LAT/LON1/LON2/DLON/H
  167  166  165  164  162  164  165  166  169  171  171  171  174  175  175  175
  175  176  178  179  178  180  181  182  182  183  184  185  188  190  191  193
  197  200  202  204  208  209  210  211  207  208  209  210  205  206  206  207
  205  205  204  203  203  202  200  198  199  198  196  194  194  192  190  188
  184  180  176  172  167  164  161  158  167
    75.0-180.0 180.0   5.0 450.0                            LAT/LON1/LON2/DLON/H
  169  167  165  163  159  160  161  161  162  163  163  162  165  165  165  164
  164  166  167  168  167  169  171  172  172  174  176  177  181  184  187  190
  195  200  204  207  213  215  217  218  217  218  219  220  217  219  220  220
  219  219  218  218  219  218  216  214  216  215  213  210  210  207  204  201
  196  191  186  180  171  167  163  160  169
    72.5-180.0 180.0   5.0 450.0                            LAT/LON1/LON2/DLON/H
  171  169  166  163  158  158  157  156  156  155  154  153  155  155  153  152
  153  155  156  156  157  159  161  162  163  166  168  170  174  179  183  187
  195  201  206  210  218  222  224  225  227  229  230  230  230  232  233  233
  233  233  232  231  232  232  230  227  231  230  227  224  224  221  217  212
  209  203  196  190  179  174  169  165  171
    70.0-180.0 180.0   5.0 450.0                            LAT/LON1/LON2/DLON/H
  180  175  170  163  156  155  155  154  148  147  146  145  146  146  146  147
  147  149  151  153  152  154  155  157  159  162  164  167  174  180  186  192
  198  205  212  218  223  227  230  233  236  240  242  243  244  247  248  248
  245  247  246  245  240  241  240  238  237  236  235  233  234  231  228  225
  220  214  206  199  191  186  179  171  180
    67.5-180.0 180.0   5.0 450.0                            LAT/LON1/LON2/DLON/H
  184  178  172  165  156  154  152  150  144  143  142  140  141  141  141  141
  143  145  147  149  149  151  154  156  158  161  165  168  175  182  189  195
  202  210  218  224  229  234  237  239  243  247  249  250  254  256  256  255
  253  253  250  245  242  241  238  235  237  237  236  234  238  236  234  230
  228  222  215  207  200  194  187  179  184
    65.0-180.0 180.0   5.0 450.0                            LAT/LON1/LON2/DLON/H
  185  179  172  165  155  151  148  145  141  139  137  135  138  138  138  137
  139  141  143  146  146  149  153  156  159  163  167  170  178  187  194  200
  207  216  224  229  234  239  243  245  250  254  256  257  263  264  263  261
  258  255  250  244  240  238  234  229  232  233  232  231  236  236  235  232
  232  227  220  213  206  200  193  185  185
    62.5-180.0 180.0   5.0 450.0                            LAT/LON1/LON2/DLON/H
  185  178  170  162  152  147  143  139  137  135  133  131  136  135  134  134
  136  138  140  143  144  147  151  155  160  165  169  173  184  192  200  206
  212  221  228  234  237  243  247  249  255  259  261  262  269  269  267  264
  260  255  248  241  235  232  227  222  225  227  227  227  231  232  232  231
  233  229  223  217  212  206  199  191  185
    60.0-180.0 180.0   5.0 450.0                            LAT/LON1/LON2/DLON/H
  182  173  163  153  141  134  129  125  120  120  120  122  122  123  124  125
  128  130  132  136  138  142  148  154  159  164  169  175  187  193  199  206
  218  225  231  236  241  246  251  254  261  264  265  267  273  270  265  260
  257  250  241  231  227  223  219  214  216  216  216  216  228  229  229  230
  235  233  229  226  223  217  209  200  182
    57.5-180.0 180.0   5.0 450.0                            LAT/LON1/LON2/DLON/H
  186  176  166  155  141  133  126  120  114  112  112  112  115  115  116  117
  122  122  125  128  133  138  144  151  158  165  172  178  190  197  204  211
  221  227  233  238  243  248  253  258  263  267  269  271  275  273  269  263
  258  251  242  233  227  224  220  216  219  219  220  221  233  234  235  235
  243  241  237  233  233  226  218  209  186
    55.0-180.0 180.0   5.0 450.0                            LAT/LON1/LON2/DLON/H
  192  183  172  161  146  136  127  119  111  108  106  105  108  107  107  108
  114  114  115  118  126  132  139  147  157  166  174  181  193  202  210  216
  224  230  236  240  247  253  258  264  268  272  276  278  281  279  275  269
  263  256  248  239  234  231  228  224  227  228  230  231  241  243  244  243
  254  252  248  243  245  238  229  220  192
    52.5-180.0 180.0   5.0 450.0                            LAT/LON1/LON2/DLON/H
  199  190  180  169  152  141  131  121  109  105  102  100  101  100   99   99
  105  105  106  109  120  126  133  142  157  167  176  185  197  207  214  221
  228  234  239  243  251  257  263  269  273  278  281  284  287  285  281  276
  271  265  258  249  244  242  240  237  239  241  243  244  252  254  255  254
  265  263  260  255  258  251  243  233  199
    50.0-180.0 180.0   5.0 450.0                            LAT/LON1/LON2/DLON/H
  210  202  194  184  167  155  142  131  115  108  103   99   96   94   93   93
   98   98  100  103  112  122  133  147  159  171  182  194  203  211  219  225
  235  241  246  251  259  267  275  283  287  291  295  298  298  297  295  294
  284  280  274  268  259  258  255  252  251  254  256  257  263  266  268  269
  278  276  273  270  267  259  250  241  210
    47.5-180.0 180.0   5.0 450.0                            LAT/LON1/LON2/DLON/H
  220  213  205  196  181  169  157  145  125  117  111  105   98   95   92   91
   97   97   99  103  114  123  135  149  165  177  188  199  209  217  224  229
  241  247  253  258  269  277  285  292  297  302  305  308  307  307  305  303
  298  292  285  277  273  270  266  261  262  264  266  266  274  277  279  280
  289  287  283  279  272  264  256  248  220
    45.0-180.0 180.0   5.0 450.0                            LAT/LON1/LON2/DLON/H
  224  218  211  204  194  183  172  160  139  130  122  114  103   99   95   92
   99   99  101  105  119  128  140  154  173  184  195  206  214  222  228  234
  245  253  260  266  278  287  296  303  308  314  318  321  319  320  319  316
  312  306  298  288  283  279  273  266  265  267  268  269  276  279  281  282
  291  289  285  281  272  265  258  250  224
    42.5-180.0 180.0   5.0 450.0                            LAT/LON1/LON2/DLON/H
  221  217  212  206  200  192  182  172  152  142  133  125  110  105  100   96
  104  105  107  111  127  136  148  162  181  191  202  212  218  226  232  237
  247  257  267  275  286  297  307  316  319  326  331  335  334  336  336  334
  329  322  313  303  291  286  279  272  267  269  270  271  280  283  285  286
  293  291  288  283  270  264  258  252  221
    40.0-180.0 180.0   5.0 450.0                            LAT/LON1/LON2/DLON/H
  208  205  203  202  191  187  184  179  166  156  147  137  124  118  112  106
  112  115  118  123  127  141  157  174  189  200  212  224  226  230  232  235
  254  261  267  275  297  307  316  326  338  343  348  355  349  349  350  351
  355  343  332  322  313  301  290  281  274  273  274  275  277  282  287  291
  292  288  284  279  266  250  235  222  208
    37.5-180.0 180.0   5.0 450.0                            LAT/LON1/LON2/DLON/H
  203  198  193  190  184  181  178  176  170  163  156  150  137  131  124  117
  119  121  124  128  133  147  161  177  195  206  218  229  230  234  238  241
  258  267  276  284  307  320  331  341  356  364  371  378  372  375  377  379
  380  371  361  351  335  324  313  303  290  288  287  286  291  293  295  297
  300  294  288  281  264  247  231  216  203
    35.0-180.0 180.0   5.0 450.0                            LAT/LON1/LON2/DLON/H
  203  195  187  182  177  175  173  173  173  169  165  161  151  144  136  129
  126  127  129  132  138  150  164  179  198  209  220  231  231  237  242  246
  259  272  284  294  316  331  345  356  373  383  392  400  396  401  405  407
  411  405  397  388  370  361  351  340  324  320  317  313  316  315  313  311
  314  305  297  288  266  248  230  214  203
    32.5-180.0 180.0   5.0 450.0                            LAT/LON1/LON2/DLON/H
  205  195  186  179  171  170  170  170  174  172  170  170  162  155  147  139
  132  132  133  135  142  152  165  178  198  209  220  231  230  238  245  252
  260  276  291  304  325  343  359  372  391  403  413  422  422  429  434  437
  447  444  439  431  419  412  403  392  372  368  363  356  353  349  346  341
  338  328  317  306  279  260  241  224  205
    30.0-180.0 180.0   5.0 450.0                            LAT/LON1/LON2/DLON/H
  228  213  199  186  174  170  169  169  171  169  169  169  167  159  150  141
  134  132  131  130  138  146  155  165  193  204  215  227  238  240  243  247
  264  277  290  304  331  348  367  384  404  415  427  438  446  454  464  475
  479  480  482  486  474  468  462  458  444  430  418  405  411  398  387  375
  373  358  342  327  305  283  261  242  228
    27.5-180.0 180.0   5.0 450.0                            LAT/LON1/LON2/DLON/H
  248  232  215  200  185  179  174  172  179  176  174  173  174  165  155  146
  140  136  134  132  140  147  156  167  195  206  217  230  235  239  244  250
  268  282  296  310  342  360  379  397  417  429  442  455  466  479  493  507
  520  529  537  545  541  540  537  531  516  501  486  469  467  449  431  414
  403  384  366  349  323  300  278  258  248
    25.0-180.0 180.0   5.0 450.0                            LAT/LON1/LON2/DLON/H
  274  258  241  225  208  200  193  188  192  187  184  182  182  172  161  152
  148  143  139  135  143  150  158  168  193  205  218  231  231  239  247  255
  273  288  303  317  350  369  387  405  425  438  451  465  482  499  516  534
  555  570  584  596  599  601  600  593  579  564  546  526  517  494  470  447
  425  405  385  366  337  315  294  275  274
    22.5-180.0 180.0   5.0 450.0                            LAT/LON1/LON2/DLON/H
  298  284  269  253  236  227  219  211  207  201  197  193  190  179  168  158
  156  150  144  139  147  153  160  170  188  201  214  229  226  238  249  259
  278  294  309  324  359  377  395  412  431  444  458  471  493  512  531  549
  578  598  616  630  639  644  643  636  626  610  590  567  554  528  500  471
  441  421  400  380  353  333  313  295  298
    20.0-180.0 180.0   5.0 450.0                            LAT/LON1/LON2/DLON/H
  323  311  295  278  273  263  251  239  230  221  211  202  197  187  177  167
  159  155  151  148  152  153  156  160  187  194  202  213  216  229  243  257
  278  300  323  345  378  395  413  429  443  458  473  488  498  520  541  560
  585  609  629  644  652  660  663  663  644  633  618  603  582  553  521  487
  458  431  405  380  365  350  336  324  323
    17.5-180.0 180.0   5.0 450.0                            LAT/LON1/LON2/DLON/H
  335  325  312  297  296  286  275  262  246  234  222  210  203  191  180  169
  165  160  155  150  154  155  157  162  183  191  200  211  222  235  250  264
  291  314  336  359  389  406  423  440  449  463  478  492  506  525  543  560
  583  603  620  632  637  645  648  647  632  625  614  599  582  553  519  483
  448  421  394  370  362  348  336  326  335
    15.0-180.0 180.0   5.0 450.0                            LAT/LON1/LON2/DLON/H
  333  326  317  305  306  298  288  276  257  243  228  213  207  194  182  171
  168  162  156  151  152  153  155  160  177  186  196  209  225  239  255  271
  302  326  349  371  402  420  437  453  460  473  487  500  514  529  543  557
  573  588  600  607  611  617  619  618  609  605  597  585  570  540  506  471
  432  405  380  357  355  343  332  323  333
    12.5-180.0 180.0   5.0 450.0                            LAT/LON1/LON2/DLON/H
  321  317  310  301  302  295  287  278  258  243  227  212  207  195  182  171
  171  163  156  150  150  150  152  156  168  178  191  204  225  241  258  275
  313  337  360  382  418  435  452  468  475  487  500  512  522  533  543  553
  560  569  575  578  582  586  586  584  584  581  575  566  550  520  488  454
  413  387  363  342  347  335  326  318  321
    10.0-180.0 180.0   5.0 450.0                            LAT/LON1/LON2/DLON/H
  308  305  302  301  287  283  278  273  248  238  227  216  197  189  180  171
  160  153  145  137  135  131  130  131  148  165  186  208  222  247  272  296
  327  352  375  396  428  449  467  482  490  504  517  528  531  540  548  555
  557  558  559  559  555  557  560  563  553  552  550  547  534  504  470  435
  396  375  356  339  335  328  323  320  308
     7.5-180.0 180.0   5.0 450.0                            LAT/LON1/LON2/DLON/H
  298  291  286  282  270  264  259  253  237  227  217  207  194  185  176  167
  159  151  142  133  128  124  122  122  141  160  181  204  230  254  278  302
  334  357  378  398  431  451  469  484  496  509  521  531  534  541  548  554
  552  553  554  555  546  548  552  555  550  549  546  541  530  498  463  426
  393  372  354  338  333  328  324  321  298
     5.0-180.0 180.0   5.0 450.0                            LAT/LON1/LON2/DLON/H
  295  286  278  271  257  249  241  235  222  213  203  194  187  179  170  162
  155  146  136  127  120  116  113  113  136  156  179  204  236  260  284  308
  338  359  378  397  426  445  463  479  492  505  516  525  531  538  544  549
  553  555  557  559  552  556  559  563  556  554  550  544  525  493  458  421
  394  375  359  344  335  331  329  326  295
     2.5-180.0 180.0   5.0 450.0                            LAT/LON1/LON2/DLON/H
  302  291  281  271  250  240  231  222  209  200  192  184  180  172  163  155
  150  140  130  120  112  108  105  105  132  153  177  204  241  266  290  314
  338  358  377  394  413  432  450  467  479  492  503  513  522  529  535  541
  560  563  566  569  571  577  582  585  570  567  562  555  520  489  455  421
  396  381  367  354  342  339  337  334  302
