o1pg1920-20230712.23i
     1.0            IONOSPHERE MAPS     GNSS                IONEX VERSION / TYPE
IONINX V4.3         AIUB                12-Jul-23 21:14     PGM / RUN BY / DATE 
406 1-DAY PREDICTED IONOSPHERE MAPS FOR DAY 192, 2023       COMMENT             
We use the deep learning algorithm, based on the global     DESCRIPTION         
ionospheric map provided by CODE and the final global       DESCRIPTION         
ionospheric map combined by IGS, and use our proposed       DESCRIPTION         
spatiotemporal network model to predict the global          DESCRIPTION         
ionospheric map of the next day.                            DESCRIPTION         
Contact address: wanghongyue@stu.cdut.edu.cn                DESCRIPTION         
  2023    07    11     0     0     0                        EPOCH OF FIRST MAP  
  2023    07    11    22     0     0                        EPOCH OF LAST MAP   
  7200                                                      INTERVAL            
    12                                                      # OF MAPS IN FILE   
  NONE                                                      MAPPING FUNCTION    
     0.0                                                    ELEVATION CUTOFF    
TEC prediction calculated as a spatiotemporal network model OBSERVABLES USED    
  6371.0                                                    BASE RADIUS         
     2                                                      MAP DIMENSION       
   450.0 450.0   0.0                                        HGT1 / HGT2 / DHGT  
    87.5 -87.5  -2.5                                        LAT1 / LAT2 / DLAT  
  -180.0 180.0   5.0                                        LON1 / LON2 / DLON  
    -1                                                      EXPONENT            
TEC values in 0.1 tec units;  9999, if no value available   COMMENT             
                                                            END OF HEADER       
[from data line 858]
     3                                                      START OF TEC MAP    
  2023    07    11     4     0     0                        EPOCH OF CURRENT MAP
    87.5-180.0 180.0   5.0 450.0                            LAT/LON1/LON2/DLON/H
  188  187  186  185  183  183  183  184  182  183  183  183  184  184  184  184
  182  182  182  181  180  180  179  178  178  178  177  176  177  178  178  177
  174  175  176  176  173  174  175  175  173  174  175  175  174  174  174  174
  174  175  175  175  176  177  178  179  179  180  181  183  182  183  183  184
  181  182  183  182  181  182  182  183  188
    85.0-180.0 180.0   5.0 450.0                            LAT/LON1/LON2/DLON/H
  188  188  187  187  184  185  185  185  185  185  186  186  187  187  187  187
  185  185  184  183  182  180  179  177  176  175  173  172  172  171  171  170
  168  169  169  169  168  169  170  171  171  172  173  174  174  174  174  175
  176  176  176  177  178  179  179  180  182  183  183  184  185  185  185  185
  182  182  182  181  180  180  181  181  188
    82.5-180.0 180.0   5.0 450.0                            LAT/LON1/LON2/DLON/H
  187  188  188  188  185  185  185  186  185  186  187  187  188  188  188  187
  186  186  185  184  181  180  178  175  172  170  168  166  165  164  163  162
  162  162  163  163  164  165  167  168  169  171  172  174  174  175  176  177
  179  179  179  180  182  182  183  183  187  187  187  187  190  189  188  187
  184  183  181  180  177  177  177  176  187
    80.0-180.0 180.0   5.0 450.0                            LAT/LON1/LON2/DLON/H
  191  189  188  186  183  184  185  185  183  184  185  185  187  187  187  186
  186  185  184  182  180  178  175  171  166  164  161  158  157  155  154  153
  155  156  158  160  164  165  167  169  173  174  176  177  180  182  183  183
  187  187  187  187  191  191  191  190  195  194  193  192  196  193  191  188
  189  186  182  179  180  178  177  176  191
    77.5-180.0 180.0   5.0 450.0                            LAT/LON1/LON2/DLON/H
  192  190  189  188  183  184  184  184  180  182  182  181  183  183  183  181
  182  181  180  178  176  173  170  167  160  158  154  151  149  149  148  148
  150  153  156  158  163  166  169  171  175  178  181  183  187  189  191  193
  197  198  199  200  203  204  205  205  208  208  207  206  207  205  202  198
  197  193  189  184  181  179  177  175  192
    75.0-180.0 180.0   5.0 450.0                            LAT/LON1/LON2/DLON/H
  194  193  191  190  185  185  184  183  180  180  179  178  179  179  177  175
  177  176  174  172  171  169  165  162  155  152  149  145  144  144  144  144
  147  151  155  158  163  167  171  175  179  183  186  189  195  198  200  203
  208  210  211  213  217  218  219  219  222  222  221  220  220  217  214  209
  208  203  197  191  186  183  180  177  194
    72.5-180.0 180.0   5.0 450.0                            LAT/LON1/LON2/DLON/H
  197  195  193  191  188  186  185  183  180  179  178  175  175  174  171  168
  171  170  167  165  166  163  159  155  151  147  144  141  140  140  141  142
  146  151  155  160  164  169  174  178  183  187  191  194  202  205  208  211
  218  220  222  223  228  229  230  230  234  233  232  230  232  228  224  218
  219  214  207  200  195  191  187  183  197
    70.0-180.0 180.0   5.0 450.0                            LAT/LON1/LON2/DLON/H
  201  200  198  196  190  190  189  188  184  181  178  175  173  170  167  163
  165  164  163  161  162  160  157  153  146  144  141  138  136  138  140  142
  146  151  156  162  169  174  179  185  187  193  198  204  208  214  219  223
  227  231  234  236  234  237  238  237  236  236  235  233  233  230  226  221
  221  216  210  203  200  196  191  184  201
    67.5-180.0 180.0   5.0 450.0                            LAT/LON1/LON2/DLON/H
  207  206  204  201  196  194  193  192  188  186  183  179  174  171  167  162
  162  160  158  156  159  156  153  150  145  142  140  137  136  138  140  142
  148  153  158  163  171  177  183  189  192  199  206  212  216  222  227  232
  235  238  239  240  238  239  239  237  236  236  234  231  233  231  227  222
  225  221  216  209  208  204  199  192  207
    65.0-180.0 180.0   5.0 450.0                            LAT/LON1/LON2/DLON/H
  212  210  208  205  200  199  197  194  192  190  187  183  178  173  168  162
  161  158  155  152  156  153  150  147  143  141  139  136  136  138  140  142
  149  154  159  164  172  179  185  192  196  204  212  220  224  230  235  240
  241  243  243  242  239  239  237  234  233  232  230  227  229  227  224  220
  225  222  218  212  212  208  203  196  212
    62.5-180.0 180.0   5.0 450.0                            LAT/LON1/LON2/DLON/H
  215  213  210  207  203  201  198  195  196  194  190  186  183  177  171  165
  162  158  154  150  154  151  148  145  143  140  138  136  138  140  141  143
  150  155  159  164  171  178  185  192  198  207  216  225  230  236  242  247
  246  246  245  243  238  237  234  230  228  227  225  223  221  220  219  216
  222  221  217  213  216  212  207  200  215
    60.0-180.0 180.0   5.0 450.0                            LAT/LON1/LON2/DLON/H
  220  217  214  209  205  203  202  201  196  195  193  192  185  178  172  165
  160  155  150  145  144  141  138  136  136  135  134  133  139  140  141  143
  148  151  155  159  166  173  181  190  197  206  216  226  232  236  239  241
  244  243  241  239  235  234  231  229  224  224  224  222  220  220  220  219
  220  220  219  218  222  221  218  214  220
    57.5-180.0 180.0   5.0 450.0                            LAT/LON1/LON2/DLON/H
  223  221  217  213  208  206  203  201  198  196  194  192  189  184  178  171
  164  158  152  147  144  141  137  134  135  134  133  133  139  140  141  141
  145  147  150  153  162  170  179  189  196  207  218  228  234  239  244  247
  247  247  246  244  239  237  235  232  228  227  225  223  221  221  219  218
  219  219  218  216  222  222  221  218  223
    55.0-180.0 180.0   5.0 450.0                            LAT/LON1/LON2/DLON/H
  230  227  224  220  215  211  207  203  201  199  196  193  192  188  183  176
  168  162  155  149  146  141  137  134  136  135  135  135  142  141  141  141
  142  143  145  148  157  166  176  188  195  207  219  230  236  243  248  252
  253  254  254  253  247  246  244  241  235  234  231  229  225  224  222  220
  220  220  219  217  225  226  225  223  230
    52.5-180.0 180.0   5.0 450.0                            LAT/LON1/LON2/DLON/H
  238  236  233  230  224  219  214  208  206  203  199  195  196  192  187  181
  173  166  159  153  149  144  140  136  140  139  139  139  146  145  144  143
  140  141  142  144  153  162  173  185  193  205  218  230  236  244  251  256
  260  262  263  263  259  258  257  254  245  243  241  239  230  229  226  224
  222  222  222  220  229  230  230  229  238
    50.0-180.0 180.0   5.0 450.0                            LAT/LON1/LON2/DLON/H
  248  247  244  241  233  227  221  214  210  207  202  198  199  195  190  184
  178  171  165  158  154  150  147  145  148  147  146  145  145  144  142  140
  136  136  136  136  145  156  168  179  188  204  218  232  238  248  258  266
  267  272  275  277  278  276  272  267  261  256  251  243  242  238  233  228
  228  227  226  225  233  235  238  240  248
    47.5-180.0 180.0   5.0 450.0                            LAT/LON1/LON2/DLON/H
  262  261  259  257  248  243  237  230  224  218  212  205  206  200  194  187
  182  176  170  164  160  157  155  153  158  157  156  155  154  152  149  146
  139  139  139  140  149  159  170  182  192  206  220  233  242  253  262  270
  278  283  286  287  293  291  286  279  275  269  262  254  250  246  242  237
  238  237  236  235  242  244  247  249  262
    45.0-180.0 180.0   5.0 450.0                            LAT/LON1/LON2/DLON/H
  274  273  272  270  263  258  252  245  238  231  223  215  212  205  198  190
  186  180  175  170  168  166  164  164  169  168  167  165  163  160  156  151
  143  143  144  145  152  162  173  184  196  209  222  234  246  257  267  276
  286  292  296  298  304  301  296  289  284  278  270  262  256  253  249  246
  248  248  247  246  252  255  257  258  274
    42.5-180.0 180.0   5.0 450.0                            LAT/LON1/LON2/DLON/H
  283  283  283  282  275  271  266  260  253  245  236  227  219  212  204  195
  190  185  181  177  176  175  175  175  180  179  178  176  171  167  162  157
  147  148  149  151  157  167  177  187  199  211  224  236  250  263  274  283
  295  302  308  311  314  312  307  301  292  286  278  271  263  261  258  256
  260  260  260  259  266  267  268  269  283
    40.0-180.0 180.0   5.0 450.0                            LAT/LON1/LON2/DLON/H
  288  290  291  292  285  286  285  282  273  263  253  241  228  218  208  196
  190  187  185  182  184  185  187  188  190  191  191  190  186  179  171  164
  165  161  158  156  156  164  174  185  193  210  228  246  254  266  277  287
  296  303  307  309  318  316  313  309  308  301  292  284  271  268  266  264
  272  274  277  279  288  289  289  289  288
    37.5-180.0 180.0   5.0 450.0                            LAT/LON1/LON2/DLON/H
  304  302  300  298  294  294  292  290  283  275  265  255  239  228  215  202
  195  192  189  187  191  193  195  197  204  205  204  204  200  193  186  179
  175  171  169  167  162  170  179  189  198  215  233  250  262  273  284  293
  303  310  314  316  324  326  325  322  320  315  308  301  292  289  287  284
  292  295  296  297  307  307  306  304  304
    35.0-180.0 180.0   5.0 450.0                            LAT/LON1/LON2/DLON/H
  322  317  311  306  301  300  297  295  291  284  275  266  249  237  223  208
  200  197  194  192  199  201  204  207  218  218  218  217  211  205  199  193
  182  180  178  176  166  173  182  191  201  218  235  252  266  278  288  296
  305  312  317  319  323  329  332  331  334  332  328  322  314  313  312  310
  314  317  319  319  332  331  328  323  322
    32.5-180.0 180.0   5.0 450.0                            LAT/LON1/LON2/DLON/H
  341  335  328  321  310  308  306  303  296  291  284  277  258  245  231  217
  205  202  200  198  205  209  212  215  229  229  229  229  220  215  210  205
  188  186  184  183  169  176  184  192  205  221  238  254  269  281  291  299
  305  314  319  322  326  336  342  344  351  352  351  348  339  341  342  341
  339  343  345  344  363  360  355  349  341
    30.0-180.0 180.0   5.0 450.0                            LAT/LON1/LON2/DLON/H
  375  368  360  352  331  328  324  320  310  303  294  286  267  251  234  217
  205  200  197  193  206  214  222  229  240  244  247  248  236  226  216  205
  198  190  181  173  170  174  179  185  204  222  242  262  268  276  284  291
  297  301  305  308  325  336  347  357  369  373  377  380  375  372  370  371
  373  374  375  376  385  384  381  376  375
    27.5-180.0 180.0   5.0 450.0                            LAT/LON1/LON2/DLON/H
  407  400  390  379  358  350  342  334  326  315  304  292  279  261  243  225
  212  206  202  199  215  223  231  239  256  258  259  257  240  229  218  206
  197  188  179  170  165  169  174  181  197  214  234  255  260  269  277  286
  289  297  304  310  330  347  361  373  390  398  404  409  406  405  404  405
  402  405  408  409  413  418  420  417  407
    25.0-180.0 180.0   5.0 450.0                            LAT/LON1/LON2/DLON/H
  441  435  426  414  393  382  370  358  346  332  319  305  290  272  253  234
  221  214  210  206  225  232  240  248  268  268  266  262  238  227  214  201
  189  179  170  161  154  158  163  170  184  200  220  241  246  257  268  279
  280  293  304  314  336  357  375  390  407  418  427  434  432  433  434  435
  429  434  438  440  442  450  456  456  441
    22.5-180.0 180.0   5.0 450.0                            LAT/LON1/LON2/DLON/H
  472  469  462  451  432  419  404  389  371  355  339  324  302  283  264  245
  231  224  219  215  237  243  251  258  272  271  267  261  229  218  206  193
  178  168  158  150  140  144  150  157  169  184  203  224  230  243  256  269
  273  290  305  320  344  368  388  405  419  433  444  453  451  455  458  461
  452  458  463  465  468  479  485  487  472
    20.0-180.0 180.0   5.0 450.0                            LAT/LON1/LON2/DLON/H
  497  498  494  486  474  462  447  430  400  382  363  342  317  300  283  266
  246  242  238  235  246  253  260  266  276  264  250  236  211  194  177  160
  144  138  131  125  124  122  123  125  142  159  180  203  217  233  249  265
  272  292  312  330  353  373  391  407  426  436  446  453  464  469  474  478
  475  481  487  492  498  508  516  520  497
    17.5-180.0 180.0   5.0 450.0                            LAT/LON1/LON2/DLON/H
  511  515  514  510  503  491  476  457  426  405  381  357  332  313  294  276
  262  256  251  248  260  264  268  272  272  256  240  223  195  177  159  142
  129  122  115  109  105  105  105  108  123  140  162  188  209  226  244  263
  279  301  322  341  369  387  403  418  432  441  450  458  469  475  480  485
  487  493  499  504  511  521  529  535  511
    15.0-180.0 180.0   5.0 450.0                            LAT/LON1/LON2/DLON/H
  511  518  521  520  517  507  492  474  444  420  394  366  343  323  304  286
  275  268  262  258  269  269  270  270  260  242  223  204  174  156  139  123
  112  105   98   92   90   89   90   94  106  124  147  173  200  220  241  263
  286  310  332  353  383  399  413  426  437  445  453  462  470  477  484  490
  495  501  507  511  518  526  533  538  511
    12.5-180.0 180.0   5.0 450.0                            LAT/LON1/LON2/DLON/H
  502  512  518  520  518  509  497  481  451  426  399  371  348  329  311  293
  285  277  271  266  273  270  267  264  242  223  202  182  153  136  119  105
   98   91   84   79   78   78   80   83   94  112  135  163  190  214  238  264
  291  317  342  364  395  409  421  434  441  448  456  464  469  477  485  491
  500  505  510  515  519  523  527  530  502
    10.0-180.0 180.0   5.0 450.0                            LAT/LON1/LON2/DLON/H
  515  520  523  521  511  505  495  483  445  422  396  368  344  332  318  304
  294  288  281  274  275  261  247  234  221  199  177  155  127  117  108  100
   93   88   84   82   76   74   73   75   76   98  125  157  188  217  246  274
  294  321  347  370  398  413  426  437  449  455  460  465  472  478  484  490
  502  507  512  518  529  529  529  529  515
     7.5-180.0 180.0   5.0 450.0                            LAT/LON1/LON2/DLON/H
  505  508  507  503  499  490  478  464  431  406  379  351  335  323  310  297
  295  289  282  275  269  254  238  222  200  178  157  137  117  107   99   93
   90   85   81   79   74   72   71   72   70   91  119  151  187  214  242  270
  294  321  346  369  401  418  432  445  462  469  474  479  487  492  496  499
  508  514  519  523  529  528  528  526  505
     5.0-180.0 180.0   5.0 450.0                            LAT/LON1/LON2/DLON/H
  503  502  498  491  487  476  462  445  411  386  359  332  321  310  299  288
  290  284  278  271  259  243  225  208  180  160  141  124  110  102   96   91
   91   86   83   80   73   71   71   71   65   86  114  145  182  208  235  263
  290  317  343  366  398  418  435  450  474  482  488  492  499  504  506  506
  511  518  523  527  529  528  527  524  503
     2.5-180.0 180.0   5.0 450.0                            LAT/LON1/LON2/DLON/H
  505  502  495  485  479  466  450  432  391  366  340  315  305  295  286  276
  281  275  269  262  243  226  208  191  162  145  130  116  108  102   98   95
   95   91   88   85   73   72   71   72   62   82  109  139  175  201  228  256
  284  312  338  362  394  417  437  455  481  490  497  502  504  508  509  508
  509  517  524  528  530  529  527  523  505
