o1pg1970-20230717.23i
     1.0            IONOSPHERE MAPS     GNSS                IONEX VERSION / TYPE
IONINX V4.3         AIUB                17-Jul-23 09:13     PGM / RUN BY / DATE 
406 1-DAY PREDICTED IONOSPHERE MAPS FOR DAY 197, 2023       COMMENT             
We use the deep learning algorithm, based on the global     DESCRIPTION         
ionospheric map provided by CODE and the final global       DESCRIPTION         
ionospheric map combined by IGS, and use our proposed       DESCRIPTION         
spatiotemporal network model to predict the global          DESCRIPTION         
ionospheric map of the next day.                            DESCRIPTION         
Contact address: wanghongyue@stu.cdut.edu.cn                DESCRIPTION         
  2023    07    16     0     0     0                        EPOCH OF FIRST MAP  
  2023    07    16    22     0     0                        EPOCH OF LAST MAP   
  7200                                                      INTERVAL            
    12                                                      # OF MAPS IN FILE   
  NONE                                                      MAPPING FUNCTION    
     0.0                                                    ELEVATION CUTOFF    
TEC prediction calculated as a spatiotemporal network model OBSERVABLES USED    
  6371.0                                                    BASE RADIUS         
     2                                                      MAP DIMENSION       
   450.0 450.0   0.0                                        HGT1 / HGT2 / DHGT  
    87.5 -87.5  -2.5                                        LAT1 / LAT2 / DLAT  
  -180.0 180.0   5.0                                        LON1 / LON2 / DLON  
    -1                                                      EXPONENT            
TEC values in 0.1 tec units;  9999, if no value available   COMMENT             
                                                            END OF HEADER       
[from data line 3432]
     9                                                      START OF TEC MAP    
  2023    07    16    16     0     0                        EPOCH OF CURRENT MAP
    87.5-180.0 180.0   5.0 450.0                            LAT/LON1/LON2/DLON/H
  175  175  176  176  172  172  173  175  175  176  176  177  176  176  177  177
  178  178  179  179  178  178  179  179  178  177  177  177  177  177  177  176
  179  179  178  177  179  179  178  177  179  179  179  178  178  179  179  179
  178  179  179  179  177  178  178  179  178  179  180  181  178  179  180  180
  176  178  179  179  176  178  180  181  175
    85.0-180.0 180.0   5.0 450.0                            LAT/LON1/LON2/DLON/H
  171  172  174  175  172  174  175  177  178  179  180  181  181  182  182  183
  183  184  184  184  183  183  183  183  181  181  180  179  178  177  176  175
  176  175  174  173  174  174  172  171  173  172  172  172  173  173  173  173
  173  174  174  174  174  174  175  176  177  178  179  179  177  177  178  178
  173  174  175  175  173  175  177  178  171
    82.5-180.0 180.0   5.0 450.0                            LAT/LON1/LON2/DLON/H
  166  168  170  173  171  173  176  178  179  180  182  183  184  185  185  186
  187  187  187  187  187  187  186  185  183  182  181  179  178  176  175  173
  174  173  171  169  170  169  168  166  168  167  167  167  167  168  168  168
  169  169  170  170  172  172  173  173  177  177  178  178  175  175  176  176
  169  170  170  170  167  169  171  172  166
    80.0-180.0 180.0   5.0 450.0                            LAT/LON1/LON2/DLON/H
  163  164  165  167  166  168  170  173  175  177  179  180  181  183  184  185
  186  186  186  186  188  187  186  185  185  184  182  181  182  181  179  178
  178  176  174  173  171  170  169  168  167  167  167  168  165  166  168  169
  167  169  170  171  170  172  173  174  175  175  175  175  173  172  171  169
  166  166  165  164  160  162  163  165  163
    77.5-180.0 180.0   5.0 450.0                            LAT/LON1/LON2/DLON/H
  159  160  161  163  163  165  168  170  172  175  176  177  179  181  182  183
  184  185  185  186  187  187  187  186  185  185  183  182  182  181  180  178
  178  177  176  175  173  172  170  169  168  168  168  168  166  167  168  170
  168  169  171  172  171  173  174  175  174  175  175  174  171  170  168  166
  161  161  159  158  155  156  157  159  159
    75.0-180.0 180.0   5.0 450.0                            LAT/LON1/LON2/DLON/H
  158  159  160  162  162  164  167  169  170  172  174  175  176  178  179  180
  182  183  184  185  187  187  187  187  187  186  185  184  185  184  183  181
  182  181  180  178  177  175  174  171  171  171  170  170  168  169  170  172
  171  172  173  174  174  174  175  176  174  174  173  173  168  167  165  163
  158  157  155  154  152  153  154  155  158
    72.5-180.0 180.0   5.0 450.0                            LAT/LON1/LON2/DLON/H
  157  159  160  162  162  165  167  169  168  170  171  172  174  175  175  176
  179  181  182  182  186  187  187  187  189  188  187  186  188  187  186  185
  186  186  184  183  182  180  178  175  176  175  174  173  172  172  173  174
  174  174  174  175  176  175  175  175  172  171  170  169  165  163  161  158
  156  154  152  151  152  153  153  153  157
    70.0-180.0 180.0   5.0 450.0                            LAT/LON1/LON2/DLON/H
  157  160  163  166  165  167  170  173  174  174  174  173  177  179  180  180
  184  187  189  191  192  194  195  196  196  196  194  192  189  189  189  188
  187  187  187  186  186  184  182  179  179  178  177  177  173  174  175  176
  174  175  176  176  171  172  171  171  167  166  164  161  160  158  155  152
  150  150  150  149  152  154  156  157  157
    67.5-180.0 180.0   5.0 450.0                            LAT/LON1/LON2/DLON/H
  159  162  165  169  169  171  174  177  178  179  179  179  181  182  183  183
  187  190  192  194  196  198  199  200  200  199  197  194  191  192  191  190
  190  191  190  189  190  188  185  183  183  182  182  181  178  179  180  180
  179  179  178  177  172  171  170  168  164  162  160  157  156  154  151  149
  148  148  148  148  151  154  156  157  159
    65.0-180.0 180.0   5.0 450.0                            LAT/LON1/LON2/DLON/H
  159  163  166  169  172  175  177  180  182  183  184  184  186  187  188  188
  191  193  196  198  200  201  202  203  203  201  199  196  194  194  194  192
  195  195  194  192  193  191  189  186  187  187  187  187  185  186  186  186
  184  183  181  179  173  171  169  166  162  159  156  153  152  149  147  145
  145  145  145  145  148  151  153  155  159
    62.5-180.0 180.0   5.0 450.0                            LAT/LON1/LON2/DLON/H
  159  162  165  169  174  176  179  181  184  186  188  188  193  193  193  192
  196  198  199  201  202  204  205  205  205  203  201  198  198  198  197  195
  199  199  197  196  196  194  191  189  191  191  191  191  192  192  191  191
  189  187  184  180  174  171  168  164  160  157  153  150  148  145  143  141
  141  141  142  142  146  149  151  153  159
    60.0-180.0 180.0   5.0 450.0                            LAT/LON1/LON2/DLON/H
  155  160  166  173  176  180  184  190  188  190  191  192  196  196  195  193
  200  201  202  202  203  205  206  207  206  205  203  202  200  200  200  201
  204  203  203  203  201  200  199  199  194  196  197  199  196  196  196  196
  192  190  187  184  177  174  170  166  160  156  153  148  144  141  138  135
  135  135  135  136  136  139  143  145  155
    57.5-180.0 180.0   5.0 450.0                            LAT/LON1/LON2/DLON/H
  149  155  161  168  174  178  183  189  190  192  193  195  199  200  200  198
  202  203  204  204  204  205  207  208  207  207  207  207  205  206  207  208
  210  209  208  207  205  204  204  205  201  203  205  207  204  205  204  203
  199  196  193  189  183  180  175  171  166  162  157  152  147  143  139  135
  130  129  129  129  125  129  133  137  149
    55.0-180.0 180.0   5.0 450.0                            LAT/LON1/LON2/DLON/H
  145  151  157  164  173  178  184  189  192  194  196  197  200  202  203  202
  204  205  205  205  204  206  207  208  208  210  212  213  212  214  215  216
  218  216  214  212  211  211  212  212  211  214  216  218  215  215  214  212
  208  206  202  198  193  189  185  179  175  170  165  160  154  149  143  137
  129  128  126  126  118  122  126  131  145
    52.5-180.0 180.0   5.0 450.0                            LAT/LON1/LON2/DLON/H
  143  149  155  162  173  178  184  190  193  196  198  200  201  204  205  205
  206  206  206  205  205  206  207  208  210  213  216  219  218  221  223  225
  226  223  220  217  219  219  220  221  221  224  226  227  226  226  224  221
  220  217  213  208  204  201  196  191  186  181  176  170  162  156  149  143
  132  130  128  127  116  119  123  127  143
    50.0-180.0 180.0   5.0 450.0                            LAT/LON1/LON2/DLON/H
  135  140  146  153  170  178  185  193  200  204  207  209  209  210  211  211
  212  211  210  207  209  209  210  210  215  220  224  227  228  231  233  234
  232  230  228  226  225  226  228  229  233  235  237  238  240  238  236  233
  230  227  223  219  214  211  206  200  192  188  182  176  171  164  156  149
  142  137  133  129  123  124  124  126  135
    47.5-180.0 180.0   5.0 450.0                            LAT/LON1/LON2/DLON/H
  139  144  151  159  174  184  193  203  211  213  216  218  219  219  218  217
  221  219  216  214  213  213  213  214  221  226  230  234  236  238  240  241
  238  238  237  236  236  238  240  241  244  247  248  248  247  246  244  241
  240  237  232  226  224  219  212  205  198  193  187  181  179  171  164  157
  151  146  141  137  129  129  129  130  139
    45.0-180.0 180.0   5.0 450.0                            LAT/LON1/LON2/DLON/H
  143  149  156  164  177  190  202  214  221  225  228  230  231  230  229  227
  232  229  226  223  221  221  222  223  230  234  238  242  244  247  248  249
  247  248  249  250  250  253  256  257  259  261  262  260  257  257  256  253
  250  245  240  233  230  223  216  207  200  195  189  184  183  177  171  166
  160  156  151  148  137  137  137  138  143
    42.5-180.0 180.0   5.0 450.0                            LAT/LON1/LON2/DLON/H
  147  153  161  169  179  194  208  222  231  236  241  244  244  243  241  239
  244  241  238  235  231  231  232  233  238  243  247  251  252  255  256  257
  257  260  263  265  267  272  275  276  274  276  276  274  270  270  270  268
  261  256  249  242  234  227  219  210  200  196  191  187  187  183  179  175
  171  167  164  160  148  147  147  147  147
    40.0-180.0 180.0   5.0 450.0                            LAT/LON1/LON2/DLON/H
  150  155  161  170  181  198  214  229  245  251  257  262  256  258  259  258
  259  257  254  251  244  245  246  247  249  254  260  265  271  275  279  285
  284  290  296  303  299  301  303  304  302  300  298  295  291  288  284  279
  269  261  251  240  235  227  219  210  202  201  201  201  195  193  191  190
  183  179  174  168  166  162  159  157  150
    37.5-180.0 180.0   5.0 450.0                            LAT/LON1/LON2/DLON/H
  152  156  161  168  180  197  214  232  253  262  270  276  274  276  275  273
  274  272  269  265  259  260  261  263  268  272  277  283  288  293  300  308
  312  321  330  339  337  338  337  333  330  327  323  317  313  308  302  293
  282  272  260  246  240  233  225  215  208  208  207  206  206  204  202  200
  198  193  187  180  174  169  166  162  152
    35.0-180.0 180.0   5.0 450.0                            LAT/LON1/LON2/DLON/H
  151  154  158  164  175  193  212  231  256  268  279  288  288  290  289  287
  287  285  282  278  275  276  278  279  287  291  297  303  309  317  327  337
  347  360  372  382  378  377  373  364  359  355  349  342  335  328  319  307
  292  279  265  249  241  234  226  217  212  212  212  210  213  212  211  208
  207  202  196  189  180  175  170  166  151
    32.5-180.0 180.0   5.0 450.0                            LAT/LON1/LON2/DLON/H
  149  152  156  161  171  189  209  229  255  271  284  296  298  301  301  300
  298  297  294  291  290  293  295  297  308  312  318  324  336  347  359  371
  387  403  417  428  419  417  410  399  390  385  378  368  356  347  335  321
  299  285  269  251  243  236  228  219  217  217  217  216  218  219  218  217
  215  209  203  196  188  181  176  171  149
    30.0-180.0 180.0   5.0 450.0                            LAT/LON1/LON2/DLON/H
  149  151  154  157  166  184  204  225  249  268  285  301  307  307  307  306
  303  306  307  307  304  312  320  326  330  337  346  355  373  390  408  427
  432  446  459  469  454  449  441  431  415  407  397  388  380  363  346  328
  303  284  265  247  239  231  226  221  220  220  221  224  224  224  224  224
  224  219  212  204  194  188  182  176  149
    27.5-180.0 180.0   5.0 450.0                            LAT/LON1/LON2/DLON/H
  150  152  153  155  162  180  200  220  249  268  286  301  310  313  314  314
  314  318  320  321  323  330  337  346  352  362  372  384  407  429  451  471
  482  494  503  508  489  480  469  455  439  429  417  405  393  374  352  330
  299  279  260  242  236  230  225  222  222  222  224  227  226  225  225  224
  225  219  213  206  196  190  184  179  150
    25.0-180.0 180.0   5.0 450.0                            LAT/LON1/LON2/DLON/H
  151  153  154  155  161  178  198  218  248  267  286  301  313  318  322  324
  327  332  335  337  343  350  357  366  376  388  400  414  438  464  489  511
  521  529  533  532  512  500  485  468  454  442  429  416  399  376  352  327
  290  271  253  235  230  225  221  218  219  220  222  225  223  223  222  221
  220  215  209  203  194  189  184  178  151
    22.5-180.0 180.0   5.0 450.0                            LAT/LON1/LON2/DLON/H
  149  151  152  154  161  178  197  217  248  268  286  302  316  324  330  334
  343  348  353  355  364  371  379  388  398  412  427  441  465  493  519  541
  547  549  548  542  524  508  491  472  460  447  433  419  394  369  343  316
  278  259  242  226  223  218  215  213  216  217  219  222  219  219  218  217
  213  209  204  199  193  188  183  179  149
    20.0-180.0 180.0   5.0 450.0                            LAT/LON1/LON2/DLON/H
  155  158  160  164  161  179  198  218  247  265  283  300  314  325  335  346
  351  361  369  376  384  392  401  408  422  439  456  474  499  522  544  564
  565  564  560  554  533  517  501  485  474  458  440  423  392  362  333  305
  270  251  234  220  214  208  204  202  206  207  208  210  214  214  213  211
  200  198  196  193  188  185  182  179  155
    17.5-180.0 180.0   5.0 450.0                            LAT/LON1/LON2/DLON/H
  150  153  156  159  159  178  198  218  243  262  281  299  312  327  340  351
  364  377  387  396  402  410  418  428  443  459  475  490  518  536  553  567
  564  560  554  546  521  507  494  481  475  457  440  423  391  359  329  301
  271  251  234  219  214  207  202  200  204  204  205  207  207  206  204  202
  190  188  185  182  181  177  174  171  150
    15.0-180.0 180.0   5.0 450.0                            LAT/LON1/LON2/DLON/H
  138  141  144  148  152  171  192  214  238  258  277  295  309  327  344  357
  374  388  401  411  417  425  433  443  461  476  490  502  529  542  552  561
  553  547  540  532  510  501  491  483  477  460  443  427  392  359  329  301
  277  257  239  224  219  212  206  203  206  205  204  205  201  199  195  190
  180  177  173  170  172  166  162  157  138
    12.5-180.0 180.0   5.0 450.0                            LAT/LON1/LON2/DLON/H
  126  128  131  135  140  160  182  204  232  252  272  290  308  329  347  363
  383  399  413  425  432  440  449  459  477  490  502  512  536  542  547  550
  539  532  524  516  505  499  494  490  481  466  450  435  394  362  332  305
  286  266  249  233  230  221  214  209  212  209  207  206  198  193  187  181
  173  168  163  158  164  157  150  145  126
    10.0-180.0 180.0   5.0 450.0                            LAT/LON1/LON2/DLON/H
  108  108  110  114  117  138  164  195  223  244  266  288  303  324  344  363
  383  400  414  426  437  449  461  472  488  499  508  516  532  536  537  536
  538  531  523  514  503  505  505  502  485  475  460  444  403  378  351  325
  307  291  274  259  250  243  238  235  230  223  217  211  200  191  182  173
  165  157  151  147  148  138  131  127  108
     7.5-180.0 180.0   5.0 450.0                            LAT/LON1/LON2/DLON/H
   96   95   96   99  100  121  149  180  216  239  263  287  302  324  345  364
  388  405  419  430  445  456  468  479  501  510  518  524  534  535  535  534
  530  525  519  513  513  515  514  511  500  487  470  451  415  390  363  336
  320  303  286  270  260  252  247  243  240  231  222  214  202  191  180  169
  159  151  145  139  138  130  124  120   96
     5.0-180.0 180.0   5.0 450.0                            LAT/LON1/LON2/DLON/H
   86   84   84   86   86  107  134  167  209  234  260  285  302  326  347  367
  389  405  419  430  448  460  471  483  510  518  525  530  535  535  534  534
  526  524  521  519  520  521  520  517  505  490  471  449  418  392  366  340
  325  309  292  276  264  257  252  247  246  235  224  214  203  191  178  165
  155  147  140  134  130  124  119  114   86
     2.5-180.0 180.0   5.0 450.0                            LAT/LON1/LON2/DLON/H
   82   79   78   79   79   99  126  157  205  231  259  285  306  330  352  372
  390  406  419  430  450  462  474  486  514  523  529  534  538  539  538  538
  527  528  529  530  524  524  523  519  501  483  462  439  409  384  360  335
  321  306  290  274  263  256  251  246  245  233  221  209  202  188  175  161
  153  145  137  130  128  122  117  113   82
