o1pg1960-20230716.23i
     1.0            IONOSPHERE MAPS     GNSS                IONEX VERSION / TYPE
IONINX V4.3         AIUB                16-Jul-23 :11:4     PGM / RUN BY / DATE 
406 1-DAY PREDICTED IONOSPHERE MAPS FOR DAY 196, 2023       COMMENT             
We use the deep learning algorithm, based on the global     DESCRIPTION         
ionospheric map provided by CODE and the final global       DESCRIPTION         
ionospheric map combined by IGS, and use our proposed       DESCRIPTION         
spatiotemporal network model to predict the global          DESCRIPTION         
ionospheric map of the next day.                            DESCRIPTION         
Contact address: wanghongyue@stu.cdut.edu.cn                DESCRIPTION         
  2023    07    15     0     0     0                        EPOCH OF FIRST MAP  
  2023    07    15    22     0     0                        EPOCH OF LAST MAP   
  7200                                                      INTERVAL            
    12                                                      # OF MAPS IN FILE   
  NONE                                                      MAPPING FUNCTION    
     0.0                                                    ELEVATION CUTOFF    
TEC prediction calculated as a spatiotemporal network model OBSERVABLES USED    
  6371.0                                                    BASE RADIUS         
     2                                                      MAP DIMENSION       
   450.0 450.0   0.0                                        HGT1 / HGT2 / DHGT  
    87.5 -87.5  -2.5                                        LAT1 / LAT2 / DLAT  
  -180.0 180.0   5.0                                        LON1 / LON2 / DLON  
    -1                                                      EXPONENT            
TEC values in 0.1 tec units;  9999, if no value available   COMMENT             
                                                            END OF HEADER       
[from data line 2145]
     6                                                      START OF TEC MAP    
  2023    07    15    10     0     0                        EPOCH OF CURRENT MAP
    87.5-180.0 180.0   5.0 450.0                            LAT/LON1/LON2/DLON/H
  162  163  163  163  162  163  164  165  168  169  169  170  175  175  175  175
  177  177  178  178  179  180  180  180  179  179  179  179  177  177  177  177
  176  176  176  176  176  176  175  175  176  176  176  175  176  176  176  176
  176  176  176  176  174  174  174  174  172  172  173  173  172  173  173  174
  171  172  172  172  171  172  172  172  162
    85.0-180.0 180.0   5.0 450.0                            LAT/LON1/LON2/DLON/H
  159  160  160  161  160  162  164  165  168  169  170  171  176  176  176  176
  177  178  178  178  180  180  180  180  180  180  180  179  178  178  178  177
  177  177  177  176  177  176  176  175  175  175  175  174  174  174  174  174
  174  173  173  173  171  170  170  169  168  168  168  168  168  169  169  169
  167  168  168  167  168  168  169  169  159
    82.5-180.0 180.0   5.0 450.0                            LAT/LON1/LON2/DLON/H
  154  155  156  157  157  159  161  164  166  168  169  170  174  174  174  174
  176  176  176  176  178  178  178  178  179  179  178  178  178  177  177  176
  178  178  177  177  178  177  177  177  177  176  176  176  174  174  174  174
  173  173  172  172  170  169  168  168  167  166  165  165  167  167  166  166
  164  164  164  163  164  164  164  163  154
    80.0-180.0 180.0   5.0 450.0                            LAT/LON1/LON2/DLON/H
  154  153  153  152  153  155  157  159  163  164  165  166  167  168  168  167
  167  168  168  169  170  170  171  172  173  173  173  173  178  178  178  179
  183  183  183  184  187  186  186  186  182  182  182  182  178  179  180  181
  179  180  181  181  178  178  177  176  175  173  172  171  170  170  169  168
  166  164  162  160  160  159  158  158  154
    77.5-180.0 180.0   5.0 450.0                            LAT/LON1/LON2/DLON/H
  153  151  150  149  149  151  152  153  157  158  158  158  160  160  159  158
  158  159  159  160  160  161  162  163  164  165  166  166  171  173  174  175
  181  183  185  186  190  191  191  191  188  189  189  189  186  187  188  189
  188  189  190  190  189  188  188  187  186  185  184  183  180  179  178  177
  171  169  166  164  159  158  156  155  153
    75.0-180.0 180.0   5.0 450.0                            LAT/LON1/LON2/DLON/H
  154  152  151  149  147  148  149  149  151  151  151  150  151  151  150  149
  149  150  151  151  151  152  154  155  156  158  159  160  166  169  172  174
  181  185  188  190  196  197  198  198  198  199  199  198  197  199  200  201
  201  201  202  202  202  202  201  200  200  199  198  196  194  192  190  188
  182  178  174  170  163  160  158  156  154
    72.5-180.0 180.0   5.0 450.0                            LAT/LON1/LON2/DLON/H
  157  155  152  149  146  146  145  145  145  144  143  142  143  142  140  139
  140  140  141  142  142  144  145  146  149  151  153  155  162  166  169  173
  182  187  191  195  203  204  205  205  208  209  208  208  210  211  212  212
  214  214  214  214  214  214  213  212  213  212  210  208  206  205  202  198
  193  189  185  180  171  168  164  161  157
    70.0-180.0 180.0   5.0 450.0                            LAT/LON1/LON2/DLON/H
  166  161  156  150  143  143  142  142  139  137  136  135  137  136  136  136
  136  137  139  140  138  139  141  143  146  148  150  153  161  167  172  178
  185  191  197  202  206  209  211  213  214  217  218  219  219  222  223  223
  223  224  224  224  221  222  221  220  217  218  217  217  215  214  212  210
  204  199  194  188  181  178  172  166  166
    67.5-180.0 180.0   5.0 450.0                            LAT/LON1/LON2/DLON/H
  171  166  160  153  144  142  141  139  136  134  132  131  133  133  132  132
  133  134  136  138  136  138  141  143  146  149  152  154  163  169  175  181
  189  196  202  207  211  215  217  218  221  224  225  226  229  231  231  231
  231  230  229  226  224  224  222  220  220  221  221  220  222  222  221  219
  215  211  205  199  192  188  182  175  171
    65.0-180.0 180.0   5.0 450.0                            LAT/LON1/LON2/DLON/H
  174  168  161  154  144  141  138  136  133  131  129  127  131  130  130  129
  131  132  134  136  135  138  140  143  146  150  154  157  166  173  180  185
  193  200  207  211  215  219  222  223  227  230  232  232  238  239  239  238
  237  235  232  228  224  223  221  218  219  221  222  222  225  226  226  225
  223  219  214  208  201  196  190  183  174
    62.5-180.0 180.0   5.0 450.0                            LAT/LON1/LON2/DLON/H
  175  168  161  154  142  139  135  131  129  127  125  124  129  128  127  127
  129  130  132  134  133  136  140  143  148  152  156  159  170  177  184  190
  196  204  210  215  217  221  224  226  232  235  237  238  244  245  244  243
  240  237  233  228  222  221  218  215  216  219  221  222  225  227  228  229
  228  225  220  215  209  204  198  192  175
    60.0-180.0 180.0   5.0 450.0                            LAT/LON1/LON2/DLON/H
  178  169  159  148  135  129  123  119  115  114  115  116  117  117  118  120
  121  123  125  129  127  132  137  142  147  151  156  162  174  180  186  193
  203  209  215  220  223  227  232  236  239  243  246  248  252  251  248  245
  242  236  230  222  220  218  215  212  216  218  218  219  232  233  233  233
  240  237  234  229  228  222  214  205  178
    57.5-180.0 180.0   5.0 450.0                            LAT/LON1/LON2/DLON/H
  183  174  164  153  137  129  122  116  111  109  108  109  111  111  112  113
  117  117  119  122  124  128  134  140  147  153  159  165  178  185  192  198
  207  213  218  223  226  231  236  241  243  248  251  254  256  256  254  250
  245  240  233  226  224  222  219  216  222  224  225  226  239  240  241  241
  251  248  243  239  239  233  225  216  183
    55.0-180.0 180.0   5.0 450.0                            LAT/LON1/LON2/DLON/H
  191  182  172  161  143  134  125  116  109  106  104  103  105  105  105  105
  110  110  111  114  119  123  129  136  147  154  162  169  182  191  198  204
  212  218  223  228  232  238  243  248  251  256  260  263  265  264  262  258
  252  248  242  235  232  231  229  227  233  235  236  237  249  250  251  250
  262  259  255  250  252  246  238  229  191
    52.5-180.0 180.0   5.0 450.0                            LAT/LON1/LON2/DLON/H
  199  190  181  170  151  140  130  120  108  104  102  100  100   98   97   97
  103  102  103  105  114  119  125  132  147  156  165  173  187  196  203  210
  218  224  229  233  240  246  251  257  260  265  268  271  275  274  271  267
  263  259  254  247  245  244  243  242  245  248  250  251  260  261  262  261
  273  270  266  261  266  260  253  244  199
    50.0-180.0 180.0   5.0 450.0                            LAT/LON1/LON2/DLON/H
  209  202  194  185  168  157  145  134  117  111  106  102   98   96   94   94
  101  100  101  104  114  121  131  142  155  164  175  185  196  204  211  217
  228  235  240  246  252  260  268  275  281  284  288  291  293  292  290  288
  284  280  275  270  266  265  263  261  263  266  266  266  272  274  275  274
  285  283  280  277  276  269  261  254  209
    47.5-180.0 180.0   5.0 450.0                            LAT/LON1/LON2/DLON/H
  218  212  204  197  181  170  158  147  128  121  114  109  101   97   95   93
  101  100  102  105  117  125  135  146  163  173  183  193  204  211  218  224
  236  243  250  256  265  273  281  288  294  299  302  304  306  306  304  301
  299  295  289  282  281  279  276  271  274  275  276  275  283  285  285  285
  297  295  292  288  282  275  268  261  218
    45.0-180.0 180.0   5.0 450.0                            LAT/LON1/LON2/DLON/H
  221  216  210  204  193  183  172  161  142  134  126  119  107  102   98   95
  104  104  105  108  124  132  142  154  173  183  193  202  212  219  225  231
  243  252  260  267  277  287  296  303  308  314  319  321  321  323  322  319
  317  312  305  297  293  290  285  279  278  279  279  279  286  288  289  290
  301  299  296  292  284  277  271  264  221
    42.5-180.0 180.0   5.0 450.0                            LAT/LON1/LON2/DLON/H
  218  214  210  205  199  191  182  172  155  146  137  129  114  109  104   99
  110  110  112  115  133  142  152  164  183  193  202  211  218  225  232  237
  249  260  269  278  288  300  310  319  321  330  335  338  339  342  342  340
  336  331  324  315  303  300  295  288  281  282  283  283  290  293  295  296
  306  304  301  297  285  279  273  266  218
    40.0-180.0 180.0   5.0 450.0                            LAT/LON1/LON2/DLON/H
  203  202  201  200  191  188  185  181  171  162  153  144  129  124  118  112
  118  121  125  129  135  148  162  177  192  203  214  224  228  232  235  238
  258  266  274  283  306  316  326  337  351  356  361  366  363  363  362  362
  365  355  344  334  327  316  306  297  286  286  286  287  290  296  302  307
  305  303  300  297  287  270  254  241  203
    37.5-180.0 180.0   5.0 450.0                            LAT/LON1/LON2/DLON/H
  200  196  192  190  185  183  181  178  175  169  162  156  141  135  129  122
  124  126  129  133  141  154  167  182  200  210  220  230  233  238  242  245
  263  274  285  295  318  331  343  354  370  377  384  390  387  389  390  390
  390  382  371  360  346  336  326  316  302  300  298  296  304  308  311  313
  315  311  307  301  285  268  251  237  200
    35.0-180.0 180.0   5.0 450.0                            LAT/LON1/LON2/DLON/H
  199  193  187  183  179  178  177  176  178  174  170  167  154  147  140  132
  130  131  134  137  146  158  170  184  205  215  225  234  236  242  248  253
  267  281  295  307  329  344  358  370  387  397  406  413  410  414  417  417
  418  411  403  392  374  366  356  345  329  326  322  317  323  325  325  324
  324  319  313  306  283  266  249  234  199
    32.5-180.0 180.0   5.0 450.0                            LAT/LON1/LON2/DLON/H
  200  192  186  180  175  174  173  174  178  176  175  174  164  157  149  141
  135  136  137  139  149  160  171  183  206  216  225  234  237  245  253  259
  270  287  304  319  341  358  373  386  405  417  427  435  433  439  442  444
  447  443  436  426  411  405  396  385  366  362  357  350  349  350  348  345
  338  332  325  316  288  271  254  239  200
    30.0-180.0 180.0   5.0 450.0                            LAT/LON1/LON2/DLON/H
  218  207  196  186  174  171  169  169  172  171  170  170  166  158  150  142
  134  133  132  132  142  151  162  174  202  212  222  234  248  251  254  259
  278  293  307  322  349  366  384  401  417  429  440  452  454  460  467  476
  476  472  470  469  452  444  436  430  420  408  395  384  390  380  371  363
  353  339  326  313  295  279  264  250  218
    27.5-180.0 180.0   5.0 450.0                            LAT/LON1/LON2/DLON/H
  233  221  208  197  182  177  173  171  177  174  173  172  171  162  154  145
  137  135  133  131  141  150  160  173  202  213  224  236  246  252  258  264
  285  300  316  331  360  377  394  411  427  438  451  463  466  475  485  496
  502  505  508  511  499  496  491  484  472  459  445  431  430  415  400  386
  368  351  335  320  303  286  270  256  233
    25.0-180.0 180.0   5.0 450.0                            LAT/LON1/LON2/DLON/H
  252  240  228  215  199  192  187  183  185  181  179  177  177  168  158  150
  144  140  136  133  143  151  161  173  199  211  224  238  243  253  262  271
  292  308  324  339  368  385  402  418  432  443  455  468  474  486  500  513
  524  533  541  547  541  542  540  533  521  508  492  476  469  450  429  410
  380  361  343  327  309  292  276  263  252
    22.5-180.0 180.0   5.0 450.0                            LAT/LON1/LON2/DLON/H
  269  259  248  236  220  212  206  200  195  190  187  185  183  173  163  155
  152  146  141  136  146  152  162  173  193  206  221  236  240  253  266  278
  299  316  333  348  377  393  409  424  437  447  459  471  479  493  508  523
  538  552  564  573  573  577  576  571  562  549  533  514  503  480  456  432
  392  373  354  337  319  303  289  276  269
    20.0-180.0 180.0   5.0 450.0                            LAT/LON1/LON2/DLON/H
  289  279  267  253  248  240  230  221  211  203  195  188  184  176  167  158
  151  148  145  142  147  149  154  160  190  199  211  224  229  245  261  277
  303  325  347  368  397  412  427  441  446  459  471  483  487  503  520  534
  550  568  584  596  599  603  605  605  592  582  569  555  543  514  483  451
  417  391  366  343  330  317  307  298  289
    17.5-180.0 180.0   5.0 450.0                            LAT/LON1/LON2/DLON/H
  299  290  279  266  265  257  248  237  221  211  202  193  188  178  169  160
  157  152  147  143  147  149  153  159  186  196  208  223  235  251  268  285
  316  339  361  382  407  421  436  451  453  464  476  489  496  511  525  538
  554  571  584  595  598  604  606  604  593  586  577  564  554  525  493  460
  420  393  367  344  336  322  311  302  299
    15.0-180.0 180.0   5.0 450.0                            LAT/LON1/LON2/DLON/H
  299  291  282  271  271  264  255  245  226  215  204  194  190  180  170  161
  160  154  148  143  144  146  150  156  178  190  204  220  239  257  275  293
  328  351  373  394  420  435  449  464  466  476  487  499  508  520  531  542
  555  568  578  586  588  593  594  592  584  580  573  562  554  525  493  460
  417  389  364  341  339  325  312  302  299
    12.5-180.0 180.0   5.0 450.0                            LAT/LON1/LON2/DLON/H
  290  284  276  267  266  260  253  244  224  213  202  191  191  180  171  161
  163  156  149  143  141  142  146  152  171  184  200  217  242  260  280  298
  339  362  385  406  435  449  464  478  483  492  503  513  520  529  538  547
  553  562  569  573  576  578  578  575  572  568  563  555  544  516  485  454
  409  382  357  335  342  327  313  302  290
    10.0-180.0 180.0   5.0 450.0                            LAT/LON1/LON2/DLON/H
  283  277  272  267  251  246  241  237  217  209  201  193  182  176  170  163
  156  148  141  133  130  128  128  130  149  171  196  223  242  269  295  321
  360  383  404  422  450  470  486  498  500  513  525  533  531  541  549  555
  553  557  559  559  553  556  558  559  547  547  544  538  527  499  467  433
  401  382  364  348  337  325  316  310  283
     7.5-180.0 180.0   5.0 450.0                            LAT/LON1/LON2/DLON/H
  276  267  260  253  239  232  227  222  209  201  193  185  178  172  165  158
  153  145  137  128  121  119  118  121  143  166  192  221  251  277  303  329
  367  389  408  425  456  474  489  502  510  521  530  538  537  545  551  556
  553  557  558  559  550  552  553  553  546  544  538  530  517  487  454  418
  393  375  358  343  334  326  320  315  276
     5.0-180.0 180.0   5.0 450.0                            LAT/LON1/LON2/DLON/H
  275  264  254  245  229  221  214  209  197  189  182  175  172  165  159  152
  147  139  130  121  111  109  109  111  139  163  191  221  259  286  311  337
  371  391  409  425  454  470  485  498  508  518  526  532  534  540  546  550
  553  556  558  558  553  555  555  554  547  542  534  524  501  471  437  402
  382  367  353  340  330  325  322  318  275
     2.5-180.0 180.0   5.0 450.0                            LAT/LON1/LON2/DLON/H
  283  270  258  248  226  217  208  201  188  181  174  167  165  158  152  145
  142  133  123  114  103  100  101  103  137  162  191  222  266  293  319  345
  370  390  407  424  442  458  472  486  495  504  511  516  521  527  532  536
  552  555  556  557  562  563  563  561  548  541  531  520  480  450  418  386
  367  356  345  335  328  326  324  322  283
