o1pg2070-20230727.23i
     1.0            IONOSPHERE MAPS     GNSS                IONEX VERSION / TYPE
IONINX V4.3         AIUB                01-Aug-23 09:18     PGM / RUN BY / DATE 
406 1-DAY PREDICTED IONOSPHERE MAPS FOR DAY 207, 2023       COMMENT             
We use the deep learning algorithm, based on the global     DESCRIPTION         
ionospheric map provided by CODE and the final global       DESCRIPTION         
ionospheric map combined by IGS, and use our proposed       DESCRIPTION         
spatiotemporal network model to predict the global          DESCRIPTION         
ionospheric map of the next day.                            DESCRIPTION         
Contact address: wanghongyue@stu.cdut.edu.cn                DESCRIPTION         
  2023    07    26     0     0     0                        EPOCH OF FIRST MAP  
  2023    07    26    22     0     0                        EPOCH OF LAST MAP   
  7200                                                      INTERVAL            
    12                                                      # OF MAPS IN FILE   
  NONE                                                      MAPPING FUNCTION    
     0.0                                                    ELEVATION CUTOFF    
TEC prediction calculated as a spatiotemporal network model OBSERVABLES USED    
  6371.0                                                    BASE RADIUS         
     2                                                      MAP DIMENSION       
   450.0 450.0   0.0                                        HGT1 / HGT2 / DHGT  
    87.5 -87.5  -2.5                                        LAT1 / LAT2 / DLAT  
  -180.0 180.0   5.0                                        LON1 / LON2 / DLON  
    -1                                                      EXPONENT            
TEC values in 0.1 tec units;  9999, if no value available   COMMENT             
                                                            END OF HEADER       
[from data line 3003]
     8                                                      START OF TEC MAP    
  2023    07    26    14     0     0                        EPOCH OF CURRENT MAP
    87.5-180.0 180.0   5.0 450.0                            LAT/LON1/LON2/DLON/H
  182  182  183  184  181  183  184  186  190  191  191  192  192  192  192  192
  192  192  192  193  193  193  193  193  192  192  192  191  191  190  190  189
  190  190  189  188  189  189  188  186  189  189  188  187  188  188  188  188
  188  188  188  188  185  185  185  185  182  183  184  184  183  184  184  184
  184  184  184  183  182  183  184  185  182
    85.0-180.0 180.0   5.0 450.0                            LAT/LON1/LON2/DLON/H
  177  179  180  182  181  183  185  188  192  193  194  194  195  196  196  196
  196  196  197  197  198  198  197  197  197  196  196  194  194  193  191  190
  190  189  187  186  187  185  184  183  184  183  182  182  183  182  182  182
  183  183  183  182  181  181  181  180  180  180  180  180  181  181  180  180
  180  180  180  179  179  180  181  181  177
    82.5-180.0 180.0   5.0 450.0                            LAT/LON1/LON2/DLON/H
  171  173  176  178  178  181  184  187  190  192  193  195  196  197  197  197
  198  198  198  198  200  200  199  199  200  199  198  196  195  194  192  190
  191  189  187  185  185  183  182  180  181  180  179  179  179  178  178  178
  180  180  179  179  179  179  178  178  179  179  179  178  179  179  178  177
  176  176  175  174  174  175  175  176  171
    80.0-180.0 180.0   5.0 450.0                            LAT/LON1/LON2/DLON/H
  172  171  171  172  175  178  181  184  187  189  191  192  191  192  193  194
  193  194  195  196  196  196  196  196  197  196  195  195  199  197  195  194
  196  194  192  190  188  187  186  185  181  182  182  183  180  182  184  186
  183  185  186  187  185  185  185  185  185  184  183  182  181  180  178  176
  172  170  168  166  167  166  166  165  172
    77.5-180.0 180.0   5.0 450.0                            LAT/LON1/LON2/DLON/H
  168  168  168  168  171  174  177  179  181  183  185  185  186  187  188  189
  187  189  191  193  191  192  193  194  194  194  194  194  198  197  196  195
  197  196  195  193  191  190  189  187  184  185  185  186  184  187  189  191
  189  191  193  194  193  193  193  193  193  192  191  189  186  184  182  179
  172  170  167  164  162  160  159  158  168
    75.0-180.0 180.0   5.0 450.0                            LAT/LON1/LON2/DLON/H
  168  168  168  168  169  172  174  176  176  178  179  180  181  182  183  184
  183  185  188  189  188  190  192  192  193  194  195  195  199  199  199  198
  200  200  200  199  197  196  195  193  191  191  191  191  192  194  196  198
  198  200  201  202  202  203  203  202  202  201  199  196  193  190  187  183
  175  172  168  164  160  157  155  153  168
    72.5-180.0 180.0   5.0 450.0                            LAT/LON1/LON2/DLON/H
  169  168  168  168  169  171  172  174  172  173  174  174  175  177  177  178
  179  181  183  185  185  187  189  190  192  194  194  195  201  202  202  202
  205  206  206  205  204  203  202  200  199  199  199  198  201  202  204  205
  207  208  209  210  211  211  210  209  209  207  205  202  198  195  190  186
  179  175  171  166  161  158  155  152  169
    70.0-180.0 180.0   5.0 450.0                            LAT/LON1/LON2/DLON/H
  167  168  167  166  166  169  172  176  173  174  175  176  175  177  179  180
  181  184  187  189  188  191  194  196  199  201  203  204  206  208  210  211
  209  210  211  212  209  208  206  205  205  206  206  205  205  208  210  211
  209  212  214  216  211  213  214  214  208  207  205  203  197  194  190  185
  178  174  169  163  160  158  155  151  167
    67.5-180.0 180.0   5.0 450.0                            LAT/LON1/LON2/DLON/H
  168  168  167  166  165  168  171  174  173  174  176  178  178  180  182  183
  183  187  190  192  191  195  198  200  202  204  206  207  208  211  213  214
  213  215  216  216  215  214  212  209  210  211  210  209  211  213  214  215
  214  216  217  217  213  214  214  214  211  209  207  204  201  197  193  187
  181  177  171  165  162  159  156  152  168
    65.0-180.0 180.0   5.0 450.0                            LAT/LON1/LON2/DLON/H
  165  165  164  162  163  165  168  171  172  174  177  179  182  184  186  188
  187  191  194  197  195  198  201  204  205  207  209  210  211  215  217  218
  218  220  220  220  219  218  216  213  216  216  215  214  216  218  218  218
  218  219  218  217  214  214  214  213  212  210  208  205  201  197  193  187
  182  177  171  165  162  158  155  151  165
    62.5-180.0 180.0   5.0 450.0                            LAT/LON1/LON2/DLON/H
  161  160  158  157  159  161  163  166  170  173  176  179  186  188  190  192
  192  195  198  200  198  201  204  206  208  210  211  212  215  218  220  221
  221  223  223  223  222  221  219  217  219  219  219  217  220  220  220  219
  219  219  218  216  213  213  213  211  211  210  208  205  199  196  191  186
  181  175  170  164  162  158  154  151  161
    60.0-180.0 180.0   5.0 450.0                            LAT/LON1/LON2/DLON/H
  150  149  147  146  144  146  150  155  161  167  174  183  186  188  191  194
  193  194  194  195  195  199  202  205  208  210  213  215  217  219  221  224
  226  227  228  229  228  227  226  225  230  229  227  225  228  227  225  222
  224  223  221  218  219  219  219  217  216  215  212  208  205  200  194  188
  181  175  170  164  158  154  149  144  150
    57.5-180.0 180.0   5.0 450.0                            LAT/LON1/LON2/DLON/H
  146  144  142  140  137  137  140  144  152  159  166  175  183  187  191  195
  195  196  196  197  196  199  203  206  208  212  216  219  221  224  228  231
  231  232  232  233  232  232  232  232  235  234  233  231  232  232  230  228
  226  226  226  224  225  226  225  224  226  224  220  217  214  207  200  191
  182  176  169  162  154  149  145  140  146
    55.0-180.0 180.0   5.0 450.0                            LAT/LON1/LON2/DLON/H
  144  141  139  136  132  132  133  136  144  150  158  167  178  184  189  194
  195  197  198  198  196  199  203  206  209  214  219  223  226  231  235  239
  238  239  239  239  240  240  240  241  243  243  242  241  239  239  238  235
  232  234  234  232  235  236  237  236  238  236  233  228  225  217  208  198
  186  179  171  164  153  148  143  138  144
    52.5-180.0 180.0   5.0 450.0                            LAT/LON1/LON2/DLON/H
  146  142  138  135  130  129  129  131  138  144  151  160  172  179  185  191
  195  196  198  199  196  199  203  206  210  217  223  229  232  238  242  246
  246  247  247  246  248  249  250  251  251  251  251  249  247  247  246  243
  242  243  244  243  247  249  251  250  251  249  246  242  235  226  216  205
  192  185  177  169  156  151  146  141  146
    50.0-180.0 180.0   5.0 450.0                            LAT/LON1/LON2/DLON/H
  154  149  145  140  132  130  129  130  138  144  151  160  173  181  189  197
  194  197  199  202  202  205  207  209  217  224  230  237  240  246  252  257
  258  259  259  260  266  265  263  262  265  263  260  257  258  257  257  256
  258  260  262  263  262  265  267  267  265  264  260  255  246  238  229  219
  210  201  190  179  165  160  156  151  154
    47.5-180.0 180.0   5.0 450.0                            LAT/LON1/LON2/DLON/H
  164  159  154  150  141  139  137  136  142  147  153  162  175  182  190  199
  202  205  207  210  210  212  214  216  224  231  237  243  247  254  259  264
  265  268  270  272  277  277  277  275  276  275  272  268  265  266  266  265
  267  269  270  269  269  270  270  268  268  265  261  255  250  242  233  224
  218  207  196  185  173  168  163  159  164
    45.0-180.0 180.0   5.0 450.0                            LAT/LON1/LON2/DLON/H
  171  167  163  159  151  148  146  144  147  152  158  166  179  186  194  203
  211  214  218  221  220  222  225  227  233  239  245  251  254  261  267  272
  274  279  283  287  290  293  294  293  289  289  287  282  276  278  279  277
  277  278  278  276  272  272  270  266  264  261  256  251  249  242  234  225
  223  213  202  191  180  175  171  166  171
    42.5-180.0 180.0   5.0 450.0                            LAT/LON1/LON2/DLON/H
  176  172  169  166  158  155  153  151  154  158  164  172  184  191  200  209
  221  225  229  233  230  233  236  239  241  247  253  258  260  266  272  277
  282  290  297  303  305  310  312  313  304  304  302  297  290  292  293  292
  288  288  287  284  274  272  269  264  257  255  251  246  246  240  234  227
  227  218  208  199  188  183  179  174  176
    40.0-180.0 180.0   5.0 450.0                            LAT/LON1/LON2/DLON/H
  175  173  171  170  160  159  158  158  158  164  171  179  185  198  210  221
  232  237  242  245  244  246  248  250  254  258  263  266  275  281  287  294
  304  311  319  330  339  339  339  340  334  329  325  321  311  308  306  304
  304  298  293  288  278  271  263  255  252  247  243  238  245  241  238  235
  231  224  217  209  209  202  195  189  175
    37.5-180.0 180.0   5.0 450.0                            LAT/LON1/LON2/DLON/H
  178  174  170  167  158  158  158  159  160  168  178  188  198  210  221  232
  244  249  253  257  257  260  262  263  267  271  275  279  287  294  302  312
  324  337  350  363  374  376  376  375  368  364  358  352  339  335  331  327
  323  316  309  302  288  280  272  263  257  251  246  240  250  245  241  237
  237  229  222  214  211  204  198  191  178
    35.0-180.0 180.0   5.0 450.0                            LAT/LON1/LON2/DLON/H
  181  174  169  164  153  154  155  157  158  169  181  194  208  220  231  242
  252  258  262  266  267  270  272  273  279  283  287  291  300  310  321  334
  350  368  386  403  412  416  417  415  406  401  395  387  371  366  359  352
  346  339  330  321  303  295  286  276  267  262  255  248  259  254  249  244
  244  236  228  219  215  208  200  192  181
    32.5-180.0 180.0   5.0 450.0                            LAT/LON1/LON2/DLON/H
  183  175  169  163  149  150  152  155  155  167  182  197  215  227  239  249
  257  264  269  273  274  278  280  281  290  294  299  304  316  329  343  357
  379  402  424  443  451  456  457  455  443  439  432  424  402  396  388  379
  372  365  355  344  327  319  309  298  286  280  273  265  272  269  264  259
  254  245  237  228  224  215  206  198  183
    30.0-180.0 180.0   5.0 450.0                            LAT/LON1/LON2/DLON/H
  193  185  175  165  148  148  149  151  151  165  181  199  216  228  241  253
  262  267  272  276  272  279  285  289  296  304  312  321  338  356  376  398
  417  441  464  487  489  490  491  489  476  467  459  452  432  421  411  403
  405  397  390  382  366  357  348  338  317  308  301  294  296  286  279  274
  276  266  257  248  254  238  223  209  193
    27.5-180.0 180.0   5.0 450.0                            LAT/LON1/LON2/DLON/H
  205  194  182  170  155  151  149  148  149  162  177  193  214  228  241  255
  263  269  275  280  281  287  293  298  307  316  326  337  356  379  404  427
  452  476  499  519  522  522  521  518  504  496  489  482  463  453  444  436
  444  435  426  417  409  396  382  367  350  339  329  319  316  306  298  291
  289  280  272  264  266  251  237  224  205
    25.0-180.0 180.0   5.0 450.0                            LAT/LON1/LON2/DLON/H
  217  206  193  179  165  159  154  149  148  159  173  188  212  227  242  257
  266  273  280  286  289  295  301  308  318  330  343  355  374  402  429  455
  481  503  523  540  542  541  538  534  524  517  510  505  491  483  475  468
  479  470  459  448  439  422  403  382  364  352  340  328  323  315  307  300
  293  286  279  273  271  259  247  235  217
    22.5-180.0 180.0   5.0 450.0                            LAT/LON1/LON2/DLON/H
  225  214  201  188  175  167  160  154  148  157  169  184  210  226  242  258
  269  277  285  292  297  304  311  318  328  343  358  372  393  423  452  478
  501  520  536  549  552  549  544  538  534  528  523  517  513  507  500  494
  505  495  484  471  453  433  410  385  365  353  340  327  322  316  309  302
  291  286  282  277  274  265  255  245  225
    20.0-180.0 180.0   5.0 450.0                            LAT/LON1/LON2/DLON/H
  229  221  212  201  180  175  169  163  157  159  163  169  200  220  242  264
  272  281  289  298  307  313  319  324  334  352  370  390  409  440  471  502
  523  536  548  558  556  551  544  538  541  538  536  535  525  526  527  527
  533  522  508  491  453  427  401  375  362  348  336  325  324  319  315  311
  296  290  284  277  271  263  255  247  229
    17.5-180.0 180.0   5.0 450.0                            LAT/LON1/LON2/DLON/H
  226  219  210  201  187  182  176  169  159  159  161  165  195  216  238  261
  271  282  292  302  310  317  324  333  345  365  386  406  429  458  487  514
  525  536  545  552  542  537  533  530  539  538  538  539  539  540  540  539
  545  529  509  485  437  407  378  349  336  321  309  300  304  299  294  291
  282  277  272  267  266  259  252  244  226
    15.0-180.0 180.0   5.0 450.0                            LAT/LON1/LON2/DLON/H
  214  208  201  192  185  180  175  168  156  155  156  158  190  211  234  258
  269  282  294  306  313  322  331  342  358  380  403  423  449  474  499  522
  527  534  540  545  535  532  531  531  540  542  544  547  548  548  548  546
  546  524  498  470  420  387  354  324  316  300  288  280  287  281  276  272
  268  263  258  254  257  249  242  234  214
    12.5-180.0 180.0   5.0 450.0                            LAT/LON1/LON2/DLON/H
  198  192  186  179  175  170  165  160  151  148  148  149  185  206  229  253
  266  281  296  310  316  327  339  351  372  396  419  440  467  488  508  526
  528  533  537  540  536  536  538  540  545  549  553  558  553  553  552  549
  539  512  482  451  406  369  335  303  303  288  276  268  273  267  261  257
  254  248  243  239  246  238  229  222  198
    10.0-180.0 180.0   5.0 450.0                            LAT/LON1/LON2/DLON/H
  171  168  165  162  151  148  146  146  138  136  137  139  166  190  217  244
  254  271  287  302  302  320  337  354  370  398  424  450  475  494  511  526
  535  538  540  542  536  544  550  554  559  565  570  572  559  557  552  544
  538  508  474  439  399  370  343  320  306  293  283  276  271  264  258  252
  244  239  235  231  223  215  208  203  171
     7.5-180.0 180.0   5.0 450.0                            LAT/LON1/LON2/DLON/H
  157  152  148  145  135  132  131  131  128  127  129  134  161  187  214  243
  254  272  288  304  308  327  345  362  388  417  444  470  492  507  522  535
  538  542  545  548  552  559  564  569  575  577  577  575  563  558  549  539
  528  499  466  433  399  373  350  331  325  312  300  291  281  270  260  249
  238  231  225  220  210  204  197  191  157
     5.0-180.0 180.0   5.0 450.0                            LAT/LON1/LON2/DLON/H
  148  141  135  131  122  118  116  117  114  115  119  126  155  181  209  238
  253  271  289  305  314  335  354  372  407  437  465  490  509  522  533  544
  545  550  555  560  566  572  578  582  583  580  575  568  556  548  537  524
  511  484  455  426  403  384  367  352  351  337  325  314  294  279  264  249
  236  227  219  211  201  194  187  180  148
     2.5-180.0 180.0   5.0 450.0                            LAT/LON1/LON2/DLON/H
  146  137  130  124  115  111  109  109  104  106  112  120  150  176  204  233
  252  271  290  306  322  344  365  384  424  455  483  509  525  536  546  554
  552  560  566  572  574  580  586  589  581  574  564  554  540  529  516  503
  489  465  441  418  412  399  388  378  375  362  350  338  304  286  267  249
  236  225  215  205  196  188  181  173  146
