o1pg1910.23i
     1.0            IONOSPHERE MAPS     GNSS                IONEX VERSION / TYPE
IONINX V4.3         AIUB                11-Jul-23 10:08     PGM / RUN BY / DATE 
406 1-DAY PREDICTED IONOSPHERE MAPS FOR DAY 191, 2023       COMMENT             
We use the deep learning algorithm, based on the global     DESCRIPTION         
ionospheric map provided by CODE and the final global       DESCRIPTION         
ionospheric map combined by IGS, and use our proposed       DESCRIPTION         
spatiotemporal network model to predict the global          DESCRIPTION         
ionospheric map of the next day.                            DESCRIPTION         
Contact address: wanghongyue@stu.cdut.edu.cn                DESCRIPTION         
  2023    07    10     0     0     0                        EPOCH OF FIRST MAP  
  2023    07    10    22     0     0                        EPOCH OF LAST MAP   
  7200                                                      INTERVAL            
    12                                                      # OF MAPS IN FILE   
  NONE                                                      MAPPING FUNCTION    
     0.0                                                    ELEVATION CUTOFF    
TEC prediction calculated as a spatiotemporal network model OBSERVABLES USED    
  6371.0                                                    BASE RADIUS         
     2                                                      MAP DIMENSION       
   450.0 450.0   0.0                                        HGT1 / HGT2 / DHGT  
    87.5 -87.5  -2.5                                        LAT1 / LAT2 / DLAT  
  -180.0 180.0   5.0                                        LON1 / LON2 / DLON  
    -1                                                      EXPONENT            
TEC values in 0.1 tec units;  9999, if no value available   COMMENT             
                                                            END OF HEADER       
[from data line 1287]
     4                                                      START OF TEC MAP    
  2023    07    10     6     0     0                        EPOCH OF CURRENT MAP
    87.5-180.0 180.0   5.0 450.0                            LAT/LON1/LON2/DLON/H
  173  173  172  172  171  171  171  172  172  172  172  172  174  174  174  174
  175  174  174  173  175  174  173  172  173  173  172  172  174  174  174  173
  172  173  173  173  171  171  171  171  171  171  171  171  170  171  171  171
  172  173  173  174  173  174  175  176  173  173  174  175  173  174  174  174
  174  175  174  174  173  173  173  173  173
    85.0-180.0 180.0   5.0 450.0                            LAT/LON1/LON2/DLON/H
  174  174  174  174  172  172  173  173  173  173  174  174  176  177  176  176
  177  177  176  175  175  174  173  172  171  171  170  169  170  170  169  169
  168  169  169  169  167  168  168  168  169  169  169  169  171  171  171  172
  174  174  175  175  175  175  176  177  174  174  174  175  173  173  173  173
  173  173  173  172  171  171  171  171  174
    82.5-180.0 180.0   5.0 450.0                            LAT/LON1/LON2/DLON/H
  172  173  174  175  171  171  172  172  172  173  174  174  176  176  176  176
  177  177  176  175  174  173  172  170  168  167  166  164  165  165  164  163
  165  165  165  165  165  166  166  166  169  169  170  170  173  173  174  174
  177  178  178  179  179  179  179  180  177  177  176  176  175  175  174  174
  173  172  171  170  168  168  167  167  172
    80.0-180.0 180.0   5.0 450.0                            LAT/LON1/LON2/DLON/H
  177  175  174  172  171  172  172  172  170  171  172  171  171  172  172  172
  172  171  171  170  170  168  166  164  163  161  159  157  159  159  158  159
  159  160  161  162  165  166  167  168  172  173  175  176  176  178  180  182
  182  184  185  186  187  188  187  186  186  185  184  182  181  180  179  177
  177  174  172  170  166  164  163  162  177
    77.5-180.0 180.0   5.0 450.0                            LAT/LON1/LON2/DLON/H
  177  176  174  173  169  170  170  169  166  167  167  166  166  167  167  165
  166  166  165  164  164  162  160  157  156  154  152  149  151  152  152  153
  155  158  160  161  165  168  170  171  176  178  181  182  184  187  189  191
  192  194  196  197  198  198  198  198  196  195  194  192  189  188  186  184
  182  179  176  173  168  166  164  162  177
    75.0-180.0 180.0   5.0 450.0                            LAT/LON1/LON2/DLON/H
  179  178  176  174  168  168  167  166  162  162  162  160  160  160  160  158
  159  159  159  158  158  156  154  151  149  147  145  143  146  147  148  149
  154  157  160  163  167  171  173  175  182  185  187  189  194  197  200  202
  204  206  208  209  209  209  209  209  206  206  204  203  199  198  196  193
  190  186  183  179  173  170  167  164  179
    72.5-180.0 180.0   5.0 450.0                            LAT/LON1/LON2/DLON/H
  181  180  178  176  168  167  165  163  159  158  157  155  153  153  151  149
  152  152  151  150  152  150  147  144  143  142  139  137  141  143  145  147
  154  158  162  165  170  174  177  180  187  190  193  196  203  206  209  211
  215  216  218  218  218  218  218  216  215  214  212  210  208  206  204  201
  199  195  191  186  181  177  174  170  181
    70.0-180.0 180.0   5.0 450.0                            LAT/LON1/LON2/DLON/H
  191  187  183  178  171  170  168  166  156  153  151  148  146  145  143  142
  146  146  146  146  145  143  140  138  134  133  132  130  134  138  143  147
  154  159  165  171  174  177  180  184  190  195  200  204  213  218  222  226
  227  229  230  230  224  224  223  221  216  216  215  214  212  211  210  208
  205  202  198  194  191  188  183  177  191
    67.5-180.0 180.0   5.0 450.0                            LAT/LON1/LON2/DLON/H
  198  194  190  184  177  174  171  168  157  154  151  147  144  142  140  137
  142  142  141  140  141  139  137  135  131  130  130  129  134  138  144  149
  159  165  171  177  180  185  189  192  197  203  207  212  221  226  230  232
  233  234  233  230  224  223  221  218  214  214  213  212  212  213  212  211
  210  208  205  201  201  197  192  186  198
    65.0-180.0 180.0   5.0 450.0                            LAT/LON1/LON2/DLON/H
  204  200  195  189  183  179  174  169  160  156  152  147  145  142  138  135
  139  138  137  136  137  135  134  132  128  128  127  128  134  140  146  151
  164  171  178  184  187  193  197  201  204  210  215  220  230  234  236  238
  239  237  234  230  222  220  217  213  209  210  210  208  209  210  211  211
  212  211  209  206  206  203  198  192  204
    62.5-180.0 180.0   5.0 450.0                            LAT/LON1/LON2/DLON/H
  208  204  199  193  187  182  177  171  162  158  153  148  146  142  138  134
  137  135  133  132  133  132  130  129  125  125  126  126  136  142  148  153
  169  176  183  189  192  199  204  209  209  216  222  227  236  239  241  242
  242  238  234  229  219  216  212  208  204  205  205  204  203  206  207  208
  210  211  210  208  211  208  203  198  208
    60.0-180.0 180.0   5.0 450.0                            LAT/LON1/LON2/DLON/H
  209  204  198  190  189  184  179  174  166  160  156  151  143  139  135  130
  128  126  125  125  120  120  120  121  116  117  119  122  132  139  147  155
  168  176  183  191  195  199  203  207  213  219  224  229  242  245  246  246
  243  239  234  229  214  211  208  204  200  200  199  197  204  205  206  206
  212  214  214  213  217  215  212  208  209
    57.5-180.0 180.0   5.0 450.0                            LAT/LON1/LON2/DLON/H
  216  212  206  199  197  191  184  177  170  164  157  151  144  140  134  129
  126  123  120  118  115  114  113  114  111  113  116  119  130  137  145  153
  167  175  183  191  196  201  206  211  215  222  228  233  245  248  250  250
  246  243  238  232  218  215  211  207  203  203  202  200  205  206  206  206
  212  213  213  213  219  219  217  214  216
    55.0-180.0 180.0   5.0 450.0                            LAT/LON1/LON2/DLON/H
  225  221  216  210  208  200  192  183  176  168  160  152  145  139  133  126
  125  120  116  112  110  108  107  107  107  110  113  117  129  136  144  152
  165  173  181  189  197  203  209  215  219  226  233  238  249  253  255  254
  252  249  245  240  227  224  221  217  211  210  209  207  209  209  208  207
  212  213  214  213  222  222  221  220  225
    52.5-180.0 180.0   5.0 450.0                            LAT/LON1/LON2/DLON/H
  234  232  227  221  220  211  202  191  181  173  163  154  146  139  132  125
  124  118  112  107  108  105  103  103  107  109  113  117  129  136  143  150
  162  170  178  186  196  203  210  217  221  228  235  241  252  256  257  257
  261  258  254  249  239  237  234  230  222  221  219  217  214  213  212  210
  213  215  215  214  225  227  227  226  234
    50.0-180.0 180.0   5.0 450.0                            LAT/LON1/LON2/DLON/H
  243  241  237  232  231  223  213  203  189  179  169  158  148  140  133  126
  124  119  114  111  109  108  108  110  114  116  119  122  128  134  139  145
  158  167  177  186  195  205  214  223  229  236  243  250  255  259  263  266
  266  265  264  263  255  252  248  243  238  234  229  223  225  222  217  213
  216  216  216  216  226  229  231  234  243
    47.5-180.0 180.0   5.0 450.0                            LAT/LON1/LON2/DLON/H
  255  253  250  246  246  238  228  216  201  189  175  162  149  140  132  124
  124  119  115  113  114  113  114  116  123  124  126  128  134  138  142  146
  159  168  178  188  201  210  219  228  236  243  249  254  260  265  269  272
  275  276  275  273  269  266  260  253  251  246  240  233  233  230  226  222
  226  226  226  226  234  237  239  242  255
    45.0-180.0 180.0   5.0 450.0                            LAT/LON1/LON2/DLON/H
  264  263  260  256  258  250  240  228  213  199  183  167  152  142  133  124
  126  122  119  118  122  122  124  127  134  135  136  138  140  143  146  148
  159  169  180  191  206  216  225  234  242  250  256  261  266  272  277  280
  285  286  286  285  281  277  271  263  259  254  248  241  239  236  233  229
  235  235  235  235  243  245  247  249  264
    42.5-180.0 180.0   5.0 450.0                            LAT/LON1/LON2/DLON/H
  269  268  266  262  263  256  246  235  221  206  190  173  156  146  136  126
  131  128  126  126  133  134  137  140  147  147  148  148  147  149  150  151
  160  171  182  194  211  221  231  241  248  256  262  267  273  280  286  290
  296  298  299  298  291  288  282  274  267  262  256  250  246  244  242  239
  247  247  247  246  254  256  257  257  269
    40.0-180.0 180.0   5.0 450.0                            LAT/LON1/LON2/DLON/H
  271  269  267  264  263  259  253  246  228  214  200  185  163  154  144  135
  137  139  141  144  145  150  154  158  160  160  160  159  157  154  151  149
  161  172  186  200  208  222  235  249  255  261  266  272  281  286  290  294
  308  310  310  311  310  303  295  289  282  275  268  262  258  258  257  257
  254  257  260  264  267  266  266  267  271
    37.5-180.0 180.0   5.0 450.0                            LAT/LON1/LON2/DLON/H
  282  276  269  261  258  253  246  238  228  216  203  190  171  161  151  142
  144  145  148  151  156  160  165  169  174  174  172  171  166  162  159  157
  164  176  189  204  213  227  241  254  261  268  275  280  289  295  300  303
  316  319  321  321  320  316  311  306  299  293  286  279  278  277  276  275
  275  278  281  283  284  282  281  280  282
    35.0-180.0 180.0   5.0 450.0                            LAT/LON1/LON2/DLON/H
  297  287  275  264  251  245  237  229  223  213  204  194  178  168  159  150
  150  152  155  158  166  171  175  179  188  186  184  181  172  169  167  165
  165  177  191  206  215  230  244  258  266  274  281  287  295  301  307  310
  320  326  330  331  332  333  331  328  324  319  314  307  302  302  301  299
  298  302  304  305  307  304  301  297  297
    32.5-180.0 180.0   5.0 450.0                            LAT/LON1/LON2/DLON/H
  313  300  286  272  247  239  230  222  217  210  203  196  184  175  167  158
  157  159  162  165  174  179  184  188  197  195  192  188  176  174  172  171
  165  177  192  206  216  231  246  260  270  279  287  294  299  307  313  317
  325  333  339  342  349  354  356  355  354  352  348  342  329  331  331  329
  325  328  330  331  336  333  328  322  313
    30.0-180.0 180.0   5.0 450.0                            LAT/LON1/LON2/DLON/H
  345  326  306  286  262  248  235  224  215  208  203  199  184  176  168  162
  155  158  161  164  177  185  192  198  199  196  193  189  184  175  166  158
  166  173  181  190  208  223  239  254  271  278  284  290  294  299  303  307
  322  335  346  358  369  380  390  400  399  396  392  387  376  368  361  356
  362  362  361  361  366  363  357  349  345
    27.5-180.0 180.0   5.0 450.0                            LAT/LON1/LON2/DLON/H
  376  355  332  308  280  261  243  226  218  209  202  197  189  181  173  168
  161  163  166  170  185  193  200  207  209  206  201  196  184  175  166  157
  161  168  176  185  205  220  237  253  268  275  282  289  289  295  302  308
  324  341  357  372  390  407  421  433  437  436  433  428  415  407  400  393
  392  393  393  392  392  393  390  384  376
    25.0-180.0 180.0   5.0 450.0                            LAT/LON1/LON2/DLON/H
  411  390  365  339  308  284  262  241  229  217  209  203  195  188  181  176
  170  171  173  176  194  201  208  214  215  212  207  201  180  171  162  154
  153  159  167  176  197  213  230  246  260  268  276  284  283  292  301  310
  327  347  367  386  408  429  447  460  468  469  467  463  449  443  435  427
  421  423  423  422  418  422  422  417  411
    22.5-180.0 180.0   5.0 450.0                            LAT/LON1/LON2/DLON/H
  443  423  400  374  341  315  290  266  245  233  224  217  204  197  191  187
  179  179  181  183  203  209  215  221  215  211  206  200  171  163  155  148
  143  149  156  165  187  203  220  237  250  259  268  277  278  290  302  313
  331  355  378  399  423  446  465  480  489  492  491  487  476  471  464  456
  446  449  449  448  445  449  450  447  443
    20.0-180.0 180.0   5.0 450.0                            LAT/LON1/LON2/DLON/H
  472  455  433  407  367  343  317  290  264  250  237  226  218  211  206  201
  195  196  197  198  214  219  224  228  223  210  196  182  155  143  132  121
  117  121  126  132  171  189  209  229  246  256  265  275  281  295  309  322
  340  367  391  413  432  453  471  485  495  500  503  505  498  494  489  484
  478  477  476  473  480  482  481  477  472
    17.5-180.0 180.0   5.0 450.0                            LAT/LON1/LON2/DLON/H
  484  470  451  427  392  367  341  313  285  269  254  241  230  222  216  211
  206  206  206  206  221  224  227  230  218  203  188  173  146  134  122  112
  105  108  114  121  160  179  199  221  241  252  263  274  289  304  318  333
  355  379  402  423  436  452  466  478  485  491  495  499  497  498  497  495
  490  491  491  489  495  496  495  491  484
    15.0-180.0 180.0   5.0 450.0                            LAT/LON1/LON2/DLON/H
  481  470  453  433  402  378  353  327  301  285  269  254  243  235  228  223
  217  216  214  213  224  225  226  227  206  191  176  160  133  121  110   99
   93   96  102  109  150  169  191  213  237  250  263  276  297  313  329  345
  369  391  411  430  439  449  458  466  471  477  483  489  491  496  499  500
  497  499  500  499  504  502  499  494  481
    12.5-180.0 180.0   5.0 450.0                            LAT/LON1/LON2/DLON/H
  468  458  445  429  398  377  355  332  310  294  279  265  253  245  239  234
  226  223  221  218  222  222  221  220  189  175  159  144  119  108   97   87
   83   86   91   98  142  161  183  206  234  249  265  280  305  323  341  358
  382  402  420  436  441  446  450  454  459  465  471  478  482  490  496  500
  499  502  503  502  508  503  497  490  468
    10.0-180.0 180.0   5.0 450.0                            LAT/LON1/LON2/DLON/H
  463  448  430  410  376  362  347  331  307  297  287  277  265  259  252  246
  233  225  216  206  210  201  190  180  168  153  139  125  104   95   86   79
   79   78   80   86  124  148  175  203  219  241  263  283  310  333  353  372
  394  409  422  433  436  439  442  444  445  451  457  464  471  479  486  490
  496  499  500  501  502  495  488  480  463
     7.5-180.0 180.0   5.0 450.0                            LAT/LON1/LON2/DLON/H
  450  430  408  383  356  340  324  309  296  287  278  270  265  260  254  248
  238  229  219  208  204  192  180  168  151  138  124  112   96   88   81   75
   72   72   75   81  118  141  168  196  218  239  260  280  311  334  354  372
  398  414  428  441  448  452  456  459  464  468  471  474  480  486  489  490
  496  500  502  502  498  493  486  477  450
     5.0-180.0 180.0   5.0 450.0                            LAT/LON1/LON2/DLON/H
  444  421  394  366  338  322  306  290  282  274  267  260  260  256  251  247
  238  228  217  205  194  182  168  154  137  125  113  102   91   84   78   74
   69   71   75   81  113  136  162  189  214  234  255  276  306  329  350  369
  398  417  433  447  464  470  476  481  489  490  490  489  489  492  492  489
  492  497  501  501  493  488  482  474  444
     2.5-180.0 180.0   5.0 450.0                            LAT/LON1/LON2/DLON/H
  447  422  392  361  328  310  294  279  269  262  256  251  251  248  244  240
  232  222  210  198  181  167  153  139  125  115  105   97   89   84   80   77
   71   73   78   85  108  130  155  183  206  227  248  269  296  320  342  362
  395  417  435  452  480  490  498  504  511  511  509  505  492  492  490  485
  482  490  494  496  487  484  479  472  447
