o1pg2020-20230722.23i
     1.0            IONOSPHERE MAPS     GNSS                IONEX VERSION / TYPE
IONINX V4.3         AIUB                01-Aug-23 09:07     PGM / RUN BY / DATE 
406 1-DAY PREDICTED IONOSPHERE MAPS FOR DAY 202, 2023       COMMENT             
We use the deep learning algorithm, based on the global     DESCRIPTION         
ionospheric map provided by CODE and the final global       DESCRIPTION         
ionospheric map combined by IGS, and use our proposed       DESCRIPTION         
spatiotemporal network model to predict the global          DESCRIPTION         
ionospheric map of the next day.                            DESCRIPTION         
Contact address: wanghongyue@stu.cdut.edu.cn                DESCRIPTION         
  2023    07    21     0     0     0                        EPOCH OF FIRST MAP  
  2023    07    21    22     0     0                        EPOCH OF LAST MAP   
  7200                                                      INTERVAL            
    12                                                      # OF MAPS IN FILE   
  NONE                                                      MAPPING FUNCTION    
     0.0                                                    ELEVATION CUTOFF    
TEC prediction calculated as a spatiotemporal network model OBSERVABLES USED    
  6371.0                                                    BASE RADIUS         
     2                                                      MAP DIMENSION       
   450.0 450.0   0.0                                        HGT1 / HGT2 / DHGT  
    87.5 -87.5  -2.5                                        LAT1 / LAT2 / DLAT  
  -180.0 180.0   5.0                                        LON1 / LON2 / DLON  
    -1                                                      EXPONENT            
TEC values in 0.1 tec units;  9999, if no value available   COMMENT             
                                                            END OF HEADER       
[from data line 3432]
     9                                                      START OF TEC MAP    
  2023    07    21    16     0     0                        EPOCH OF CURRENT MAP
    87.5-180.0 180.0   5.0 450.0                            LAT/LON1/LON2/DLON/H
  199  199  199  200  195  196  197  198  199  199  200  200  200  200  200  201
  202  202  202  203  202  202  202  202  200  200  199  199  198  198  197  196
  197  196  196  195  195  195  194  193  194  193  193  192  192  192  192  192
  192  193  193  193  192  193  193  194  193  194  195  196  194  195  195  196
  193  195  195  196  193  195  197  198  199
    85.0-180.0 180.0   5.0 450.0                            LAT/LON1/LON2/DLON/H
  197  198  199  200  197  198  200  202  203  203  204  205  205  206  206  206
  208  208  208  208  207  207  206  206  204  203  201  200  198  197  196  194
  194  193  191  190  190  189  188  187  188  187  187  187  188  187  187  188
  188  189  189  190  189  189  190  191  192  193  193  194  193  193  193  194
  190  192  192  192  191  193  195  195  197
    82.5-180.0 180.0   5.0 450.0                            LAT/LON1/LON2/DLON/H
  193  195  197  199  197  199  202  204  204  205  207  208  209  209  210  210
  211  211  211  211  211  210  209  208  205  204  202  200  197  196  194  192
  191  190  188  186  186  185  184  183  183  183  183  183  184  184  184  184
  185  186  186  187  187  188  188  189  191  192  192  193  191  191  191  192
  186  187  187  187  184  186  188  189  193
    80.0-180.0 180.0   5.0 450.0                            LAT/LON1/LON2/DLON/H
  190  190  190  191  191  193  196  198  200  202  203  204  204  206  207  207
  208  208  208  208  210  208  207  205  205  203  201  199  201  199  197  195
  194  192  191  190  186  185  185  185  182  182  183  184  182  183  185  186
  185  186  187  188  186  187  188  189  189  190  190  190  189  188  186  184
  184  183  182  181  178  179  180  181  190
    77.5-180.0 180.0   5.0 450.0                            LAT/LON1/LON2/DLON/H
  187  187  188  188  189  191  194  195  197  199  200  201  202  203  204  205
  205  206  206  207  208  207  207  205  205  203  201  199  200  198  197  195
  194  193  192  191  187  186  186  185  182  183  183  184  183  184  185  187
  186  187  188  189  188  189  190  190  190  190  191  190  187  186  184  182
  180  178  177  175  172  173  174  175  187
    75.0-180.0 180.0   5.0 450.0                            LAT/LON1/LON2/DLON/H
  187  188  188  189  189  191  193  194  195  197  198  198  199  201  201  201
  203  204  205  205  207  207  207  206  206  205  203  200  202  201  199  197
  197  197  195  194  191  190  189  187  186  186  186  186  185  186  188  189
  189  189  190  191  190  191  191  192  190  190  190  189  186  184  182  179
  177  175  173  171  169  169  170  170  187
    72.5-180.0 180.0   5.0 450.0                            LAT/LON1/LON2/DLON/H
  188  189  190  190  191  192  194  194  194  195  195  195  196  196  196  196
  200  201  201  201  206  207  206  206  208  207  205  202  206  204  202  200
  203  202  201  199  197  195  193  191  190  189  189  188  188  189  190  191
  191  191  191  192  192  192  191  191  190  189  187  186  183  181  178  175
  174  172  170  168  169  168  168  168  188
    70.0-180.0 180.0   5.0 450.0                            LAT/LON1/LON2/DLON/H
  187  190  193  195  193  196  198  200  200  200  199  198  200  202  203  203
  206  209  211  213  214  215  217  217  216  215  213  210  208  208  207  205
  203  204  203  203  201  199  198  196  194  194  193  193  190  191  192  193
  191  193  194  195  188  189  189  189  183  182  180  178  176  174  171  169
  167  167  166  165  167  170  171  172  187
    67.5-180.0 180.0   5.0 450.0                            LAT/LON1/LON2/DLON/H
  190  193  196  198  198  200  202  204  205  205  205  204  205  206  206  206
  208  211  214  216  217  219  221  221  220  219  216  213  210  210  209  208
  208  209  208  207  206  204  202  199  198  198  198  197  195  196  196  196
  195  196  195  195  189  188  187  185  180  178  176  173  172  170  167  165
  165  165  164  163  165  168  171  172  190
    65.0-180.0 180.0   5.0 450.0                            LAT/LON1/LON2/DLON/H
  191  194  197  199  202  204  206  207  209  210  210  209  210  211  210  210
  212  215  217  219  220  222  224  225  223  222  219  216  214  214  213  211
  214  214  213  211  211  209  206  202  203  203  202  201  201  201  200  200
  199  198  197  194  189  187  185  181  177  174  171  167  167  164  162  159
  160  160  160  160  162  165  168  169  191
    62.5-180.0 180.0   5.0 450.0                            LAT/LON1/LON2/DLON/H
  190  193  196  198  204  205  207  208  212  213  214  214  217  216  215  214
  217  219  220  222  223  225  226  227  226  224  221  218  218  218  217  215
  219  218  217  215  214  212  208  205  206  206  205  204  206  205  204  203
  203  201  197  194  188  186  182  178  174  170  166  163  161  158  156  154
  156  156  156  156  159  162  165  167  190
    60.0-180.0 180.0   5.0 450.0                            LAT/LON1/LON2/DLON/H
  184  190  197  204  205  209  214  219  216  217  218  219  222  221  219  216
  221  222  223  225  223  226  229  231  229  227  225  223  222  221  220  220
  222  222  222  222  218  217  215  215  211  211  211  211  210  209  208  206
  203  201  198  194  189  186  182  178  171  168  165  160  156  152  150  147
  147  147  148  148  149  152  156  159  184
    57.5-180.0 180.0   5.0 450.0                            LAT/LON1/LON2/DLON/H
  177  183  190  197  202  206  210  216  216  218  219  220  223  223  222  220
  223  224  225  225  224  226  229  231  229  229  229  228  227  227  227  227
  230  228  227  225  223  222  221  221  218  219  220  220  217  217  216  213
  208  206  203  199  194  191  186  181  176  172  168  163  158  153  149  146
  142  141  141  141  138  142  146  150  177
    55.0-180.0 180.0   5.0 450.0                            LAT/LON1/LON2/DLON/H
  171  177  184  191  200  204  209  214  216  218  220  220  223  224  224  223
  225  225  226  226  224  226  228  230  229  232  233  234  233  234  235  236
  238  236  233  229  229  229  229  229  228  230  231  231  229  228  227  223
  218  215  212  207  203  199  195  189  185  180  175  170  164  158  153  148
  141  140  139  138  130  134  139  143  171
    52.5-180.0 180.0   5.0 450.0                            LAT/LON1/LON2/DLON/H
  167  173  179  186  198  202  207  213  216  218  220  221  222  224  225  224
  226  226  226  225  225  226  228  230  231  235  238  240  239  242  243  244
  247  243  239  234  237  237  237  237  237  240  241  241  240  240  237  232
  230  227  223  218  214  211  206  200  195  191  185  180  172  166  160  154
  144  142  141  140  128  132  136  140  167
    50.0-180.0 180.0   5.0 450.0                            LAT/LON1/LON2/DLON/H
  156  162  169  176  193  200  208  215  221  223  225  227  227  228  229  228
  232  232  231  229  231  232  233  233  237  241  245  249  247  250  252  253
  249  247  245  243  241  243  244  245  247  249  250  250  252  250  248  245
  239  236  232  228  221  217  211  205  198  194  189  183  179  173  166  160
  154  150  145  141  135  134  135  135  156
    47.5-180.0 180.0   5.0 450.0                            LAT/LON1/LON2/DLON/H
  159  164  172  180  196  205  214  224  230  232  233  235  237  237  236  235
  241  239  237  236  235  236  236  237  243  247  251  255  255  257  259  259
  255  255  254  252  252  254  256  256  258  260  260  259  257  256  255  252
  248  245  240  234  229  224  217  209  203  199  193  188  186  180  174  169
  163  158  154  149  141  140  140  141  159
    45.0-180.0 180.0   5.0 450.0                            LAT/LON1/LON2/DLON/H
  161  168  175  184  198  210  222  233  240  242  244  246  247  247  245  243
  252  249  247  245  243  243  244  245  251  255  259  263  262  264  265  265
  262  264  264  264  265  269  271  271  271  273  273  270  266  266  265  263
  257  252  247  239  233  227  219  210  204  200  195  190  191  186  181  176
  172  168  163  159  149  148  148  148  161
    42.5-180.0 180.0   5.0 450.0                            LAT/LON1/LON2/DLON/H
  163  169  177  186  198  212  227  241  248  253  256  259  258  258  256  255
  262  260  258  255  251  252  253  254  258  263  267  271  268  270  271  271
  271  274  277  278  282  286  288  289  285  286  286  283  278  279  278  276
  266  261  254  247  236  229  220  212  203  200  196  193  194  191  188  185
  182  178  174  170  159  158  157  157  163
    40.0-180.0 180.0   5.0 450.0                            LAT/LON1/LON2/DLON/H
  158  163  171  181  191  209  226  243  257  264  269  274  268  271  272  271
  272  271  270  267  265  266  267  268  271  275  278  282  288  290  294  298
  299  303  309  317  312  313  314  314  309  307  304  300  296  293  289  285
  276  266  255  243  237  229  220  211  205  204  205  205  202  200  199  198
  194  189  184  178  176  173  171  170  158
    37.5-180.0 180.0   5.0 450.0                            LAT/LON1/LON2/DLON/H
  159  163  169  177  188  206  225  244  265  273  281  287  286  287  286  284
  286  285  282  279  278  279  280  282  288  291  295  299  303  307  313  320
  324  333  342  351  349  350  347  343  336  333  329  323  318  313  306  298
  288  277  264  250  242  235  227  218  212  212  212  211  212  211  209  206
  206  201  194  187  182  178  175  173  159
    35.0-180.0 180.0   5.0 450.0                            LAT/LON1/LON2/DLON/H
  157  160  165  172  182  201  221  242  266  278  289  298  298  299  298  296
  297  296  293  290  291  293  295  297  305  308  312  318  321  329  338  348
  356  369  382  393  390  389  384  376  367  363  357  349  341  334  325  313
  299  286  271  255  246  240  232  223  219  220  220  219  223  221  219  216
  217  210  203  195  188  183  179  175  157
    32.5-180.0 180.0   5.0 450.0                            LAT/LON1/LON2/DLON/H
  155  157  162  168  176  196  218  239  264  280  293  306  307  309  309  308
  306  305  304  301  304  307  309  312  323  327  332  338  344  356  368  380
  393  411  426  439  431  429  422  412  400  395  387  378  365  355  343  329
  309  295  278  261  253  247  240  232  229  231  231  231  233  233  231  228
  228  221  213  205  198  191  185  179  155
    30.0-180.0 180.0   5.0 450.0                            LAT/LON1/LON2/DLON/H
  157  160  163  167  172  191  212  233  258  277  293  308  314  315  315  314
  312  314  315  315  313  322  331  338  340  347  356  365  377  394  411  431
  438  453  468  480  465  461  455  446  426  418  409  400  389  373  357  340
  316  298  280  264  257  250  246  243  241  242  244  247  248  246  245  244
  243  235  226  216  206  196  186  178  157
    27.5-180.0 180.0   5.0 450.0                            LAT/LON1/LON2/DLON/H
  159  161  163  165  169  188  208  229  258  277  295  310  318  321  322  323
  323  326  328  330  332  340  348  357  363  372  383  394  412  433  455  476
  489  502  514  522  505  497  487  474  455  445  434  423  409  390  369  348
  320  301  283  266  263  258  254  251  251  252  254  257  257  256  253  251
  250  242  233  224  211  202  192  184  159
    25.0-180.0 180.0   5.0 450.0                            LAT/LON1/LON2/DLON/H
  162  163  165  166  169  187  207  228  258  278  296  311  321  327  331  333
  337  342  345  347  353  361  369  379  388  399  412  425  445  470  495  517
  530  540  546  549  532  520  506  490  475  463  451  438  421  399  375  350
  319  301  283  265  265  261  258  255  255  257  259  261  261  259  257  254
  252  244  236  227  214  205  196  188  162
    22.5-180.0 180.0   5.0 450.0                            LAT/LON1/LON2/DLON/H
  161  162  164  166  169  187  207  228  259  279  297  313  325  333  340  345
  354  360  363  366  375  383  392  401  412  426  440  454  474  502  528  550
  559  563  564  562  547  532  515  496  486  472  458  444  422  397  371  345
  313  295  278  261  264  260  257  254  256  258  261  263  261  259  257  254
  250  244  236  228  217  209  201  193  161
    20.0-180.0 180.0   5.0 450.0                            LAT/LON1/LON2/DLON/H
  168  170  173  175  170  189  208  229  254  273  292  310  322  334  345  356
  362  373  382  389  394  404  413  422  434  451  468  486  507  532  556  577
  580  581  580  576  558  543  527  512  505  490  473  456  427  399  371  344
  316  298  281  267  259  253  248  246  252  253  254  256  256  256  255  252
  239  236  233  228  218  213  208  203  168
    17.5-180.0 180.0   5.0 450.0                            LAT/LON1/LON2/DLON/H
  164  166  169  171  169  189  209  230  251  271  290  308  321  336  350  361
  377  390  401  410  414  423  433  443  456  472  488  504  529  549  567  584
  581  580  576  571  546  534  521  510  508  491  474  457  426  395  365  337
  314  295  278  263  256  248  244  241  247  247  248  250  246  245  243  239
  227  224  220  216  211  205  200  195  164
    15.0-180.0 180.0   5.0 450.0                            LAT/LON1/LON2/DLON/H
  151  153  156  159  163  183  204  225  248  267  287  305  319  337  353  367
  386  402  415  426  429  439  449  460  476  491  505  519  544  557  570  580
  573  569  564  559  538  529  520  513  511  494  477  461  425  393  362  334
  315  296  279  265  257  249  243  240  245  244  243  244  236  233  228  223
  213  209  204  200  200  193  187  181  151
    12.5-180.0 180.0   5.0 450.0                            LAT/LON1/LON2/DLON/H
  136  138  141  145  151  171  193  214  243  262  282  300  318  338  356  372
  394  411  426  439  443  453  464  476  494  507  519  530  553  561  567  572
  561  556  551  545  534  529  525  522  516  500  484  469  423  391  361  335
  319  301  284  269  264  255  248  242  247  244  242  240  228  222  215  208
  201  195  189  184  189  181  174  167  136
    10.0-180.0 180.0   5.0 450.0                            LAT/LON1/LON2/DLON/H
  116  116  119  124  127  148  174  205  231  253  276  298  312  333  354  373
  392  410  426  439  447  462  476  489  508  520  530  539  555  559  561  561
  563  556  548  540  532  535  535  533  520  509  494  476  430  404  376  349
  333  317  302  289  279  272  268  266  261  253  246  239  228  218  208  197
  188  181  174  168  167  157  150  146  116
     7.5-180.0 180.0   5.0 450.0                            LAT/LON1/LON2/DLON/H
  101  100  102  107  110  131  159  191  225  249  273  297  312  334  355  374
  398  415  431  443  455  469  483  497  522  532  541  548  557  558  558  558
  553  549  543  538  541  544  544  542  536  522  505  484  443  416  387  360
  347  330  315  300  291  284  278  275  272  261  250  240  227  215  202  188
  178  169  162  156  152  144  137  133  101
     5.0-180.0 180.0   5.0 450.0                            LAT/LON1/LON2/DLON/H
   88   87   88   91   95  116  144  176  219  244  270  296  313  336  358  378
  400  417  431  443  460  474  488  502  532  541  549  556  558  558  557  557
  550  548  546  544  549  551  552  550  543  526  506  482  447  420  392  365
  355  339  324  309  299  291  286  281  280  266  252  239  227  212  197  182
  171  162  154  147  141  134  128  124   88
     2.5-180.0 180.0   5.0 450.0                            LAT/LON1/LON2/DLON/H
   82   79   80   83   87  107  134  167  215  242  270  297  319  342  364  384
  403  418  432  444  463  477  492  506  537  546  554  560  562  562  562  561
  553  554  556  557  554  556  556  554  540  521  499  474  441  415  389  364
  356  341  326  311  301  294  288  283  280  265  249  233  225  209  192  176
  167  157  149  142  137  130  124  119   82
