o1pg2080-20230728.23i
     1.0            IONOSPHERE MAPS     GNSS                IONEX VERSION / TYPE
IONINX V4.3         AIUB                01-Aug-23 09::1     PGM / RUN BY / DATE 
406 1-DAY PREDICTED IONOSPHERE MAPS FOR DAY 208, 2023       COMMENT             
We use the deep learning algorithm, based on the global     DESCRIPTION         
ionospheric map provided by CODE and the final global       DESCRIPTION         
ionospheric map combined by IGS, and use our proposed       DESCRIPTION         
spatiotemporal network model to predict the global          DESCRIPTION         
ionospheric map of the next day.                            DESCRIPTION         
Contact address: wanghongyue@stu.cdut.edu.cn                DESCRIPTION         
  2023    07    27     0     0     0                        EPOCH OF FIRST MAP  
  2023    07    27    22     0     0                        EPOCH OF LAST MAP   
  7200                                                      INTERVAL            
    12                                                      # OF MAPS IN FILE   
  NONE                                                      MAPPING FUNCTION    
     0.0                                                    ELEVATION CUTOFF    
TEC prediction calculated as a spatiotemporal network model OBSERVABLES USED    
  6371.0                                                    BASE RADIUS         
     2                                                      MAP DIMENSION       
   450.0 450.0   0.0                                        HGT1 / HGT2 / DHGT  
    87.5 -87.5  -2.5                                        LAT1 / LAT2 / DLAT  
  -180.0 180.0   5.0                                        LON1 / LON2 / DLON  
    -1                                                      EXPONENT            
TEC values in 0.1 tec units;  9999, if no value available   COMMENT             
                                                            END OF HEADER       
[from data line 4290]
    11                                                      START OF TEC MAP    
  2023    07    27    20     0     0                        EPOCH OF CURRENT MAP
    87.5-180.0 180.0   5.0 450.0                            LAT/LON1/LON2/DLON/H
  183  183  183  183  181  182  183  185  184  184  185  185  184  184  184  184
  187  187  186  187  188  188  187  187  189  188  187  186  187  186  185  184
  182  182  181  180  178  178  177  177  178  178  178  178  181  181  181  182
  184  185  185  186  185  185  185  186  180  180  180  180  178  178  179  179
  178  179  180  180  176  177  178  178  183
    85.0-180.0 180.0   5.0 450.0                            LAT/LON1/LON2/DLON/H
  180  181  181  182  182  183  185  187  189  190  191  192  191  191  192  192
  193  193  193  193  193  192  192  191  192  190  189  187  186  185  183  181
  178  177  176  174  172  172  171  171  171  172  172  172  175  175  176  176
  178  179  180  180  180  181  181  181  177  177  177  177  174  174  174  175
  173  174  174  174  173  174  175  175  180
    82.5-180.0 180.0   5.0 450.0                            LAT/LON1/LON2/DLON/H
  178  178  179  181  182  184  187  190  192  194  195  197  197  198  198  198
  198  198  198  198  198  197  195  194  193  191  189  187  185  183  180  177
  175  173  171  169  167  166  166  166  166  167  167  167  170  170  171  172
  173  174  175  176  177  177  178  178  175  175  175  175  169  170  171  171
  167  168  168  168  167  168  169  169  178
    80.0-180.0 180.0   5.0 450.0                            LAT/LON1/LON2/DLON/H
  178  177  176  176  182  185  188  191  192  196  199  202  201  202  203  203
  206  205  204  203  206  204  201  199  198  195  192  190  187  185  182  179
  177  175  173  171  170  170  170  170  168  170  171  172  167  170  171  173
  171  173  175  175  177  177  178  178  178  178  178  178  173  172  170  169
  170  168  166  165  163  163  164  166  178
    77.5-180.0 180.0   5.0 450.0                            LAT/LON1/LON2/DLON/H
  178  177  177  177  181  184  188  191  192  196  200  203  203  205  206  206
  210  209  209  207  209  207  205  202  201  198  195  191  188  186  183  179
  177  176  174  172  171  171  171  170  169  170  171  172  168  170  171  173
  170  172  174  175  175  176  177  178  178  178  179  179  174  173  172  172
  171  169  167  166  164  164  165  166  178
    75.0-180.0 180.0   5.0 450.0                            LAT/LON1/LON2/DLON/H
  183  183  182  183  184  187  190  193  193  198  202  205  206  208  210  210
  214  214  213  212  213  211  209  206  205  202  198  193  191  188  185  182
  180  178  177  175  174  174  173  172  172  172  172  172  169  171  172  173
  170  171  173  174  173  174  175  177  176  177  178  179  176  176  175  175
  174  173  171  170  169  169  170  171  183
    72.5-180.0 180.0   5.0 450.0                            LAT/LON1/LON2/DLON/H
  191  190  190  190  190  192  195  197  196  200  204  206  209  210  211  211
  216  216  215  213  217  215  212  208  209  205  200  195  194  191  187  184
  183  182  181  179  178  177  176  174  175  174  173  172  171  171  172  173
  169  170  171  172  171  171  172  173  174  174  176  177  177  177  177  177
  180  178  177  176  177  177  178  178  191
    70.0-180.0 180.0   5.0 450.0                            LAT/LON1/LON2/DLON/H
  201  202  202  201  199  201  202  202  204  208  210  211  215  218  219  219
  224  224  223  221  221  220  217  213  212  207  202  196  190  187  184  181
  181  181  181  180  181  180  178  176  174  173  171  170  166  166  166  164
  162  162  162  162  159  160  161  162  164  167  170  173  177  179  181  183
  187  188  188  188  189  192  193  194  201
    67.5-180.0 180.0   5.0 450.0                            LAT/LON1/LON2/DLON/H
  213  214  214  215  211  212  212  212  213  216  218  219  221  223  224  224
  227  228  227  225  226  225  222  218  216  211  205  198  191  190  187  185
  187  187  186  185  186  185  182  179  175  174  171  168  166  164  162  160
  158  157  156  154  151  151  151  152  155  158  162  166  174  177  181  185
  192  194  196  197  198  202  204  205  213
    65.0-180.0 180.0   5.0 450.0                            LAT/LON1/LON2/DLON/H
  223  225  226  226  223  223  222  222  221  224  225  226  228  230  230  229
  232  232  231  230  231  229  226  222  219  214  208  201  195  194  192  190
  194  194  193  191  193  190  186  181  178  175  172  168  165  162  159  155
  154  151  147  144  141  140  140  141  144  148  152  157  167  172  178  183
  193  197  200  203  204  209  212  213  223
    62.5-180.0 180.0   5.0 450.0                            LAT/LON1/LON2/DLON/H
  230  232  234  234  232  231  230  229  227  229  230  230  235  235  235  233
  237  237  235  234  235  233  230  226  223  217  211  205  201  200  198  196
  202  202  200  197  199  195  189  184  181  177  172  168  165  160  155  150
  148  144  139  135  131  130  130  130  133  137  142  148  158  165  172  180
  191  197  202  206  209  214  218  220  230
    60.0-180.0 180.0   5.0 450.0                            LAT/LON1/LON2/DLON/H
  233  239  244  247  238  237  236  235  238  239  239  239  244  243  241  239
  242  241  240  239  240  239  237  234  231  225  219  213  208  207  205  205
  207  206  205  204  201  196  191  186  181  176  171  167  162  156  150  143
  138  133  128  122  117  117  117  118  121  126  131  137  148  159  169  180
  181  191  199  207  207  215  222  227  233
    57.5-180.0 180.0   5.0 450.0                            LAT/LON1/LON2/DLON/H
  236  242  247  251  245  243  241  239  244  243  243  241  246  246  245  243
  244  243  242  241  243  242  240  239  235  232  228  224  220  220  220  220
  223  221  218  215  211  205  200  194  189  184  178  172  166  159  151  143
  135  130  125  120  114  114  114  115  118  122  128  134  143  153  164  174
  178  187  196  204  205  215  223  230  236
    55.0-180.0 180.0   5.0 450.0                            LAT/LON1/LON2/DLON/H
  239  246  251  254  253  251  248  245  250  249  247  245  247  248  247  245
  246  245  245  244  244  244  243  242  240  239  238  236  234  235  236  236
  239  236  231  226  223  217  212  206  199  194  187  180  172  164  155  145
  137  131  126  121  115  115  116  118  119  123  128  134  142  151  161  171
  176  186  195  203  206  217  226  233  239
    52.5-180.0 180.0   5.0 450.0                            LAT/LON1/LON2/DLON/H
  243  250  255  259  263  260  257  253  257  254  252  248  248  249  248  247
  248  247  246  245  246  246  246  245  245  247  248  248  248  250  252  252
  255  250  243  236  235  230  224  217  209  203  196  188  178  169  160  149
  141  136  131  126  121  121  122  124  124  128  133  138  143  152  161  170
  176  186  195  203  210  221  230  238  243
    50.0-180.0 180.0   5.0 450.0                            LAT/LON1/LON2/DLON/H
  244  253  262  269  269  271  272  272  270  269  266  263  259  258  255  252
  254  251  247  243  247  248  249  250  246  251  255  259  255  260  264  266
  263  260  255  250  247  241  234  227  219  211  202  192  184  174  163  153
  145  139  134  130  127  126  125  126  125  127  129  132  145  152  159  166
  181  192  203  213  215  224  233  241  244
    47.5-180.0 180.0   5.0 450.0                            LAT/LON1/LON2/DLON/H
  255  264  273  281  283  286  288  289  289  284  279  274  270  266  262  257
  259  254  249  245  247  248  250  252  251  256  261  266  266  270  272  272
  271  267  262  256  255  249  241  231  225  216  205  193  186  177  167  158
  152  147  142  139  137  136  135  135  135  136  138  140  153  159  166  174
  190  201  211  221  225  235  244  252  255
    45.0-180.0 180.0   5.0 450.0                            LAT/LON1/LON2/DLON/H
  266  274  283  293  296  301  304  306  308  302  295  289  284  278  272  266
  266  260  255  250  251  252  255  258  258  264  270  275  276  279  279  278
  279  275  270  264  263  257  248  238  232  222  210  197  191  183  174  167
  160  156  153  150  147  146  145  145  144  145  146  148  161  167  174  181
  200  212  222  232  238  248  257  265  266
    42.5-180.0 180.0   5.0 450.0                            LAT/LON1/LON2/DLON/H
  273  282  292  301  307  314  319  322  325  319  312  305  299  292  285  278
  275  269  263  259  258  260  263  267  267  273  279  285  286  287  286  283
  286  283  279  274  272  266  258  248  238  228  215  202  198  191  184  178
  170  167  165  163  156  155  155  155  153  153  155  156  170  177  184  191
  212  223  234  243  252  261  270  277  273
    40.0-180.0 180.0   5.0 450.0                            LAT/LON1/LON2/DLON/H
  280  290  300  310  315  325  334  340  342  339  334  329  322  316  310  303
  293  286  280  273  268  270  272  274  278  286  293  299  302  303  304  304
  306  302  297  293  289  280  268  257  248  237  225  214  209  204  198  193
  183  180  177  174  169  170  170  170  162  165  169  172  169  177  186  196
  211  226  241  254  264  277  288  298  280
    37.5-180.0 180.0   5.0 450.0                            LAT/LON1/LON2/DLON/H
  293  300  308  316  324  333  342  351  358  357  355  352  347  340  332  323
  314  306  298  290  286  288  290  293  297  303  309  316  317  318  319  320
  322  320  317  312  308  298  285  270  261  250  239  228  225  219  213  206
  197  194  189  184  180  181  181  180  173  175  178  180  178  186  195  203
  219  235  250  262  274  288  300  309  293
    35.0-180.0 180.0   5.0 450.0                            LAT/LON1/LON2/DLON/H
  303  309  315  322  328  338  348  358  369  371  373  374  372  364  356  347
  337  329  321  312  307  309  311  314  316  322  328  335  335  338  340  343
  344  344  343  339  329  317  302  285  277  267  256  244  242  235  228  221
  209  205  199  193  188  189  188  187  182  183  185  186  182  190  197  206
  224  239  254  266  283  297  309  317  303
    32.5-180.0 180.0   5.0 450.0                            LAT/LON1/LON2/DLON/H
  313  320  326  331  333  344  355  366  377  383  389  394  396  390  382  373
  362  354  346  338  329  332  335  338  339  345  351  357  360  364  368  372
  369  371  371  368  349  336  321  303  295  285  274  262  259  251  243  235
  218  213  206  199  193  193  192  191  187  188  189  190  185  192  200  207
  228  243  256  268  293  307  318  325  313
    30.0-180.0 180.0   5.0 450.0                            LAT/LON1/LON2/DLON/H
  318  328  336  344  339  351  363  373  382  397  411  421  419  417  414  410
  386  380  373  365  360  363  366  368  368  373  378  383  389  395  400  405
  399  398  396  392  374  359  343  326  316  304  293  283  284  271  257  245
  230  222  214  207  201  201  201  199  193  191  188  185  185  188  192  197
  215  230  244  258  294  305  314  322  318
    27.5-180.0 180.0   5.0 450.0                            LAT/LON1/LON2/DLON/H
  326  337  346  354  352  364  376  387  401  417  433  445  447  447  446  443
  420  412  404  395  387  387  388  390  393  399  405  411  420  427  432  435
  432  426  417  406  388  371  353  334  326  315  305  295  289  276  263  251
  229  222  215  208  202  201  201  199  194  191  187  184  186  188  192  196
  210  226  242  257  286  302  316  326  326
    25.0-180.0 180.0   5.0 450.0                            LAT/LON1/LON2/DLON/H
  333  347  358  367  368  381  394  406  423  439  455  469  475  477  477  474
  455  446  436  425  414  412  411  412  417  424  430  437  447  453  458  460
  453  440  425  407  386  368  348  328  321  311  302  293  282  271  259  248
  223  217  211  205  198  198  196  194  190  186  182  178  180  182  185  189
  201  218  235  251  279  298  316  329  333
    22.5-180.0 180.0   5.0 450.0                            LAT/LON1/LON2/DLON/H
  339  355  369  379  386  399  412  424  446  462  477  490  503  506  506  504
  489  479  468  456  441  438  436  436  438  446  453  460  467  473  476  476
  461  441  419  396  372  352  331  311  307  297  289  282  268  257  247  237
  215  210  205  200  194  193  190  188  184  179  175  171  172  174  177  181
  192  209  226  243  274  295  314  330  339
    20.0-180.0 180.0   5.0 450.0                            LAT/LON1/LON2/DLON/H
  344  359  373  386  394  409  422  433  452  471  488  503  524  530  535  538
  518  509  499  487  473  466  459  452  456  463  472  481  488  492  496  498
  471  445  417  388  355  329  303  280  270  263  258  254  236  228  221  215
  196  194  190  187  175  172  169  165  162  161  159  157  156  160  164  168
  181  202  224  245  269  291  311  330  344
    17.5-180.0 180.0   5.0 450.0                            LAT/LON1/LON2/DLON/H
  343  360  375  389  400  417  431  443  463  484  503  519  539  550  559  565
  553  545  535  523  504  493  483  475  471  478  484  490  498  497  495  491
  461  428  394  361  320  292  266  244  235  228  224  223  214  207  203  200
  188  186  184  181  169  165  162  157  153  151  149  146  145  149  154  159
  172  194  217  240  263  285  305  324  343
    15.0-180.0 180.0   5.0 450.0                            LAT/LON1/LON2/DLON/H
  337  355  371  387  401  418  434  447  469  490  509  527  546  562  575  584
  578  572  563  552  530  518  506  496  488  493  497  500  507  499  490  480
  448  410  371  334  294  266  241  220  210  203  199  200  196  192  190  191
  182  180  178  176  163  158  153  148  144  141  138  135  133  137  142  148
  161  184  208  234  258  279  299  317  337
    12.5-180.0 180.0   5.0 450.0                            LAT/LON1/LON2/DLON/H
  332  349  366  382  399  417  433  446  470  490  509  526  547  566  581  593
  594  590  583  574  554  540  528  517  504  507  508  508  513  500  485  470
  434  393  352  313  279  252  229  210  196  190  187  188  185  184  185  188
  179  177  175  173  161  154  147  141  138  133  129  125  122  125  130  136
  151  174  199  225  252  273  292  309  332
    10.0-180.0 180.0   5.0 450.0                            LAT/LON1/LON2/DLON/H
  331  348  365  382  407  423  438  451  473  491  507  521  545  567  586  602
  606  606  603  597  573  562  550  538  529  525  520  513  521  505  486  465
  429  386  342  301  267  246  228  213  207  201  199  200  204  202  200  199
  191  184  177  170  163  155  146  139  130  123  116  111  116  114  115  117
  133  157  184  213  241  267  292  316  331
     7.5-180.0 180.0   5.0 450.0                            LAT/LON1/LON2/DLON/H
  335  353  371  390  410  425  439  452  466  481  494  507  534  555  575  592
  609  612  612  609  588  577  566  554  543  538  531  522  525  507  487  466
  421  381  342  306  287  269  253  240  240  233  229  227  231  224  217  210
  200  190  179  167  160  151  142  135  124  117  110  104  107  106  106  108
  122  148  176  206  236  264  291  315  335
     5.0-180.0 180.0   5.0 450.0                            LAT/LON1/LON2/DLON/H
  342  362  382  401  418  433  447  458  465  476  486  497  525  544  561  577
  602  607  610  610  594  586  577  566  554  549  541  530  525  508  488  467
  416  383  351  322  319  304  292  282  280  271  265  260  256  245  233  221
  205  192  178  163  155  146  138  131  120  112  105   99  101  100  100  102
  114  140  169  200  233  263  291  316  342
     2.5-180.0 180.0   5.0 450.0                            LAT/LON1/LON2/DLON/H
  351  373  394  414  435  449  461  472  473  481  488  495  520  535  550  564
  588  596  601  603  593  588  581  573  562  556  547  536  523  508  490  471
  413  388  364  342  354  343  334  326  319  310  301  293  276  260  244  227
  206  190  173  156  149  141  134  128  118  109  102   95   96   95   96   98
  108  134  163  195  230  262  291  317  351
