o1pg2100-20230730.23i
     1.0            IONOSPHERE MAPS     GNSS                IONEX VERSION / TYPE
IONINX V4.3         AIUB                01-Aug-23 09:22     PGM / RUN BY / DATE 
406 1-DAY PREDICTED IONOSPHERE MAPS FOR DAY 210, 2023       COMMENT             
We use the deep learning algorithm, based on the global     DESCRIPTION         
ionospheric map provided by CODE and the final global       DESCRIPTION         
ionospheric map combined by IGS, and use our proposed       DESCRIPTION         
spatiotemporal network model to predict the global          DESCRIPTION         
ionospheric map of the next day.                            DESCRIPTION         
Contact address: wanghongyue@stu.cdut.edu.cn                DESCRIPTION         
  2023    07    29     0     0     0                        EPOCH OF FIRST MAP  
  2023    07    29    22     0     0                        EPOCH OF LAST MAP   
  7200                                                      INTERVAL            
    12                                                      # OF MAPS IN FILE   
  NONE                                                      MAPPING FUNCTION    
     0.0                                                    ELEVATION CUTOFF    
TEC prediction calculated as a spatiotemporal network model OBSERVABLES USED    
  6371.0                                                    BASE RADIUS         
     2                                                      MAP DIMENSION       
   450.0 450.0   0.0                                        HGT1 / HGT2 / DHGT  
    87.5 -87.5  -2.5                                        LAT1 / LAT2 / DLAT  
  -180.0 180.0   5.0                                        LON1 / LON2 / DLON  
    -1                                                      EXPONENT            
TEC values in 0.1 tec units;  9999, if no value available   COMMENT             
                                                            END OF HEADER       
[from data line 858]
     3                                                      START OF TEC MAP    
  2023    07    29     4     0     0                        EPOCH OF CURRENT MAP
    87.5-180.0 180.0   5.0 450.0                            LAT/LON1/LON2/DLON/H
  190  189  188  188  186  186  187  187  187  188  188  189  190  190  191  191
  191  190  190  189  190  189  188  187  189  189  188  187  189  189  189  188
  186  187  187  187  184  185  186  186  183  184  185  186  183  183  183  184
  182  182  183  183  182  183  184  185  185  185  186  188  189  189  189  190
  190  190  190  190  190  190  191  191  190
    85.0-180.0 180.0   5.0 450.0                            LAT/LON1/LON2/DLON/H
  192  192  192  192  188  189  189  190  190  191  192  193  194  195  195  195
  195  194  194  193  192  191  189  187  187  186  184  183  184  183  182  181
  180  180  181  181  179  180  181  182  181  182  183  185  183  184  185  186
  184  184  185  185  185  186  186  187  189  189  189  190  193  193  193  193
  193  193  192  190  190  191  191  190  192
    82.5-180.0 180.0   5.0 450.0                            LAT/LON1/LON2/DLON/H
  193  194  194  195  189  190  190  191  191  192  193  194  196  196  197  196
  197  196  195  194  193  191  189  187  184  182  179  177  177  176  174  173
  174  174  174  174  174  176  177  179  179  181  183  184  184  185  187  188
  187  188  188  189  190  190  191  191  196  195  195  195  200  199  198  197
  196  196  194  192  190  190  189  188  193
    80.0-180.0 180.0   5.0 450.0                            LAT/LON1/LON2/DLON/H
  201  199  196  193  189  190  190  190  189  192  193  193  196  197  198  198
  199  198  198  196  193  190  187  183  178  175  171  168  167  165  163  162
  164  165  166  168  172  174  176  178  183  185  187  189  192  194  196  198
  200  201  202  202  204  204  204  204  208  208  208  208  212  210  208  205
  209  205  200  196  198  196  194  192  201
    77.5-180.0 180.0   5.0 450.0                            LAT/LON1/LON2/DLON/H
  204  202  199  197  190  190  189  188  186  188  188  188  191  192  192  192
  194  193  192  191  188  184  181  177  170  166  162  158  156  154  153  152
  156  158  160  163  168  172  175  178  183  186  189  192  197  200  202  205
  209  211  212  214  216  218  219  219  223  224  224  224  227  225  222  218
  220  216  210  204  203  200  197  194  204
    75.0-180.0 180.0   5.0 450.0                            LAT/LON1/LON2/DLON/H
  210  207  204  202  193  192  190  187  185  185  184  183  186  186  185  184
  187  187  185  183  181  178  174  169  162  158  153  149  147  146  145  145
  149  153  156  160  166  170  174  178  184  189  193  196  202  206  210  213
  219  221  224  226  230  232  234  235  240  240  241  240  243  240  237  232
  234  228  222  214  211  207  203  198  210
    72.5-180.0 180.0   5.0 450.0                            LAT/LON1/LON2/DLON/H
  215  212  209  206  198  195  192  188  186  184  182  179  180  179  177  174
  179  178  175  173  174  170  165  160  155  151  146  141  140  140  140  140
  145  149  153  158  163  169  174  179  185  190  195  199  206  211  216  220
  226  229  232  235  241  243  244  245  252  253  252  251  256  253  248  243
  247  240  233  224  221  217  212  206  215
    70.0-180.0 180.0   5.0 450.0                            LAT/LON1/LON2/DLON/H
  220  218  214  211  204  201  198  195  188  185  180  176  174  172  169  166
  168  168  167  166  167  164  161  157  148  145  142  139  136  136  137  139
  145  149  153  158  167  172  177  183  189  195  201  208  213  220  227  232
  236  243  248  252  247  252  255  256  253  255  256  254  256  254  250  245
  248  243  236  228  227  223  217  210  220
    67.5-180.0 180.0   5.0 450.0                            LAT/LON1/LON2/DLON/H
  226  224  220  216  210  206  202  198  191  187  182  177  172  169  165  160
  161  160  159  157  161  158  155  152  145  142  139  136  134  135  136  137
  144  148  153  157  167  172  178  184  191  199  207  214  219  227  233  239
  243  248  252  255  250  254  255  255  253  254  253  251  255  253  249  245
  250  246  239  232  234  230  225  217  226
    65.0-180.0 180.0   5.0 450.0                            LAT/LON1/LON2/DLON/H
  231  228  224  219  215  210  205  200  195  190  185  179  173  168  162  156
  157  154  151  149  155  152  149  147  142  140  137  134  134  135  136  137
  144  148  152  156  165  171  178  185  193  202  211  219  225  233  240  246
  248  252  255  257  251  252  252  251  249  249  248  246  249  247  244  240
  246  243  238  231  235  232  227  220  231
    62.5-180.0 180.0   5.0 450.0                            LAT/LON1/LON2/DLON/H
  233  229  225  220  217  212  206  201  198  193  187  180  176  169  162  154
  155  151  147  143  150  147  145  143  140  138  136  134  136  136  137  138
  144  148  151  155  163  169  176  184  193  203  214  223  230  238  246  252
  251  255  257  258  249  250  249  247  243  242  241  239  240  239  236  233
  240  238  234  229  237  234  229  222  233
    60.0-180.0 180.0   5.0 450.0                            LAT/LON1/LON2/DLON/H
  235  231  225  218  215  212  208  205  198  194  190  187  176  169  162  155
  149  144  140  137  136  135  133  133  134  133  133  133  140  140  140  141
  147  147  149  151  159  164  171  178  191  201  211  221  232  237  241  246
  252  253  253  253  248  249  248  247  238  240  240  240  234  234  235  235
  233  234  233  232  235  235  233  230  235
    57.5-180.0 180.0   5.0 450.0                            LAT/LON1/LON2/DLON/H
  238  234  227  220  217  212  207  203  199  194  189  185  179  173  166  158
  152  146  140  136  135  133  131  129  132  131  131  131  139  139  139  139
  142  143  144  146  154  160  168  178  191  202  213  225  235  242  248  252
  257  259  260  260  253  253  252  251  242  243  243  242  235  235  235  235
  233  233  233  231  236  237  236  233  238
    55.0-180.0 180.0   5.0 450.0                            LAT/LON1/LON2/DLON/H
  246  241  234  227  223  217  210  203  201  195  190  184  182  175  169  161
  155  148  141  136  135  132  129  127  131  131  131  132  140  139  139  138
  139  139  140  142  150  157  167  178  191  204  217  229  239  248  255  261
  265  268  270  270  263  263  263  261  251  251  251  250  241  240  240  238
  236  237  236  234  240  240  240  238  246
    52.5-180.0 180.0   5.0 450.0                            LAT/LON1/LON2/DLON/H
  256  251  245  238  232  224  216  208  204  198  191  184  184  177  171  164
  158  150  143  137  137  133  130  127  134  134  134  135  143  141  140  139
  137  136  137  138  147  156  166  178  191  205  219  232  243  253  261  269
  274  278  282  283  275  277  277  276  263  263  263  262  248  248  247  245
  242  243  242  241  246  247  247  245  256
    50.0-180.0 180.0   5.0 450.0                            LAT/LON1/LON2/DLON/H
  268  263  258  252  245  235  225  216  208  201  194  188  182  177  173  168
  159  154  148  144  141  138  137  138  142  141  141  141  142  142  141  139
  135  134  135  135  142  153  164  175  186  202  219  234  241  255  268  280
  283  290  295  300  296  296  293  290  282  281  277  272  265  264  262  260
  257  256  254  252  255  258  260  262  268
    47.5-180.0 180.0   5.0 450.0                            LAT/LON1/LON2/DLON/H
  287  283  277  271  264  254  243  231  222  212  202  192  187  181  176  170
  164  158  154  152  149  147  147  148  154  153  152  150  152  150  147  144
  138  138  139  140  147  157  168  179  191  206  221  236  247  260  273  284
  296  303  309  312  315  313  309  304  300  297  292  286  278  277  275  273
  270  269  268  266  268  271  273  275  287
    45.0-180.0 180.0   5.0 450.0                            LAT/LON1/LON2/DLON/H
  303  299  293  288  282  271  260  247  236  224  212  199  192  185  178  172
  167  163  160  159  159  158  159  161  168  166  164  162  162  159  155  149
  143  144  145  146  152  162  173  183  195  210  224  238  252  266  278  290
  307  315  322  326  329  327  323  317  314  310  304  298  288  288  286  285
  281  281  280  278  280  283  285  286  303
    42.5-180.0 180.0   5.0 450.0                            LAT/LON1/LON2/DLON/H
  315  312  307  302  297  287  276  263  251  238  223  208  197  190  183  176
  171  169  168  168  170  171  172  175  182  180  178  175  174  169  163  156
  150  150  152  154  159  169  179  189  200  214  228  241  259  273  287  299
  319  328  336  341  341  340  337  332  324  321  316  311  298  298  298  297
  293  294  293  291  293  296  297  297  315
    40.0-180.0 180.0   5.0 450.0                            LAT/LON1/LON2/DLON/H
  317  317  316  315  305  300  293  284  271  254  236  218  206  196  186  175
  171  174  177  181  179  183  188  192  195  195  195  194  191  182  173  165
  171  167  165  163  160  169  179  190  193  211  230  248  258  273  287  299
  319  327  334  339  351  351  348  346  350  343  334  327  316  313  310  307
  309  309  308  308  320  320  319  319  317
    37.5-180.0 180.0   5.0 450.0                            LAT/LON1/LON2/DLON/H
  335  330  325  320  314  307  299  291  283  267  250  233  218  207  195  182
  178  180  183  187  189  194  200  206  212  212  212  212  208  199  190  182
  184  180  178  176  170  178  187  196  202  220  238  255  268  283  296  308
  326  336  343  347  359  363  364  362  365  360  354  347  340  336  332  329
  331  330  329  327  340  339  337  334  335
    35.0-180.0 180.0   5.0 450.0                            LAT/LON1/LON2/DLON/H
  353  345  336  327  319  312  303  295  290  276  261  246  229  217  204  191
  185  187  190  195  199  205  212  219  228  229  228  228  223  215  207  199
  195  192  189  186  177  184  192  201  209  226  244  261  276  291  303  314
  330  341  348  352  361  370  375  376  383  382  379  373  368  365  362  359
  360  358  356  353  367  364  360  354  353
    32.5-180.0 180.0   5.0 450.0                            LAT/LON1/LON2/DLON/H
  374  364  352  341  327  319  311  302  297  284  272  259  241  228  215  202
  193  195  199  204  209  216  224  231  243  243  243  243  236  229  222  215
  203  200  197  195  184  190  197  204  216  233  250  267  283  298  310  320
  334  346  354  359  369  382  390  395  407  410  410  407  402  402  400  398
  397  395  392  388  407  402  394  385  374
    30.0-180.0 180.0   5.0 450.0                            LAT/LON1/LON2/DLON/H
  416  401  386  371  340  331  323  315  307  295  283  271  252  237  222  207
  197  195  196  197  213  225  237  247  256  260  264  266  256  244  232  220
  211  202  193  185  186  192  199  207  219  240  264  287  288  298  308  318
  327  332  336  340  366  379  392  405  429  433  437  442  447  441  438  437
  443  439  434  431  437  429  419  409  416
    27.5-180.0 180.0   5.0 450.0                            LAT/LON1/LON2/DLON/H
  463  447  428  409  372  356  342  329  322  306  291  277  266  249  233  218
  208  205  205  206  225  236  247  259  272  275  277  277  261  249  236  223
  212  203  194  185  186  191  198  206  216  236  259  283  285  296  306  316
  323  332  339  345  374  393  411  425  456  466  475  482  488  486  485  484
  486  485  483  479  478  475  471  462  463
    25.0-180.0 180.0   5.0 450.0                            LAT/LON1/LON2/DLON/H
  517  501  482  460  417  396  376  357  345  326  308  291  280  262  245  229
  220  217  215  216  238  248  259  270  284  286  285  283  259  248  235  222
  207  197  188  179  178  183  190  199  206  225  247  270  276  288  300  311
  317  330  342  351  380  405  427  444  474  489  503  513  519  521  523  524
  523  525  525  522  519  521  520  513  517
    22.5-180.0 180.0   5.0 450.0                            LAT/LON1/LON2/DLON/H
  568  555  537  515  468  445  421  397  374  353  333  315  295  277  259  244
  235  230  228  228  252  261  271  281  288  289  287  283  250  240  228  216
  198  188  178  170  167  172  179  187  194  211  231  253  262  276  290  303
  311  329  345  359  388  417  442  462  484  504  521  535  539  546  551  554
  551  555  556  555  555  559  559  554  568
    20.0-180.0 180.0   5.0 450.0                            LAT/LON1/LON2/DLON/H
  600  593  579  560  522  499  472  442  405  384  361  337  311  294  278  263
  251  246  243  241  263  270  277  284  300  287  273  259  237  219  201  184
  168  162  155  149  150  149  150  152  168  187  210  236  244  261  278  297
  307  327  346  365  391  413  434  454  487  501  514  525  543  551  560  568
  566  573  581  587  590  595  598  597  600
    17.5-180.0 180.0   5.0 450.0                            LAT/LON1/LON2/DLON/H
  622  620  611  597  567  543  514  482  443  416  388  359  332  313  294  278
  269  262  258  257  276  280  284  289  292  277  261  244  220  201  183  165
  153  145  138  132  131  130  132  134  145  164  188  216  231  250  271  293
  310  332  353  373  403  423  442  462  489  501  513  525  541  550  560  568
  571  579  586  592  601  609  614  615  622
    15.0-180.0 180.0   5.0 450.0                            LAT/LON1/LON2/DLON/H
  623  627  624  615  593  570  542  510  472  441  409  376  351  330  310  293
  284  276  270  268  282  283  284  286  278  260  243  225  198  179  161  145
  136  128  121  115  115  114  115  118  124  143  168  197  217  240  264  290
  312  337  360  383  415  433  451  469  491  501  511  523  536  546  556  564
  572  580  586  591  601  609  614  616  623
    12.5-180.0 180.0   5.0 450.0                            LAT/LON1/LON2/DLON/H
  609  616  618  615  602  580  554  524  488  456  421  387  365  344  325  308
  297  288  282  279  285  283  281  280  258  240  221  203  177  159  141  126
  122  114  107  101  102  101  102  106  110  128  153  182  203  230  258  288
  315  342  369  393  430  446  463  479  494  502  511  522  531  541  550  559
  570  576  581  585  591  597  600  601  609
    10.0-180.0 180.0   5.0 450.0                            LAT/LON1/LON2/DLON/H
  597  606  610  609  584  570  552  530  483  453  420  385  365  353  339  325
  318  310  303  294  292  279  265  251  235  214  194  174  149  139  129  121
  112  107  103  100   93   90   88   88   86  106  133  163  196  227  258  289
  311  342  371  398  435  455  472  488  501  509  516  522  528  535  544  553
  567  573  580  588  595  598  601  602  597
     7.5-180.0 180.0   5.0 450.0                            LAT/LON1/LON2/DLON/H
  577  581  581  577  564  549  530  507  467  438  406  372  362  350  338  326
  327  318  310  301  291  275  258  240  214  193  173  154  135  126  118  111
  108  102   98   95   89   86   84   83   78   98  125  156  193  222  253  285
  312  343  372  400  441  463  482  499  519  527  533  540  546  554  560  566
  575  580  586  591  593  593  592  591  577
     5.0-180.0 180.0   5.0 450.0                            LAT/LON1/LON2/DLON/H
  566  566  561  552  542  525  505  482  442  414  385  355  352  342  331  321
  330  322  313  304  287  268  249  229  197  177  158  141  127  118  112  107
  107  101   97   94   87   84   82   81   71   91  118  150  187  216  246  278
  309  341  370  398  443  467  488  508  535  544  552  558  567  574  580  584
  585  591  596  600  597  594  590  585  566
     2.5-180.0 180.0   5.0 450.0                            LAT/LON1/LON2/DLON/H
  566  562  552  538  524  506  485  463  415  389  363  337  338  329  321  314
  327  319  310  301  277  257  236  215  184  165  148  134  125  119  113  110
  109  104  100   97   85   82   80   80   67   86  112  143  179  208  239  272
  304  336  367  397  443  469  494  516  548  558  567  574  585  592  597  599
  594  601  607  610  607  601  595  588  566
