o1pg2050-20230725.23i
     1.0            IONOSPHERE MAPS     GNSS                IONEX VERSION / TYPE
IONINX V4.3         AIUB                01-Aug-23 09:16     PGM / RUN BY / DATE 
406 1-DAY PREDICTED IONOSPHERE MAPS FOR DAY 205, 2023       COMMENT             
We use the deep learning algorithm, based on the global     DESCRIPTION         
ionospheric map provided by CODE and the final global       DESCRIPTION         
ionospheric map combined by IGS, and use our proposed       DESCRIPTION         
spatiotemporal network model to predict the global          DESCRIPTION         
ionospheric map of the next day.                            DESCRIPTION         
Contact address: wanghongyue@stu.cdut.edu.cn                DESCRIPTION         
  2023    07    24     0     0     0                        EPOCH OF FIRST MAP  
  2023    07    24    22     0     0                        EPOCH OF LAST MAP   
  7200                                                      INTERVAL            
    12                                                      # OF MAPS IN FILE   
  NONE                                                      MAPPING FUNCTION    
     0.0                                                    ELEVATION CUTOFF    
TEC prediction calculated as a spatiotemporal network model OBSERVABLES USED    
  6371.0                                                    BASE RADIUS         
     2                                                      MAP DIMENSION       
   450.0 450.0   0.0                                        HGT1 / HGT2 / DHGT  
    87.5 -87.5  -2.5                                        LAT1 / LAT2 / DLAT  
  -180.0 180.0   5.0                                        LON1 / LON2 / DLON  
    -1                                                      EXPONENT            
TEC values in 0.1 tec units;  9999, if no value available   COMMENT             
                                                            END OF HEADER       
[from data line 4719]
    12                                                      START OF TEC MAP    
  2023    07    24    22     0     0                        EPOCH OF CURRENT MAP
    87.5-180.0 180.0   5.0 450.0                            LAT/LON1/LON2/DLON/H
  165  165  165  165  165  166  167  168  167  167  168  168  171  171  170  170
  174  173  173  173  175  174  173  173  172  171  170  168  167  166  165  163
  162  161  160  159  160  160  160  159  162  162  162  162  163  163  164  164
  163  163  163  164  163  162  162  162  158  158  158  158  156  157  158  158
  155  156  156  156  154  155  155  156  165
    85.0-180.0 180.0   5.0 450.0                            LAT/LON1/LON2/DLON/H
  166  166  167  168  169  170  171  173  173  174  175  176  178  178  178  178
  181  181  180  180  181  180  179  177  177  175  172  170  168  166  164  161
  158  157  156  154  154  154  153  153  154  154  154  155  156  156  157  158
  158  158  159  159  159  159  159  158  156  155  155  155  154  155  155  156
  153  154  155  154  153  154  154  154  166
    82.5-180.0 180.0   5.0 450.0                            LAT/LON1/LON2/DLON/H
  165  166  168  169  171  172  175  177  177  178  180  181  183  184  184  184
  186  186  186  186  185  184  183  181  179  177  174  171  167  164  162  159
  155  154  152  150  149  149  148  148  148  148  149  150  150  151  152  153
  153  154  155  156  157  157  156  157  154  154  154  154  153  153  154  154
  152  153  153  152  151  152  152  152  165
    80.0-180.0 180.0   5.0 450.0                            LAT/LON1/LON2/DLON/H
  166  166  166  167  172  175  178  181  182  185  188  191  190  191  192  192
  195  195  195  194  195  192  190  187  184  180  177  173  169  166  163  160
  158  156  155  154  152  152  153  154  149  150  152  153  151  153  155  157
  158  159  161  163  163  163  163  163  161  161  160  160  159  160  160  160
  161  160  159  158  154  155  156  157  166
    77.5-180.0 180.0   5.0 450.0                            LAT/LON1/LON2/DLON/H
  167  167  168  169  172  176  180  183  183  188  191  193  194  196  197  197
  199  199  199  198  197  195  192  189  184  181  177  172  168  165  162  160
  157  157  156  154  153  153  153  153  150  151  152  152  151  153  155  156
  157  159  161  162  162  163  163  164  164  164  164  165  163  164  164  164
  164  163  162  161  155  156  157  158  167
    75.0-180.0 180.0   5.0 450.0                            LAT/LON1/LON2/DLON/H
  172  172  172  173  176  179  183  186  187  191  195  197  199  201  201  201
  204  204  204  202  201  198  195  191  186  182  178  173  169  166  164  161
  160  159  158  157  156  156  155  154  152  152  152  152  152  154  155  156
  157  159  160  162  161  162  163  164  167  168  168  169  168  169  169  169
  168  167  166  165  158  159  160  160  172
    72.5-180.0 180.0   5.0 450.0                            LAT/LON1/LON2/DLON/H
  177  178  178  179  180  184  187  189  190  195  198  200  203  204  204  204
  207  207  206  204  203  200  196  192  188  184  179  174  170  168  166  163
  163  163  162  161  160  159  158  157  154  154  153  153  153  154  155  156
  156  157  159  161  159  160  161  163  168  169  170  171  172  172  172  171
  173  172  170  169  164  164  165  165  177
    70.0-180.0 180.0   5.0 450.0                            LAT/LON1/LON2/DLON/H
  186  186  186  186  186  189  193  196  195  200  204  208  207  209  209  208
  210  208  206  202  201  198  194  190  185  181  176  171  166  165  164  163
  162  163  164  164  161  160  159  156  153  151  149  147  148  147  147  146
  149  151  152  154  153  156  159  162  164  167  170  172  175  175  176  176
  179  179  178  177  173  175  175  175  186
    67.5-180.0 180.0   5.0 450.0                            LAT/LON1/LON2/DLON/H
  195  196  196  195  193  196  199  201  200  205  209  212  211  213  213  212
  211  210  208  204  204  201  197  193  187  183  178  173  167  166  165  163
  164  165  165  163  162  160  157  153  149  147  144  141  142  141  140  139
  143  143  144  146  146  149  152  155  160  163  167  170  175  177  178  180
  183  184  184  184  181  183  184  184  195
    65.0-180.0 180.0   5.0 450.0                            LAT/LON1/LON2/DLON/H
  203  203  203  202  200  202  204  205  204  209  213  215  215  216  216  214
  214  212  210  206  207  204  200  196  191  186  181  175  170  169  167  165
  168  167  166  163  162  159  154  149  145  142  139  136  135  134  133  132
  135  135  136  137  138  140  144  147  153  157  162  166  172  175  179  182
  184  186  188  189  186  189  191  192  203
    62.5-180.0 180.0   5.0 450.0                            LAT/LON1/LON2/DLON/H
  208  208  208  207  205  206  207  207  207  211  214  216  219  219  218  216
  216  214  211  208  210  207  203  199  195  190  184  178  175  173  171  168
  172  170  167  163  162  157  151  145  140  137  133  130  129  127  126  125
  128  128  128  129  129  132  136  140  145  151  156  162  167  172  177  182
  183  187  189  192  191  195  197  199  208
    60.0-180.0 180.0   5.0 450.0                            LAT/LON1/LON2/DLON/H
  214  217  218  218  209  208  208  208  207  211  215  219  225  225  223  222
  225  222  220  217  218  215  212  209  206  200  195  190  185  183  180  179
  179  176  172  168  161  155  149  144  133  129  126  123  116  113  111  109
  110  109  109  109  116  120  125  130  138  145  153  160  165  171  177  182
  182  187  191  194  194  200  205  208  214
    57.5-180.0 180.0   5.0 450.0                            LAT/LON1/LON2/DLON/H
  219  221  222  223  215  212  211  210  209  212  215  217  225  225  225  224
  227  225  223  221  223  221  219  217  214  210  206  202  199  196  193  190
  190  184  177  170  163  157  151  145  133  129  125  122  114  110  107  105
  105  104  104  105  113  117  122  128  138  145  153  161  166  172  177  183
  184  189  193  196  195  202  207  211  219
    55.0-180.0 180.0   5.0 450.0                            LAT/LON1/LON2/DLON/H
  224  227  229  229  224  221  218  215  213  215  216  218  224  225  226  226
  229  228  227  226  229  228  227  226  223  221  219  217  215  212  208  203
  201  193  183  173  167  161  155  149  137  132  128  124  114  110  107  105
  102  102  102  104  112  117  123  129  139  147  155  164  168  174  180  186
  188  192  196  199  197  204  210  214  224
    52.5-180.0 180.0   5.0 450.0                            LAT/LON1/LON2/DLON/H
  231  235  236  237  236  232  228  224  219  219  219  219  223  225  226  226
  231  230  230  230  235  234  234  234  233  234  233  231  230  227  222  217
  211  201  189  176  172  166  160  154  140  135  131  127  115  111  108  106
  102  102  103  106  114  119  126  132  143  151  159  168  172  178  184  190
  192  197  200  203  203  209  215  219  231
    50.0-180.0 180.0   5.0 450.0                            LAT/LON1/LON2/DLON/H
  239  244  249  253  249  246  244  241  235  231  227  223  226  226  225  225
  231  231  231  231  242  243  245  247  245  247  249  250  243  242  238  233
  221  211  200  188  175  170  164  158  150  145  141  136  128  122  118  115
  111  109  108  109  115  120  125  132  141  150  160  170  183  189  196  203
  206  210  213  217  209  215  221  226  239
    47.5-180.0 180.0   5.0 450.0                            LAT/LON1/LON2/DLON/H
  249  254  260  265  265  263  261  258  253  247  240  233  233  232  230  228
  234  234  234  234  243  245  248  251  252  254  256  257  254  250  244  236
  226  215  203  191  181  176  169  162  156  151  145  140  132  127  122  119
  116  114  113  114  119  123  129  136  148  157  167  177  191  198  205  212
  215  219  222  226  219  225  231  236  249
    45.0-180.0 180.0   5.0 450.0                            LAT/LON1/LON2/DLON/H
  258  265  271  277  281  281  279  277  273  265  257  248  243  241  238  235
  238  238  238  239  246  249  254  258  260  263  265  265  262  256  248  237
  227  217  206  194  187  181  175  168  163  158  152  146  139  134  131  128
  123  121  120  121  122  126  132  139  152  161  171  182  199  206  213  221
  225  230  234  237  231  237  243  247  258
    42.5-180.0 180.0   5.0 450.0                            LAT/LON1/LON2/DLON/H
  265  272  279  285  294  295  296  294  291  284  275  265  254  252  248  245
  244  244  245  246  251  256  261  267  268  271  273  273  267  259  248  236
  225  216  206  196  191  186  181  175  169  164  158  152  148  144  141  139
  131  130  129  129  125  129  135  142  155  164  175  185  205  214  222  230
  236  242  247  251  245  251  256  260  265
    40.0-180.0 180.0   5.0 450.0                            LAT/LON1/LON2/DLON/H
  280  286  292  298  306  311  315  318  316  308  299  290  276  269  261  252
  248  247  246  245  257  263  269  274  280  281  281  280  271  261  249  237
  232  223  215  208  200  195  189  184  180  175  170  166  162  160  157  154
  148  144  140  136  133  134  136  138  152  167  184  201  213  225  237  249
  246  253  259  264  258  264  270  275  280
    37.5-180.0 180.0   5.0 450.0                            LAT/LON1/LON2/DLON/H
  295  298  302  307  317  322  327  332  332  327  321  314  298  290  280  270
  264  262  260  259  271  277  283  288  292  292  291  289  275  265  254  243
  237  231  224  217  212  207  202  196  195  190  185  181  179  175  171  167
  161  155  149  143  138  139  141  143  155  170  188  205  220  233  245  256
  257  265  271  276  273  280  286  290  295
    35.0-180.0 180.0   5.0 450.0                            LAT/LON1/LON2/DLON/H
  310  313  316  319  327  333  339  345  347  345  342  337  323  314  304  293
  282  280  278  276  287  293  299  303  306  305  304  301  280  272  263  254
  244  241  236  231  225  221  216  210  213  208  204  199  196  191  186  180
  172  166  158  150  143  143  145  146  156  171  188  206  224  237  250  262
  266  275  282  288  287  294  300  303  310
    32.5-180.0 180.0   5.0 450.0                            LAT/LON1/LON2/DLON/H
  327  331  333  336  339  346  353  360  361  362  362  361  348  340  331  320
  303  301  299  297  305  311  316  320  320  319  317  314  287  281  275  268
  252  251  250  246  238  235  231  225  231  227  223  218  212  207  200  193
  182  174  165  155  147  146  147  148  156  171  187  204  227  241  255  267
  276  286  294  300  303  310  314  316  327
    30.0-180.0 180.0   5.0 450.0                            LAT/LON1/LON2/DLON/H
  344  351  356  362  358  366  374  381  383  391  397  401  378  370  360  349
  328  325  320  315  321  329  336  340  342  336  330  324  312  298  284  271
  271  263  256  249  253  251  248  246  246  243  240  236  223  216  208  199
  186  177  169  159  154  153  152  151  160  171  183  195  230  242  253  264
  284  295  303  309  318  327  334  338  344
    27.5-180.0 180.0   5.0 450.0                            LAT/LON1/LON2/DLON/H
  361  370  377  383  381  388  396  404  409  417  425  430  413  404  393  381
  362  354  346  338  342  347  351  354  357  351  345  338  324  310  296  283
  282  273  264  256  261  259  257  255  257  254  251  247  232  224  214  204
  188  179  170  161  155  153  152  150  157  168  179  192  228  242  255  268
  284  296  307  315  318  333  345  353  361
    25.0-180.0 180.0   5.0 450.0                            LAT/LON1/LON2/DLON/H
  378  391  400  407  407  416  424  432  440  448  455  462  451  442  431  418
  400  389  378  366  365  366  367  369  369  364  358  351  328  315  302  290
  284  274  264  255  258  257  255  254  257  254  251  248  234  224  213  202
  186  177  168  158  153  150  148  146  150  160  172  184  218  235  251  266
  279  294  307  317  316  336  353  365  378
    22.5-180.0 180.0   5.0 450.0                            LAT/LON1/LON2/DLON/H
  393  409  421  430  435  444  452  460  473  480  487  492  490  481  470  457
  438  426  412  397  388  387  386  384  377  372  366  360  325  314  303  292
  279  268  258  248  249  248  247  246  249  247  244  240  227  217  206  194
  181  172  163  153  149  145  142  139  140  150  161  174  205  224  243  260
  273  289  304  316  315  338  357  372  393
    20.0-180.0 180.0   5.0 450.0                            LAT/LON1/LON2/DLON/H
  396  413  428  440  450  462  472  480  494  505  514  520  527  520  511  503
  476  460  443  425  420  412  403  395  391  377  363  350  328  310  294  278
  265  253  241  231  225  222  221  221  222  222  221  221  203  196  188  180
  161  155  148  140  131  129  127  126  118  128  140  153  187  213  239  266
  278  292  306  318  324  343  363  381  396
    17.5-180.0 180.0   5.0 450.0                            LAT/LON1/LON2/DLON/H
  402  420  436  451  462  476  489  499  515  528  539  547  555  553  548  540
  517  499  478  456  445  429  415  402  390  371  353  337  316  295  276  259
  246  232  220  210  201  197  196  197  196  195  195  196  183  176  169  163
  147  141  134  127  122  119  117  116  109  118  130  144  180  207  234  262
  279  294  308  321  330  350  369  387  402
    15.0-180.0 180.0   5.0 450.0                            LAT/LON1/LON2/DLON/H
  403  422  439  456  466  482  496  507  527  542  554  564  575  578  578  572
  555  535  512  488  470  450  430  412  388  366  344  325  302  278  256  237
  229  214  202  192  183  180  178  179  175  174  173  174  164  158  153  149
  134  127  120  114  114  110  107  106  101  110  122  136  170  198  227  257
  280  296  311  325  339  358  376  392  403
    12.5-180.0 180.0   5.0 450.0                            LAT/LON1/LON2/DLON/H
  405  423  442  459  466  483  497  510  529  545  558  568  587  594  596  594
  584  564  541  516  493  469  446  424  383  359  335  314  286  261  238  218
  216  201  189  180  175  171  169  170  162  160  159  160  148  143  140  138
  123  116  109  103  109  104  100   97   94  102  113  127  159  188  219  250
  280  298  315  330  348  366  382  397  405
    10.0-180.0 180.0   5.0 450.0                            LAT/LON1/LON2/DLON/H
  427  439  449  458  476  489  501  511  529  545  559  570  586  599  606  609
  601  585  564  541  507  480  453  425  390  359  328  297  270  251  235  222
  217  203  193  185  176  170  166  165  156  152  149  147  141  135  130  126
  116  109  102   95   93   90   89   89   87   93  102  112  149  182  218  254
  273  297  320  341  352  371  391  410  427
     7.5-180.0 180.0   5.0 450.0                            LAT/LON1/LON2/DLON/H
  440  451  460  469  476  487  497  506  521  535  547  559  581  595  604  610
  608  595  577  555  519  493  465  437  398  364  331  300  272  254  239  228
  220  209  201  198  190  185  181  179  170  163  158  153  146  139  131  124
  114  106   98   90   88   85   83   84   80   85   94  105  143  176  213  250
  277  303  327  348  370  390  409  426  440
     5.0-180.0 180.0   5.0 450.0                            LAT/LON1/LON2/DLON/H
  458  469  478  486  485  493  500  506  515  526  536  546  568  582  593  600
  600  591  577  558  524  499  473  446  406  372  339  308  282  266  254  245
  234  228  224  224  213  209  205  202  188  179  171  163  153  143  133  124
  113  104   95   86   82   80   79   80   73   79   87   97  135  170  207  245
  279  307  333  356  388  409  427  443  458
     2.5-180.0 180.0   5.0 450.0                            LAT/LON1/LON2/DLON/H
  479  491  500  507  502  507  512  516  512  521  528  536  551  564  575  583
  581  575  564  551  518  497  473  449  412  380  349  320  297  284  274  267
  256  254  254  256  239  235  231  227  206  196  185  174  159  147  136  125
  112  102   93   84   79   77   76   78   67   72   80   91  127  161  199  238
  274  306  335  360  402  424  442  457  479
