o1pg2050-20230725.23i
     1.0            IONOSPHERE MAPS     GNSS                IONEX VERSION / TYPE
IONINX V4.3         AIUB                01-Aug-23 09:16     PGM / RUN BY / DATE 
406 1-DAY PREDICTED IONOSPHERE MAPS FOR DAY 205, 2023       COMMENT             
We use the deep learning algorithm, based on the global     DESCRIPTION         
ionospheric map provided by CODE and the final global       DESCRIPTION         
ionospheric map combined by IGS, and use our proposed       DESCRIPTION         
spatiotemporal network model to predict the global          DESCRIPTION         
ionospheric map of the next day.                            DESCRIPTION         
Contact address: wanghongyue@stu.cdut.edu.cn                DESCRIPTION         
  2023    07    24     0     0     0                        EPOCH OF FIRST MAP  
  2023    07    24    22     0     0                        EPOCH OF LAST MAP   
  7200                                                      INTERVAL            
    12                                                      # OF MAPS IN FILE   
  NONE                                                      MAPPING FUNCTION    
     0.0                                                    ELEVATION CUTOFF    
TEC prediction calculated as a spatiotemporal network model OBSERVABLES USED    
  6371.0                                                    BASE RADIUS         
     2                                                      MAP DIMENSION       
   450.0 450.0   0.0                                        HGT1 / HGT2 / DHGT  
    87.5 -87.5  -2.5                                        LAT1 / LAT2 / DLAT  
  -180.0 180.0   5.0                                        LON1 / LON2 / DLON  
    -1                                                      EXPONENT            
TEC values in 0.1 tec units;  9999, if no value available   COMMENT             
                                                            END OF HEADER       
[from data line 3003]
     8                                                      START OF TEC MAP    
  2023    07    24    14     0     0                        EPOCH OF CURRENT MAP
    87.5-180.0 180.0   5.0 450.0                            LAT/LON1/LON2/DLON/H
  165  166  166  167  165  167  168  169  173  174  174  175  175  175  176  176
  175  175  176  176  176  176  176  176  175  175  175  174  174  174  173  172
  173  173  172  171  173  172  171  170  172  172  171  171  171  171  171  171
  170  170  170  170  167  167  167  167  165  166  166  167  166  167  167  166
  167  167  167  166  165  166  167  168  165
    85.0-180.0 180.0   5.0 450.0                            LAT/LON1/LON2/DLON/H
  160  162  163  164  164  166  168  170  173  174  175  176  177  178  178  178
  178  179  179  179  179  179  179  179  179  179  178  177  176  175  174  173
  173  171  170  169  169  168  167  166  167  166  166  165  165  165  165  165
  165  165  164  164  163  163  163  162  163  163  163  163  163  163  163  162
  162  162  162  161  161  162  163  164  160
    82.5-180.0 180.0   5.0 450.0                            LAT/LON1/LON2/DLON/H
  153  155  158  160  161  164  166  169  171  172  174  175  177  178  178  178
  179  179  180  180  181  181  180  179  181  180  179  177  177  175  174  172
  172  171  169  167  167  166  164  163  164  163  162  162  161  161  160  160
  161  161  160  160  160  160  159  159  162  161  161  160  161  161  160  159
  158  157  157  156  155  156  157  158  153
    80.0-180.0 180.0   5.0 450.0                            LAT/LON1/LON2/DLON/H
  152  152  153  154  156  159  162  165  166  168  170  171  170  172  173  174
  173  174  175  176  177  176  176  177  178  177  176  176  180  179  177  176
  177  176  174  173  170  169  168  168  164  165  165  165  162  163  165  166
  163  164  165  166  164  164  164  164  166  165  164  163  162  161  159  157
  154  152  150  148  149  148  148  148  152
    77.5-180.0 180.0   5.0 450.0                            LAT/LON1/LON2/DLON/H
  147  148  148  149  152  154  157  159  160  162  164  164  164  166  167  168
  167  169  171  172  171  172  173  174  175  175  175  175  179  178  177  176
  178  177  176  175  173  172  171  169  167  167  167  167  165  167  168  170
  168  169  170  171  170  170  170  170  171  170  169  167  166  164  162  159
  153  150  148  145  144  142  141  140  147
    75.0-180.0 180.0   5.0 450.0                            LAT/LON1/LON2/DLON/H
  145  146  146  147  149  151  153  155  155  156  158  158  159  161  162  163
  162  164  166  168  168  170  171  172  173  174  175  175  180  180  180  180
  181  181  181  180  178  177  176  174  172  172  172  172  172  173  174  175
  175  176  177  178  178  178  177  177  177  176  175  172  170  167  164  161
  154  151  148  144  141  139  137  135  145
    72.5-180.0 180.0   5.0 450.0                            LAT/LON1/LON2/DLON/H
  144  145  145  145  148  149  150  151  150  151  152  152  153  155  156  156
  157  160  162  163  165  167  168  169  172  174  174  175  181  182  183  183
  185  186  186  185  185  184  182  180  179  179  178  177  179  180  181  182
  182  182  183  183  184  183  183  181  182  181  178  175  173  170  166  162
  157  153  149  145  142  139  136  134  144
    70.0-180.0 180.0   5.0 450.0                            LAT/LON1/LON2/DLON/H
  141  142  142  142  143  146  149  152  151  152  153  154  154  155  157  158
  159  162  165  167  168  171  173  176  178  180  181  182  185  187  189  190
  188  190  191  191  189  188  187  185  186  186  186  185  184  186  188  189
  185  188  189  190  183  185  185  185  179  178  176  174  170  167  163  160
  154  149  145  140  139  137  134  131  141
    67.5-180.0 180.0   5.0 450.0                            LAT/LON1/LON2/DLON/H
  139  140  140  140  142  145  148  150  150  152  153  155  155  157  158  160
  160  164  167  170  170  173  176  179  181  182  184  184  186  189  191  192
  192  194  194  194  193  192  191  188  190  190  189  188  189  191  191  191
  189  190  190  189  184  184  184  182  178  177  175  172  170  167  163  159
  154  150  145  140  139  136  133  130  139
    65.0-180.0 180.0   5.0 450.0                            LAT/LON1/LON2/DLON/H
  136  136  136  136  140  142  144  147  149  151  153  156  157  159  161  163
  163  167  170  173  173  176  179  181  183  185  186  187  189  192  194  195
  195  197  198  197  197  196  194  191  194  194  193  192  194  195  194  194
  192  192  190  188  184  183  181  179  177  175  173  170  168  165  161  157
  152  148  143  138  137  134  131  128  136
    62.5-180.0 180.0   5.0 450.0                            LAT/LON1/LON2/DLON/H
  130  130  130  130  135  137  139  142  146  149  152  155  160  162  164  166
  166  169  173  175  175  178  181  183  185  187  188  188  192  194  196  197
  197  199  200  199  199  198  196  194  197  197  196  194  197  197  196  194
  194  192  189  186  183  181  179  177  176  174  172  169  165  162  158  154
  149  145  140  136  136  133  130  127  130
    60.0-180.0 180.0   5.0 450.0                            LAT/LON1/LON2/DLON/H
  120  119  120  120  120  122  126  131  137  142  149  156  159  161  163  166
  166  167  168  169  172  175  179  182  186  188  190  192  193  196  198  201
  202  203  204  206  204  203  203  202  204  203  201  200  200  199  197  194
  194  192  190  187  187  186  185  183  182  180  178  174  171  166  161  156
  150  145  140  135  132  128  124  121  120
    57.5-180.0 180.0   5.0 450.0                            LAT/LON1/LON2/DLON/H
  114  114  113  114  113  114  117  122  129  135  142  150  158  161  165  168
  168  169  170  171  172  176  180  183  186  189  193  196  197  201  204  207
  206  207  208  209  207  207  207  207  208  208  207  205  204  204  202  199
  197  196  194  191  193  192  191  190  191  188  185  182  179  173  166  158
  150  144  138  132  128  124  120  116  114
    55.0-180.0 180.0   5.0 450.0                            LAT/LON1/LON2/DLON/H
  112  110  109  109  108  108  110  114  121  127  134  143  154  159  163  168
  170  171  172  173  172  176  179  183  186  192  196  200  203  207  211  214
  213  213  213  213  213  213  214  214  215  215  214  213  211  210  208  205
  202  202  201  199  202  203  202  201  203  201  197  194  189  181  173  164
  153  146  140  133  126  121  117  114  112
    52.5-180.0 180.0   5.0 450.0                            LAT/LON1/LON2/DLON/H
  112  110  108  107  104  104  105  107  114  120  128  136  149  155  160  166
  170  171  173  174  172  176  179  182  188  195  200  205  208  213  217  221
  220  220  219  219  220  221  222  222  222  222  221  220  217  217  215  212
  211  211  211  209  215  216  216  215  216  214  211  207  199  191  181  171
  158  151  144  137  129  124  120  116  112
    50.0-180.0 180.0   5.0 450.0                            LAT/LON1/LON2/DLON/H
  119  114  110  107  103  102  102  104  114  120  128  137  148  156  163  171
  170  172  174  175  178  180  182  184  194  201  207  213  216  221  226  231
  230  230  230  230  235  234  233  232  234  232  229  227  228  226  225  224
  225  226  227  227  226  228  229  229  228  225  221  216  209  201  192  182
  174  165  156  147  136  131  128  125  119
    47.5-180.0 180.0   5.0 450.0                            LAT/LON1/LON2/DLON/H
  127  123  119  115  110  109  108  108  116  121  129  138  150  157  165  174
  177  179  181  184  185  187  189  191  200  206  212  218  222  228  233  237
  236  238  239  241  245  245  245  244  243  242  240  236  235  234  233  232
  234  235  235  234  234  235  234  232  232  229  224  219  214  206  197  188
  181  172  163  154  143  139  135  131  127
    45.0-180.0 180.0   5.0 450.0                            LAT/LON1/LON2/DLON/H
  135  131  127  123  119  117  115  115  120  126  132  141  154  161  169  178
  186  189  191  194  194  196  199  201  207  214  219  225  228  233  238  243
  243  247  251  255  258  260  261  261  257  256  254  249  246  246  246  244
  244  244  244  242  239  238  236  232  231  228  223  217  215  207  199  191
  188  179  169  160  151  147  142  139  135
    42.5-180.0 180.0   5.0 450.0                            LAT/LON1/LON2/DLON/H
  141  137  134  130  125  123  121  120  126  131  138  146  159  166  175  184
  195  199  203  206  204  207  210  212  214  220  226  231  232  238  243  247
  250  257  264  270  272  276  279  280  272  271  268  264  260  261  260  259
  256  256  254  252  243  240  237  232  228  224  220  215  213  207  201  194
  193  185  177  168  159  155  151  147  141
    40.0-180.0 180.0   5.0 450.0                            LAT/LON1/LON2/DLON/H
  147  143  140  139  129  128  128  127  132  137  144  152  160  172  183  194
  202  207  211  214  213  216  218  219  223  227  232  236  245  250  256  263
  270  277  286  296  304  305  306  307  299  295  290  287  277  275  274  273
  273  269  264  261  250  244  237  230  224  219  214  209  214  210  206  203
  200  193  186  180  179  173  167  162  147
    37.5-180.0 180.0   5.0 450.0                            LAT/LON1/LON2/DLON/H
  151  145  141  138  130  129  129  130  135  142  151  161  172  183  194  205
  213  218  222  225  225  228  230  231  235  238  243  247  256  262  270  280
  290  302  315  328  338  340  341  341  332  327  322  316  304  301  297  294
  292  286  280  274  261  253  246  237  229  223  217  211  220  215  211  207
  207  200  193  186  183  177  171  165  151
    35.0-180.0 180.0   5.0 450.0                            LAT/LON1/LON2/DLON/H
  154  148  142  137  127  127  128  130  134  144  155  167  181  193  203  214
  222  227  231  234  235  238  240  241  246  250  254  259  268  278  289  301
  317  334  351  367  377  380  381  379  368  363  357  350  334  330  324  318
  315  308  301  292  276  267  259  249  238  232  225  219  228  224  219  214
  215  207  199  192  188  180  173  166  154
    32.5-180.0 180.0   5.0 450.0                            LAT/LON1/LON2/DLON/H
  157  150  144  138  126  127  128  130  133  144  157  171  189  200  212  222
  228  234  239  242  243  247  249  250  257  262  266  271  284  297  311  325
  347  368  389  407  417  421  422  420  405  400  393  385  365  359  352  344
  341  334  325  314  299  290  280  268  254  248  241  234  241  237  232  227
  225  217  209  201  196  187  179  171  157
    30.0-180.0 180.0   5.0 450.0                            LAT/LON1/LON2/DLON/H
  167  158  149  139  126  125  125  127  127  141  156  173  190  202  213  225
  231  237  241  245  243  249  254  257  265  273  281  291  307  326  346  369
  388  411  435  458  461  462  462  460  443  434  425  417  401  390  381  373
  376  368  360  352  338  327  316  306  286  276  268  261  261  253  248  244
  247  239  230  223  225  211  197  186  167
    27.5-180.0 180.0   5.0 450.0                            LAT/LON1/LON2/DLON/H
  178  168  156  144  132  129  126  125  126  138  153  169  189  202  215  228
  234  240  246  250  253  258  263  268  278  288  298  309  327  352  377  401
  427  451  474  495  497  497  495  492  474  465  456  449  433  422  413  405
  413  404  394  384  377  363  348  332  314  303  292  282  279  271  264  259
  259  252  244  237  236  223  210  198  178
    25.0-180.0 180.0   5.0 450.0                            LAT/LON1/LON2/DLON/H
  191  180  167  153  142  136  131  128  125  136  149  165  189  203  217  232
  239  246  252  258  263  268  273  279  291  303  316  329  348  377  406  432
  460  482  503  521  522  520  516  511  496  488  480  472  462  453  444  437
  446  436  425  413  406  388  368  347  328  315  303  291  286  279  272  267
  263  257  251  245  240  229  218  208  191
    22.5-180.0 180.0   5.0 450.0                            LAT/LON1/LON2/DLON/H
  199  188  176  163  152  145  138  133  126  135  147  161  188  203  218  234
  244  251  259  265  272  278  284  291  303  318  333  348  370  401  431  459
  484  504  521  535  535  531  525  518  509  501  494  487  484  477  469  461
  472  461  449  435  420  399  376  351  330  318  305  292  286  281  275  270
  262  258  253  249  243  234  225  216  199
    20.0-180.0 180.0   5.0 450.0                            LAT/LON1/LON2/DLON/H
  203  195  185  174  155  151  145  140  133  136  142  149  180  200  221  243
  247  256  264  272  281  287  293  298  308  326  345  366  389  421  452  483
  505  518  529  539  535  530  523  516  514  511  508  505  496  495  494  493
  497  485  470  454  420  394  368  343  328  313  300  289  288  283  279  275
  266  260  254  248  244  237  230  222  203
    17.5-180.0 180.0   5.0 450.0                            LAT/LON1/LON2/DLON/H
  203  196  186  175  163  159  153  147  136  137  141  147  177  197  219  241
  248  258  268  277  285  292  299  307  319  340  361  381  409  438  467  495
  508  518  526  534  524  518  514  510  515  513  512  512  510  510  509  506
  511  494  474  452  411  381  352  324  310  294  281  272  273  268  263  260
  254  249  244  239  241  234  227  219  203
    15.0-180.0 180.0   5.0 450.0                            LAT/LON1/LON2/DLON/H
  196  188  180  170  163  159  153  147  136  136  137  141  173  193  215  238
  247  259  271  282  288  296  305  315  331  354  376  397  427  453  478  501
  508  515  520  525  517  513  511  510  517  517  519  521  521  520  518  515
  515  493  468  442  399  366  335  306  296  280  268  259  260  254  249  245
  242  237  232  229  233  225  218  211  196
    12.5-180.0 180.0   5.0 450.0                            LAT/LON1/LON2/DLON/H
  184  177  169  161  156  152  147  141  133  131  131  134  170  189  211  234
  246  259  273  285  291  302  313  324  345  369  391  413  442  464  485  505
  508  512  515  518  516  515  515  516  521  525  528  531  527  526  524  521
  510  485  456  427  388  353  320  290  288  272  261  252  250  243  238  233
  229  224  220  216  224  215  207  200  184
    10.0-180.0 180.0   5.0 450.0                            LAT/LON1/LON2/DLON/H
  165  159  153  148  137  133  131  129  124  122  122  124  153  175  200  226
  236  251  266  279  280  297  314  330  348  375  402  427  452  472  489  505
  510  513  516  518  511  518  523  527  530  537  541  543  529  527  522  514
  509  481  449  417  381  354  328  307  291  278  267  259  250  243  236  229
  222  217  213  209  202  194  187  182  165
     7.5-180.0 180.0   5.0 450.0                            LAT/LON1/LON2/DLON/H
  154  147  141  135  125  121  119  118  116  115  117  121  149  173  198  225
  237  253  268  282  286  305  322  339  365  394  421  446  468  484  498  512
  511  515  519  523  525  531  536  540  546  548  548  545  532  527  519  508
  499  471  441  410  378  354  332  314  306  292  280  271  257  246  236  225
  216  209  203  198  190  183  177  172  154
     5.0-180.0 180.0   5.0 450.0                            LAT/LON1/LON2/DLON/H
  147  138  131  125  115  111  108  107  105  106  109  115  145  169  195  222
  237  254  270  284  293  313  332  349  384  413  440  465  484  497  508  519
  516  522  527  533  539  545  550  553  554  551  545  538  525  517  506  494
  481  455  428  401  378  359  343  329  325  310  298  287  265  252  237  224
  213  204  197  190  180  173  168  161  147
     2.5-180.0 180.0   5.0 450.0                            LAT/LON1/LON2/DLON/H
  146  136  128  121  111  106  103  102   98   99  104  111  141  165  192  219
  237  255  272  287  302  324  343  361  402  432  459  483  499  510  519  528
  524  532  539  545  549  554  559  562  553  545  536  525  509  498  486  473
  457  435  412  390  380  367  356  346  340  326  313  301  271  254  238  222
  211  202  192  184  175  168  161  154  146
