o1pg2020-20230722.23i
     1.0            IONOSPHERE MAPS     GNSS                IONEX VERSION / TYPE
IONINX V4.3         AIUB                01-Aug-23 09:07     PGM / RUN BY / DATE 
406 1-DAY PREDICTED IONOSPHERE MAPS FOR DAY 202, 2023       COMMENT             
We use the deep learning algorithm, based on the global     DESCRIPTION         
ionospheric map provided by CODE and the final global       DESCRIPTION         
ionospheric map combined by IGS, and use our proposed       DESCRIPTION         
spatiotemporal network model to predict the global          DESCRIPTION         
ionospheric map of the next day.                            DESCRIPTION         
Contact address: wanghongyue@stu.cdut.edu.cn                DESCRIPTION         
  2023    07    21     0     0     0                        EPOCH OF FIRST MAP  
  2023    07    21    22     0     0                        EPOCH OF LAST MAP   
  7200                                                      INTERVAL            
    12                                                      # OF MAPS IN FILE   
  NONE                                                      MAPPING FUNCTION    
     0.0                                                    ELEVATION CUTOFF    
TEC prediction calculated as a spatiotemporal network model OBSERVABLES USED    
  6371.0                                                    BASE RADIUS         
     2                                                      MAP DIMENSION       
   450.0 450.0   0.0                                        HGT1 / HGT2 / DHGT  
    87.5 -87.5  -2.5                                        LAT1 / LAT2 / DLAT  
  -180.0 180.0   5.0                                        LON1 / LON2 / DLON  
    -1                                                      EXPONENT            
TEC values in 0.1 tec units;  9999, if no value available   COMMENT             
                                                            END OF HEADER       
[from data line 4290]
    11                                                      START OF TEC MAP    
  2023    07    21    20     0     0                        EPOCH OF CURRENT MAP
    87.5-180.0 180.0   5.0 450.0                            LAT/LON1/LON2/DLON/H
  195  195  194  195  194  195  196  197  196  197  197  198  197  196  196  196
  199  198  198  198  199  199  198  197  199  198  197  195  196  195  194  193
  191  190  190  189  187  186  186  185  186  186  186  186  188  188  188  188
  191  191  192  192  191  192  192  192  188  188  188  188  186  187  187  188
  186  187  188  188  185  186  186  186  195
    85.0-180.0 180.0   5.0 450.0                            LAT/LON1/LON2/DLON/H
  193  193  193  194  195  196  198  200  201  202  203  204  203  203  203  203
  205  205  204  204  204  203  202  201  201  200  198  196  195  193  191  189
  187  186  185  183  181  181  180  180  181  181  181  181  184  184  184  185
  187  187  188  188  188  188  188  189  186  186  185  186  183  183  183  184
  181  182  183  183  182  182  183  183  193
    82.5-180.0 180.0   5.0 450.0                            LAT/LON1/LON2/DLON/H
  190  190  192  193  195  197  199  202  204  206  207  209  209  209  209  209
  210  209  209  208  208  207  205  203  203  200  198  195  193  191  188  186
  183  182  180  179  177  177  176  176  177  177  177  178  180  181  181  182
  183  184  184  185  185  186  186  187  184  184  184  184  179  180  180  181
  176  177  177  177  176  176  177  177  190
    80.0-180.0 180.0   5.0 450.0                            LAT/LON1/LON2/DLON/H
  188  188  187  188  193  196  199  202  203  206  209  212  211  212  212  212
  215  214  213  212  215  213  210  207  206  204  200  197  195  192  189  187
  184  183  181  180  178  178  179  179  177  178  180  181  176  178  180  181
  179  181  182  183  184  185  185  185  186  186  186  186  182  181  179  178
  179  177  175  173  173  173  174  176  188
    77.5-180.0 180.0   5.0 450.0                            LAT/LON1/LON2/DLON/H
  188  187  187  188  191  195  199  202  202  207  210  213  213  215  215  215
  218  218  217  216  218  216  214  211  210  207  203  198  196  193  190  187
  184  183  182  181  179  179  179  179  178  179  179  180  176  178  179  180
  178  180  181  182  182  183  184  184  185  186  186  187  183  182  181  180
  180  178  176  175  174  174  176  177  188
    75.0-180.0 180.0   5.0 450.0                            LAT/LON1/LON2/DLON/H
  192  191  191  192  193  197  200  203  203  208  212  214  216  218  218  218
  222  222  221  220  223  221  218  215  214  211  206  201  199  196  192  189
  187  186  185  183  182  182  181  180  180  180  180  179  177  178  179  180
  178  179  180  181  180  181  182  183  184  185  186  187  185  185  184  184
  184  182  181  179  179  180  181  181  192
    72.5-180.0 180.0   5.0 450.0                            LAT/LON1/LON2/DLON/H
  199  198  198  198  198  201  203  206  205  209  213  215  218  219  219  219
  225  224  223  222  227  225  221  217  219  215  209  203  203  199  195  192
  191  190  189  187  186  185  184  182  182  182  181  180  178  178  179  179
  177  177  177  178  178  178  179  180  181  182  183  185  186  186  186  186
  190  188  187  186  187  188  188  189  199
    70.0-180.0 180.0   5.0 450.0                            LAT/LON1/LON2/DLON/H
  207  209  209  209  206  208  210  211  213  217  220  222  225  227  228  228
  233  233  232  230  233  231  228  224  223  219  213  206  201  198  195  192
  190  190  190  189  189  188  186  184  181  180  178  176  173  173  172  170
  170  170  170  169  167  168  169  170  172  175  179  181  186  188  190  192
  197  197  197  196  198  200  201  200  207
    67.5-180.0 180.0   5.0 450.0                            LAT/LON1/LON2/DLON/H
  220  221  222  222  219  220  220  220  222  225  228  229  230  233  233  233
  236  237  236  235  237  236  233  229  227  222  216  209  202  200  198  195
  196  196  195  194  194  192  189  186  182  180  178  175  173  171  169  166
  167  165  163  161  159  159  160  160  163  167  170  174  183  187  190  193
  201  204  205  205  206  209  211  211  220
    65.0-180.0 180.0   5.0 450.0                            LAT/LON1/LON2/DLON/H
  231  232  233  234  231  231  230  229  230  233  234  235  237  238  238  237
  240  241  240  239  241  239  236  232  230  224  218  211  206  204  202  199
  203  203  202  199  199  196  192  187  184  181  178  174  173  170  166  162
  162  159  155  151  149  148  148  148  153  156  160  165  176  181  187  192
  202  206  209  211  212  216  218  219  231
    62.5-180.0 180.0   5.0 450.0                            LAT/LON1/LON2/DLON/H
  239  241  242  243  241  240  238  236  236  238  239  239  243  243  242  241
  245  245  244  242  244  242  239  235  233  227  220  214  211  209  207  205
  210  209  207  204  204  200  194  188  187  183  178  173  173  168  163  157
  157  152  147  142  139  138  137  137  142  146  151  156  167  174  181  188
  200  206  210  214  217  221  224  225  239
    60.0-180.0 180.0   5.0 450.0                            LAT/LON1/LON2/DLON/H
  242  249  254  258  250  249  248  247  248  249  249  249  251  250  249  247
  250  249  248  247  249  248  245  242  239  233  226  221  214  213  212  211
  211  210  209  208  203  198  194  189  185  181  177  172  169  163  157  150
  145  140  135  129  123  123  123  124  128  133  139  145  158  168  179  189
  193  201  209  216  216  224  230  234  242
    57.5-180.0 180.0   5.0 450.0                            LAT/LON1/LON2/DLON/H
  245  252  258  262  257  255  253  251  253  253  252  251  252  252  251  249
  251  250  249  249  251  250  248  246  242  239  235  231  226  226  226  225
  226  224  221  218  213  208  203  198  193  189  184  178  173  166  159  151
  143  138  132  127  120  120  120  121  124  129  134  141  152  162  173  183
  188  197  206  213  214  223  231  237  245
    55.0-180.0 180.0   5.0 450.0                            LAT/LON1/LON2/DLON/H
  248  255  261  265  266  263  260  256  260  258  255  253  252  253  253  251
  253  252  251  250  252  251  250  249  246  245  245  243  240  241  242  241
  244  240  235  229  225  220  215  210  204  199  193  187  179  171  163  153
  144  139  133  128  120  120  121  122  124  128  134  140  150  159  169  178
  186  195  204  212  215  225  234  241  248
    52.5-180.0 180.0   5.0 450.0                            LAT/LON1/LON2/DLON/H
  250  258  264  268  275  271  267  263  266  263  259  256  253  254  253  252
  254  253  252  251  254  253  253  252  251  253  255  255  254  256  257  257
  260  254  247  240  238  233  227  222  213  208  202  195  185  177  167  156
  148  142  137  132  125  125  126  128  128  132  137  143  150  159  168  177
  185  195  204  211  219  229  238  245  250
    50.0-180.0 180.0   5.0 450.0                            LAT/LON1/LON2/DLON/H
  251  261  270  278  280  282  282  282  280  277  274  270  266  264  261  257
  260  257  254  251  254  256  257  259  253  258  263  267  259  265  269  271
  267  264  260  255  248  244  238  230  222  215  206  197  188  178  167  157
  148  142  137  133  129  127  126  126  126  128  131  134  150  157  163  170
  187  198  208  218  222  231  240  248  251
    47.5-180.0 180.0   5.0 450.0                            LAT/LON1/LON2/DLON/H
  260  269  278  287  293  295  297  297  298  292  286  280  276  272  266  261
  264  260  256  252  254  255  257  260  258  264  269  273  270  275  277  277
  276  273  268  262  258  252  244  236  229  220  209  198  190  180  170  161
  154  149  144  140  137  135  134  134  135  136  138  141  156  162  169  176
  194  205  215  225  231  240  249  257  260
    45.0-180.0 180.0   5.0 450.0                            LAT/LON1/LON2/DLON/H
  269  278  287  296  303  308  311  313  315  308  301  293  289  283  276  269
  270  265  260  256  257  259  262  265  265  271  276  281  280  283  283  282
  283  280  276  270  267  260  252  243  235  226  214  202  194  185  177  169
  161  156  153  150  145  144  143  143  142  144  145  148  163  169  175  182
  203  214  224  234  241  251  260  267  269
    42.5-180.0 180.0   5.0 450.0                            LAT/LON1/LON2/DLON/H
  274  283  293  302  311  317  323  326  329  323  316  309  303  295  287  279
  278  273  268  263  262  265  268  273  272  278  284  289  288  289  288  286
  289  287  283  278  275  269  261  251  241  231  219  206  199  192  186  180
  169  166  163  161  153  152  152  152  151  152  153  155  171  177  183  190
  213  224  234  243  253  262  271  277  274
    40.0-180.0 180.0   5.0 450.0                            LAT/LON1/LON2/DLON/H
  278  288  298  308  315  326  335  342  343  340  336  332  321  316  309  302
  291  285  279  274  269  271  274  277  281  288  294  300  303  304  305  305
  306  303  299  295  289  280  268  257  249  238  226  215  210  204  198  192
  182  179  176  172  166  167  167  167  160  163  167  171  169  176  185  193
  211  226  239  251  262  274  285  295  278
    37.5-180.0 180.0   5.0 450.0                            LAT/LON1/LON2/DLON/H
  291  298  306  314  323  333  342  351  358  357  356  354  346  339  330  322
  311  304  297  290  286  288  291  294  297  303  309  315  314  315  317  318
  319  318  315  312  305  295  282  268  259  249  237  226  223  217  210  203
  194  190  186  181  176  177  176  176  170  172  175  178  177  184  193  201
  219  234  248  260  270  284  296  305  291
    35.0-180.0 180.0   5.0 450.0                            LAT/LON1/LON2/DLON/H
  302  308  314  320  327  337  347  357  367  370  373  374  370  363  354  344
  333  326  318  310  305  307  310  313  314  319  325  331  328  331  334  337
  337  337  337  334  322  311  297  281  272  262  251  240  238  231  224  216
  205  200  195  188  183  183  183  182  177  179  182  184  180  187  195  203
  223  238  252  264  279  293  305  313  302
    32.5-180.0 180.0   5.0 450.0                            LAT/LON1/LON2/DLON/H
  314  320  325  330  332  343  354  365  374  381  388  393  394  387  378  369
  357  350  342  334  325  328  332  334  333  339  344  350  348  353  358  363
  356  359  360  358  339  327  312  296  287  277  267  256  252  245  237  228
  212  207  201  193  186  187  186  185  181  183  186  188  182  189  196  204
  227  241  255  266  290  303  314  321  314
    30.0-180.0 180.0   5.0 450.0                            LAT/LON1/LON2/DLON/H
  320  329  337  345  340  352  362  372  380  395  408  418  417  415  412  407
  385  378  371  363  358  361  364  365  362  366  370  375  373  378  384  389
  381  381  380  376  358  344  329  312  302  290  278  267  271  257  243  230
  220  212  204  196  193  193  192  191  188  186  185  183  185  189  193  199
  215  230  244  258  291  302  310  317  320
    27.5-180.0 180.0   5.0 450.0                            LAT/LON1/LON2/DLON/H
  328  339  349  356  355  366  378  389  400  416  431  444  447  446  444  440
  419  411  402  392  385  385  385  387  387  392  397  402  404  409  414  417
  412  406  398  387  371  354  336  317  310  298  287  276  272  259  246  234
  217  210  203  196  192  191  191  189  187  185  182  180  184  187  191  196
  210  226  242  256  285  300  313  322  328
    25.0-180.0 180.0   5.0 450.0                            LAT/LON1/LON2/DLON/H
  336  350  362  371  373  386  398  409  425  441  456  470  478  478  476  473
  456  446  434  423  413  411  409  410  411  417  423  428  431  436  439  439
  433  420  405  387  369  350  330  309  303  292  282  272  263  252  240  229
  210  205  199  194  188  187  186  184  182  179  176  173  178  180  184  188
  202  219  235  251  279  298  314  326  336
    22.5-180.0 180.0   5.0 450.0                            LAT/LON1/LON2/DLON/H
  344  360  375  386  392  406  419  431  452  467  481  494  509  510  508  505
  492  481  468  455  442  438  436  434  434  440  446  452  452  456  457  456
  442  422  400  376  355  334  313  292  287  277  268  259  248  238  228  218
  202  198  193  189  184  182  180  177  175  172  168  165  169  171  174  179
  193  210  226  243  276  296  314  328  344
    20.0-180.0 180.0   5.0 450.0                            LAT/LON1/LON2/DLON/H
  346  363  378  391  399  415  430  442  458  478  497  511  531  536  539  541
  520  510  497  484  474  465  457  448  451  456  463  470  470  473  474  474
  452  425  397  368  340  314  288  265  257  248  242  238  220  213  206  200
  183  181  178  175  166  164  161  158  156  155  153  151  149  152  156  160
  181  202  225  247  273  295  316  335  346
    17.5-180.0 180.0   5.0 450.0                            LAT/LON1/LON2/DLON/H
  346  364  380  395  406  424  441  454  475  496  515  532  551  561  568  572
  558  548  536  522  504  492  480  471  466  469  473  477  479  476  472  467
  440  408  375  343  306  278  253  231  224  215  210  208  199  193  189  187
  175  174  172  169  160  157  153  150  146  144  142  140  138  142  146  152
  171  194  218  242  267  289  310  329  346
    15.0-180.0 180.0   5.0 450.0                            LAT/LON1/LON2/DLON/H
  341  359  376  392  407  427  444  459  483  505  525  543  562  576  587  594
  585  577  566  552  532  517  503  492  481  483  483  484  486  477  467  457
  428  391  354  320  282  254  230  210  201  193  188  188  182  179  177  178
  169  168  166  165  154  150  145  141  137  134  131  129  127  130  135  141
  161  184  209  235  262  283  303  321  341
    12.5-180.0 180.0   5.0 450.0                            LAT/LON1/LON2/DLON/H
  335  353  371  387  406  425  443  459  485  506  525  543  565  582  595  605
  604  598  588  577  556  540  526  513  496  495  493  491  492  478  463  448
  416  376  338  302  269  243  221  203  190  182  178  178  173  172  173  176
  166  165  163  162  152  145  139  134  131  126  122  119  117  120  125  131
  151  175  201  227  257  277  296  312  335
    10.0-180.0 180.0   5.0 450.0                            LAT/LON1/LON2/DLON/H
  334  351  369  387  415  433  449  464  486  505  522  536  559  581  600  616
  614  613  609  602  577  563  547  532  520  514  505  495  499  485  467  449
  414  374  334  296  264  242  223  206  198  191  188  187  189  187  185  184
  174  169  163  157  149  143  137  131  123  118  113  110  114  113  114  117
  133  157  184  214  243  269  294  319  334
     7.5-180.0 180.0   5.0 450.0                            LAT/LON1/LON2/DLON/H
  338  356  375  393  415  432  447  461  475  489  504  517  545  566  585  603
  617  619  618  614  589  576  562  547  532  523  513  501  501  485  468  449
  408  371  336  303  285  265  248  233  228  220  214  210  211  205  198  192
  181  172  163  153  146  139  132  127  118  112  107  103  106  106  107  110
  123  148  176  207  240  268  294  319  338
     5.0-180.0 180.0   5.0 450.0                            LAT/LON1/LON2/DLON/H
  345  365  385  404  422  437  450  463  470  480  490  501  530  549  567  584
  606  612  614  613  592  582  569  556  540  531  520  507  501  485  468  450
  404  374  345  318  314  298  284  271  265  254  246  238  233  222  210  199
  185  173  160  147  141  134  128  124  115  108  103   98  101  100  102  105
  116  141  170  201  238  267  295  320  345
     2.5-180.0 180.0   5.0 450.0                            LAT/LON1/LON2/DLON/H
  357  378  400  419  439  452  463  473  474  480  487  493  520  535  550  565
  588  596  600  603  588  580  571  561  546  537  526  513  501  487  471  454
  401  377  355  335  345  333  321  310  299  287  276  264  249  234  218  202
  185  171  156  141  137  130  125  121  113  106  100   95   96   96   98  102
  109  135  165  197  236  266  294  319  357
