o1pg2070-20230727.23i
     1.0            IONOSPHERE MAPS     GNSS                IONEX VERSION / TYPE
IONINX V4.3         AIUB                01-Aug-23 09:18     PGM / RUN BY / DATE 
406 1-DAY PREDICTED IONOSPHERE MAPS FOR DAY 207, 2023       COMMENT             
We use the deep learning algorithm, based on the global     DESCRIPTION         
ionospheric map provided by CODE and the final global       DESCRIPTION         
ionospheric map combined by IGS, and use our proposed       DESCRIPTION         
spatiotemporal network model to predict the global          DESCRIPTION         
ionospheric map of the next day.                            DESCRIPTION         
Contact address: wanghongyue@stu.cdut.edu.cn                DESCRIPTION         
  2023    07    26     0     0     0                        EPOCH OF FIRST MAP  
  2023    07    26    22     0     0                        EPOCH OF LAST MAP   
  7200                                                      INTERVAL            
    12                                                      # OF MAPS IN FILE   
  NONE                                                      MAPPING FUNCTION    
     0.0                                                    ELEVATION CUTOFF    
TEC prediction calculated as a spatiotemporal network model OBSERVABLES USED    
  6371.0                                                    BASE RADIUS         
     2                                                      MAP DIMENSION       
   450.0 450.0   0.0                                        HGT1 / HGT2 / DHGT  
    87.5 -87.5  -2.5                                        LAT1 / LAT2 / DLAT  
  -180.0 180.0   5.0                                        LON1 / LON2 / DLON  
    -1                                                      EXPONENT            
TEC values in 0.1 tec units;  9999, if no value available   COMMENT             
                                                            END OF HEADER       
[from data line 3861]
    10                                                      START OF TEC MAP    
  2023    07    26    18     0     0                        EPOCH OF CURRENT MAP
    87.5-180.0 180.0   5.0 450.0                            LAT/LON1/LON2/DLON/H
  188  189  189  190  186  187  188  190  191  191  192  192  190  191  191  191
  192  192  192  192  194  193  193  192  194  193  192  191  194  193  192  191
  193  192  191  190  190  190  189  188  189  189  189  189  190  191  191  191
  193  193  194  194  195  196  196  196  193  193  193  194  190  191  192  192
  192  192  192  192  193  194  195  195  188
    85.0-180.0 180.0   5.0 450.0                            LAT/LON1/LON2/DLON/H
  187  188  189  191  187  189  191  193  195  196  197  198  198  198  199  199
  201  201  201  201  201  200  199  198  199  197  196  194  195  193  191  189
  190  188  187  185  185  184  183  182  182  182  182  182  184  184  184  185
  187  188  188  188  191  192  192  192  190  190  191  191  187  188  189  190
  188  189  189  188  190  191  192  193  187
    82.5-180.0 180.0   5.0 450.0                            LAT/LON1/LON2/DLON/H
  184  186  188  190  188  190  192  195  197  198  200  201  203  204  205  206
  208  209  209  208  207  206  205  203  202  200  198  195  195  192  190  187
  187  185  183  181  180  179  178  176  177  177  177  177  178  178  179  180
  183  183  184  185  188  189  189  189  189  189  189  190  184  186  187  188
  183  184  185  185  184  185  187  188  184
    80.0-180.0 180.0   5.0 450.0                            LAT/LON1/LON2/DLON/H
  180  180  180  180  182  185  188  191  196  200  203  206  204  207  209  210
  212  212  212  212  214  211  208  206  206  202  199  195  198  195  192  190
  189  187  185  184  182  181  181  181  177  178  180  181  176  178  181  183
  180  183  185  187  184  186  187  188  189  189  188  187  188  188  187  186
  184  183  182  181  175  175  175  176  180
    77.5-180.0 180.0   5.0 450.0                            LAT/LON1/LON2/DLON/H
  180  180  180  181  181  184  187  190  195  199  202  205  204  208  211  213
  213  215  216  216  215  214  211  209  207  204  200  196  197  195  192  189
  189  187  186  184  183  183  182  182  179  180  181  182  179  181  183  185
  182  185  187  188  186  187  188  189  189  189  189  188  187  186  186  185
  182  181  180  178  175  174  174  175  180
    75.0-180.0 180.0   5.0 450.0                            LAT/LON1/LON2/DLON/H
  184  184  185  185  184  187  189  192  195  199  202  205  205  209  212  214
  216  218  219  220  219  218  216  213  211  208  204  199  200  197  195  191
  191  190  189  188  187  187  186  185  184  184  185  185  184  185  186  188
  186  188  189  190  188  188  189  189  188  188  188  187  185  185  185  184
  183  181  180  179  177  177  177  177  184
    72.5-180.0 180.0   5.0 450.0                            LAT/LON1/LON2/DLON/H
  190  191  192  192  189  192  194  195  195  199  202  204  205  208  211  213
  216  219  220  221  221  221  219  216  216  212  207  202  203  201  198  195
  196  195  194  193  194  193  192  191  190  189  189  189  189  189  190  190
  190  190  190  190  189  188  188  188  186  186  185  184  183  183  182  182
  184  183  182  180  182  182  181  181  190
    70.0-180.0 180.0   5.0 450.0                            LAT/LON1/LON2/DLON/H
  199  201  202  203  198  199  201  201  203  205  207  207  209  213  216  218
  221  224  225  226  228  227  225  222  222  218  213  207  203  201  198  195
  196  196  196  196  196  195  194  192  190  191  190  189  189  190  190  189
  189  189  188  187  181  181  180  179  173  173  173  172  175  177  179  181
  184  186  188  190  194  197  199  200  199
    67.5-180.0 180.0   5.0 450.0                            LAT/LON1/LON2/DLON/H
  208  211  212  214  210  211  212  212  212  214  215  215  216  219  222  223
  225  228  230  231  233  233  231  228  226  222  217  210  205  204  202  199
  201  202  202  201  202  201  199  197  195  195  193  192  192  192  191  189
  190  188  186  182  177  176  173  171  165  165  164  164  168  171  173  177
  182  186  189  192  197  201  204  205  208
    65.0-180.0 180.0   5.0 450.0                            LAT/LON1/LON2/DLON/H
  215  218  220  222  222  222  222  222  221  222  223  222  224  226  228  229
  230  233  235  236  238  237  236  233  230  226  220  214  210  209  207  205
  208  209  209  207  209  207  205  202  200  199  197  195  196  194  192  189
  191  187  182  176  172  168  165  161  156  155  154  155  158  161  165  170
  177  181  186  190  197  202  205  207  215
    62.5-180.0 180.0   5.0 450.0                            LAT/LON1/LON2/DLON/H
  218  222  225  227  231  231  230  229  228  229  229  228  233  234  234  234
  236  238  239  240  241  241  239  237  233  229  223  218  216  215  214  211
  215  215  215  213  214  212  209  206  205  203  201  198  199  196  192  188
  190  184  177  170  166  161  156  152  147  145  145  146  148  152  157  164
  170  176  181  187  196  201  205  208  218
    60.0-180.0 180.0   5.0 450.0                            LAT/LON1/LON2/DLON/H
  219  227  235  242  236  236  236  236  237  238  238  238  242  242  242  241
  243  245  246  247  245  244  243  242  237  232  228  224  221  220  219  219
  222  222  221  221  221  218  216  214  215  213  211  209  209  205  200  195
  190  184  177  170  159  155  151  147  138  138  137  137  140  143  147  151
  156  163  170  177  188  196  204  210  219
    57.5-180.0 180.0   5.0 450.0                            LAT/LON1/LON2/DLON/H
  216  225  233  241  239  240  240  240  242  242  241  240  243  245  245  244
  245  246  247  247  245  244  243  242  237  235  233  230  228  228  229  229
  232  231  230  229  228  227  225  224  224  222  220  217  214  210  205  197
  191  185  177  169  160  155  151  146  138  137  137  137  138  140  143  146
  148  154  161  168  177  187  196  204  216
    55.0-180.0 180.0   5.0 450.0                            LAT/LON1/LON2/DLON/H
  213  223  232  241  245  246  246  246  246  246  245  243  245  246  247  246
  247  247  247  248  245  244  243  243  238  239  239  239  237  239  240  242
  243  241  240  238  238  238  237  236  235  235  232  229  223  218  212  203
  195  188  181  172  164  159  155  150  143  142  141  141  139  141  142  144
  142  148  154  160  168  178  188  197  213
    52.5-180.0 180.0   5.0 450.0                            LAT/LON1/LON2/DLON/H
  212  222  232  241  251  252  253  253  250  249  248  246  245  247  247  246
  248  248  247  247  245  244  243  243  241  244  246  248  245  249  251  253
  253  251  249  246  249  249  249  249  247  246  244  239  233  227  219  210
  201  194  186  178  171  166  162  158  150  149  149  148  144  144  145  146
  140  145  150  156  162  172  182  192  212
    50.0-180.0 180.0   5.0 450.0                            LAT/LON1/LON2/DLON/H
  210  220  231  242  255  259  261  264  262  260  258  255  255  255  255  254
  255  253  250  247  249  247  246  245  245  249  252  256  253  257  261  263
  259  259  259  259  261  263  264  265  266  264  261  257  244  236  228  218
  203  197  190  183  173  169  165  161  158  156  154  153  154  151  148  146
  147  148  149  150  160  168  176  184  210
    47.5-180.0 180.0   5.0 450.0                            LAT/LON1/LON2/DLON/H
  215  226  237  249  265  270  275  278  277  274  270  266  265  264  262  260
  262  259  255  252  251  250  249  248  250  254  258  262  262  265  268  269
  265  267  269  269  271  274  275  275  276  274  269  261  249  241  232  221
  210  203  195  187  182  177  173  168  167  165  163  161  162  159  157  154
  154  154  155  155  166  174  182  190  215
    45.0-180.0 180.0   5.0 450.0                            LAT/LON1/LON2/DLON/H
  220  232  244  257  274  282  289  294  292  289  285  280  278  276  273  270
  273  269  264  261  258  257  256  257  258  262  266  270  271  274  276  276
  274  278  281  283  284  287  289  289  287  283  277  268  255  248  238  227
  216  209  202  193  189  185  180  176  175  173  171  170  170  168  165  163
  162  162  162  163  174  182  189  196  220
    42.5-180.0 180.0   5.0 450.0                            LAT/LON1/LON2/DLON/H
  222  235  248  261  280  291  300  308  305  304  301  297  292  290  286  283
  284  280  276  273  266  266  267  268  268  272  277  281  280  283  284  284
  284  290  295  299  298  302  305  306  296  292  285  276  262  255  246  235
  223  216  209  200  194  191  187  183  181  180  178  177  177  175  173  172
  170  171  171  171  184  191  197  203  222
    40.0-180.0 180.0   5.0 450.0                            LAT/LON1/LON2/DLON/H
  225  241  258  276  285  297  308  318  322  322  319  316  306  305  302  298
  299  295  290  285  279  278  277  278  283  286  290  294  298  302  306  312
  309  313  318  324  323  323  321  319  313  303  293  283  269  258  246  235
  231  222  213  204  202  199  197  194  189  190  191  191  185  184  182  180
  183  182  181  180  190  197  205  212  225
    37.5-180.0 180.0   5.0 450.0                            LAT/LON1/LON2/DLON/H
  229  243  259  276  289  301  313  324  333  334  334  332  327  324  320  315
  317  312  306  301  296  296  296  297  300  303  308  313  314  320  327  335
  335  343  350  356  355  354  349  342  335  325  313  301  287  274  261  247
  241  232  222  212  210  208  206  203  201  202  202  202  198  196  193  190
  194  191  189  186  194  200  206  212  229
    35.0-180.0 180.0   5.0 450.0                            LAT/LON1/LON2/DLON/H
  230  244  259  275  287  301  313  326  336  340  343  345  344  341  337  332
  333  329  324  318  314  315  316  318  319  323  328  334  337  345  355  366
  370  380  389  395  389  387  380  369  360  349  337  323  305  292  277  261
  251  241  231  219  217  216  214  211  212  213  213  213  211  208  204  200
  205  201  197  193  199  203  208  212  230
    32.5-180.0 180.0   5.0 450.0                            LAT/LON1/LON2/DLON/H
  230  244  259  276  285  300  314  328  336  344  350  355  359  357  354  350
  349  346  342  338  333  335  337  339  340  344  351  357  366  378  390  402
  408  421  431  439  424  420  411  398  385  374  361  346  323  309  293  276
  258  248  237  225  222  222  220  218  221  223  224  223  222  219  216  211
  216  211  206  201  208  210  212  214  230
    30.0-180.0 180.0   5.0 450.0                            LAT/LON1/LON2/DLON/H
  236  252  268  286  286  298  310  323  334  347  360  370  372  372  372  370
  366  364  363  360  354  359  363  367  369  374  381  389  405  417  430  445
  451  460  467  472  454  448  438  425  396  385  372  358  342  321  300  279
  267  253  239  227  228  229  230  233  226  230  234  237  228  226  223  220
  217  211  204  196  201  200  199  199  236
    27.5-180.0 180.0   5.0 450.0                            LAT/LON1/LON2/DLON/H
  235  252  269  286  287  300  313  326  338  353  367  379  385  388  389  389
  388  386  383  381  378  379  382  387  391  399  409  419  439  456  473  489
  498  503  506  506  488  476  461  443  417  402  385  368  349  327  304  282
  267  254  243  232  234  236  238  241  237  240  244  246  241  238  234  229
  224  217  210  202  202  202  201  201  235
    25.0-180.0 180.0   5.0 450.0                            LAT/LON1/LON2/DLON/H
  235  253  272  289  291  305  319  333  343  359  374  387  401  406  409  411
  416  413  410  408  405  405  407  412  417  428  440  453  472  493  513  530
  538  538  536  530  510  492  471  447  422  404  383  363  343  320  297  275
  260  251  241  233  235  238  240  243  240  243  246  248  246  242  237  231
  226  219  212  204  204  203  203  203  235
    22.5-180.0 180.0   5.0 450.0                            LAT/LON1/LON2/DLON/H
  231  251  271  289  294  310  326  340  351  367  382  396  420  426  431  435
  447  445  442  438  434  434  437  441  440  454  469  484  500  523  544  561
  566  560  552  540  518  494  468  441  414  393  370  347  324  303  281  260
  250  242  236  230  232  235  238  241  239  242  245  246  244  241  235  229
  225  219  212  205  207  207  207  207  231
    20.0-180.0 180.0   5.0 450.0                            LAT/LON1/LON2/DLON/H
  219  243  270  297  298  311  323  334  358  374  389  402  422  436  450  463
  458  461  464  466  459  459  459  461  466  480  495  514  535  555  574  593
  589  582  571  559  539  506  470  433  404  377  351  326  301  282  267  254
  233  229  226  225  218  221  224  228  233  235  236  235  226  225  223  219
  206  204  201  198  195  196  198  201  219
    17.5-180.0 180.0   5.0 450.0                            LAT/LON1/LON2/DLON/H
  211  237  265  294  299  314  328  341  361  378  394  409  429  450  468  483
  486  492  495  498  489  485  484  486  491  503  516  530  552  570  585  599
  589  580  567  552  527  489  450  411  374  344  316  292  275  257  243  234
  225  221  219  219  216  218  220  223  225  225  224  223  213  211  208  203
  194  192  191  189  189  190  193  195  211
    15.0-180.0 180.0   5.0 450.0                            LAT/LON1/LON2/DLON/H
  198  225  254  284  295  313  329  343  361  380  397  412  433  458  480  498
  506  514  519  523  514  510  508  509  516  526  536  544  564  577  588  596
  582  571  557  540  514  474  434  395  350  319  291  268  257  241  230  224
  223  220  219  221  216  217  218  219  217  214  212  209  198  194  190  185
  180  178  177  176  180  182  184  186  198
    12.5-180.0 180.0   5.0 450.0                            LAT/LON1/LON2/DLON/H
  185  211  240  271  288  307  325  340  361  380  397  413  436  464  488  508
  521  530  537  543  537  533  532  532  538  546  552  556  571  579  584  587
  571  560  545  528  504  464  425  388  336  306  279  256  250  237  229  225
  227  226  226  227  220  218  218  217  211  206  201  197  184  179  173  167
  166  164  163  162  172  173  175  176  185
    10.0-180.0 180.0   5.0 450.0                            LAT/LON1/LON2/DLON/H
  158  188  224  265  283  301  319  338  359  378  395  411  439  466  490  512
  533  545  553  559  552  551  550  551  557  561  564  566  580  582  582  579
  570  554  536  516  494  461  426  391  338  312  288  267  261  254  249  246
  243  242  241  240  236  231  226  221  209  199  189  178  165  158  151  145
  144  140  138  138  138  137  138  141  158
     7.5-180.0 180.0   5.0 450.0                            LAT/LON1/LON2/DLON/H
  145  176  213  255  277  297  318  339  361  380  399  415  438  463  487  508
  534  546  556  563  562  562  563  564  574  577  578  578  581  580  576  572
  560  547  531  514  501  471  438  405  364  339  317  296  294  285  277  271
  262  258  252  247  242  235  227  221  207  195  183  172  158  150  142  135
  130  127  126  126  121  122  125  130  145
     5.0-180.0 180.0   5.0 450.0                            LAT/LON1/LON2/DLON/H
  135  166  204  246  274  296  319  341  363  384  403  421  438  461  482  502
  528  540  550  557  565  568  571  574  589  591  591  589  584  579  573  567
  551  541  529  516  506  480  451  423  395  373  352  332  328  317  306  297
  277  269  259  249  244  235  225  217  204  191  177  165  154  145  136  128
  121  118  117  117  110  112  116  122  135
     2.5-180.0 180.0   5.0 450.0                            LAT/LON1/LON2/DLON/H
  130  161  198  241  277  300  324  347  371  392  412  430  443  463  481  498
  519  530  540  548  562  568  574  580  598  600  600  597  589  583  575  567
  543  537  530  520  506  484  462  439  424  405  386  368  357  344  332  320
  284  272  259  245  240  229  219  209  197  184  170  157  151  142  133  125
  116  113  112  113  104  107  112  118  130
