o1pg2040-20230724.23i
     1.0            IONOSPHERE MAPS     GNSS                IONEX VERSION / TYPE
IONINX V4.3         AIUB                01-Aug-23 09:11     PGM / RUN BY / DATE 
406 1-DAY PREDICTED IONOSPHERE MAPS FOR DAY 204, 2023       COMMENT             
We use the deep learning algorithm, based on the global     DESCRIPTION         
ionospheric map provided by CODE and the final global       DESCRIPTION         
ionospheric map combined by IGS, and use our proposed       DESCRIPTION         
spatiotemporal network model to predict the global          DESCRIPTION         
ionospheric map of the next day.                            DESCRIPTION         
Contact address: wanghongyue@stu.cdut.edu.cn                DESCRIPTION         
  2023    07    23     0     0     0                        EPOCH OF FIRST MAP  
  2023    07    23    22     0     0                        EPOCH OF LAST MAP   
  7200                                                      INTERVAL            
    12                                                      # OF MAPS IN FILE   
  NONE                                                      MAPPING FUNCTION    
     0.0                                                    ELEVATION CUTOFF    
TEC prediction calculated as a spatiotemporal network model OBSERVABLES USED    
  6371.0                                                    BASE RADIUS         
     2                                                      MAP DIMENSION       
   450.0 450.0   0.0                                        HGT1 / HGT2 / DHGT  
    87.5 -87.5  -2.5                                        LAT1 / LAT2 / DLAT  
  -180.0 180.0   5.0                                        LON1 / LON2 / DLON  
    -1                                                      EXPONENT            
TEC values in 0.1 tec units;  9999, if no value available   COMMENT             
                                                            END OF HEADER       
[from data line 3003]
     8                                                      START OF TEC MAP    
  2023    07    23    14     0     0                        EPOCH OF CURRENT MAP
    87.5-180.0 180.0   5.0 450.0                            LAT/LON1/LON2/DLON/H
  181  182  183  184  182  183  185  186  190  190  191  191  191  191  191  191
  190  191  191  191  191  191  191  191  189  189  189  188  187  187  186  185
  187  187  186  185  187  186  185  184  187  187  186  186  187  187  187  187
  188  188  187  187  185  185  185  185  183  184  185  185  184  185  185  184
  185  185  185  184  182  184  184  185  181
    85.0-180.0 180.0   5.0 450.0                            LAT/LON1/LON2/DLON/H
  177  178  180  182  181  184  186  188  191  192  193  194  194  195  195  195
  195  195  195  195  195  195  195  195  194  193  192  191  190  189  188  186
  187  186  184  183  184  183  182  180  182  181  181  180  181  181  181  180
  182  182  181  181  180  180  180  180  180  180  180  180  181  181  180  180
  180  180  180  179  179  180  181  181  177
    82.5-180.0 180.0   5.0 450.0                            LAT/LON1/LON2/DLON/H
  170  173  175  178  179  181  184  187  189  191  192  193  195  195  196  195
  196  196  197  197  197  197  197  196  196  195  194  192  191  190  188  186
  187  185  183  181  182  181  179  177  179  178  177  176  177  176  176  176
  178  177  177  176  177  177  176  176  179  178  178  177  179  178  177  176
  176  175  175  174  174  175  175  176  170
    80.0-180.0 180.0   5.0 450.0                            LAT/LON1/LON2/DLON/H
  170  170  171  171  174  177  180  183  184  186  188  189  187  189  190  190
  190  191  192  193  193  193  193  193  194  193  192  191  194  193  191  190
  192  190  188  186  185  184  182  181  178  179  179  179  176  177  179  180
  178  179  180  181  179  179  179  179  181  180  179  178  178  177  175  173
  170  168  166  164  165  165  165  164  170
    77.5-180.0 180.0   5.0 450.0                            LAT/LON1/LON2/DLON/H
  166  166  166  167  169  171  174  176  178  180  181  182  181  183  184  184
  183  185  187  188  187  189  189  190  190  190  190  189  193  192  191  190
  192  191  190  189  187  186  185  183  181  181  181  181  179  181  182  184
  182  184  185  186  185  186  186  185  187  186  185  183  181  180  177  174
  169  166  163  161  160  158  157  156  166
    75.0-180.0 180.0   5.0 450.0                            LAT/LON1/LON2/DLON/H
  164  164  164  165  166  168  170  171  172  174  175  175  175  177  178  178
  178  180  182  184  183  185  186  187  188  189  189  189  193  194  194  193
  195  195  195  194  192  191  190  188  186  186  186  186  185  187  188  190
  190  191  192  193  194  194  193  193  194  193  191  189  186  184  180  177
  170  167  163  160  157  154  152  151  164
    72.5-180.0 180.0   5.0 450.0                            LAT/LON1/LON2/DLON/H
  164  164  164  164  164  166  167  168  167  168  169  168  169  170  171  171
  173  175  177  179  179  181  183  184  186  187  188  189  194  195  196  196
  198  199  200  200  198  198  196  194  193  193  192  192  193  194  195  196
  197  197  198  199  201  200  199  198  200  198  196  193  191  187  183  178
  173  169  165  161  157  154  151  149  164
    70.0-180.0 180.0   5.0 450.0                            LAT/LON1/LON2/DLON/H
  161  161  161  160  159  162  166  169  167  168  169  170  169  171  172  173
  174  177  180  182  181  184  187  190  192  194  196  197  199  201  203  204
  202  204  204  205  203  202  200  198  199  199  199  198  199  201  202  203
  201  204  205  206  201  203  204  204  198  197  196  194  190  186  183  179
  171  167  162  157  155  153  150  147  161
    67.5-180.0 180.0   5.0 450.0                            LAT/LON1/LON2/DLON/H
  161  161  160  160  159  161  164  167  167  168  170  171  171  173  174  175
  176  179  182  184  184  187  190  192  194  196  198  199  200  203  205  207
  206  208  209  208  207  206  204  201  204  204  203  202  204  206  206  206
  206  207  207  207  203  204  203  203  200  199  197  194  192  189  185  180
  174  170  165  159  156  154  150  147  161
    65.0-180.0 180.0   5.0 450.0                            LAT/LON1/LON2/DLON/H
  158  158  157  156  157  159  162  164  166  168  170  172  174  176  178  179
  179  182  185  187  186  189  192  195  196  199  200  201  203  206  208  209
  210  212  212  212  211  210  209  206  209  209  208  207  210  211  211  210
  210  210  209  207  203  203  203  201  200  199  197  194  192  188  184  180
  175  170  165  159  156  153  149  146  158
    62.5-180.0 180.0   5.0 450.0                            LAT/LON1/LON2/DLON/H
  155  154  153  152  154  156  157  160  164  167  170  172  178  180  182  183
  183  185  188  190  188  191  194  196  198  200  202  203  206  209  211  212
  212  214  215  214  213  213  211  209  212  212  212  211  214  214  213  212
  212  211  209  206  203  203  201  200  200  199  197  195  190  187  183  179
  174  169  164  158  156  153  149  146  155
    60.0-180.0 180.0   5.0 450.0                            LAT/LON1/LON2/DLON/H
  145  144  144  143  141  143  146  151  156  161  168  176  178  180  182  184
  184  184  184  185  185  189  192  195  198  200  203  205  206  209  212  215
  216  217  218  220  219  218  217  217  221  220  218  217  219  217  215  212
  214  212  209  206  209  208  207  206  206  205  203  200  197  193  188  182
  176  171  165  159  154  150  145  141  145
    57.5-180.0 180.0   5.0 450.0                            LAT/LON1/LON2/DLON/H
  142  140  139  138  135  136  139  143  149  155  162  169  177  180  183  186
  186  186  187  187  186  189  193  196  198  202  206  209  210  214  218  221
  220  221  222  223  222  222  222  223  226  225  225  223  223  223  221  218
  217  216  214  211  214  214  214  213  215  213  211  208  206  200  193  185
  177  170  164  157  150  145  141  136  142
    55.0-180.0 180.0   5.0 450.0                            LAT/LON1/LON2/DLON/H
  140  138  137  135  132  131  133  136  142  148  155  163  173  178  182  186
  187  188  188  189  186  190  193  196  199  204  210  214  216  221  225  228
  227  228  228  229  229  230  230  231  233  234  233  232  230  230  229  226
  223  223  222  220  224  224  225  224  227  225  223  219  216  209  200  190
  180  173  165  157  148  143  139  134  140
    52.5-180.0 180.0   5.0 450.0                            LAT/LON1/LON2/DLON/H
  141  139  136  135  130  129  130  132  136  142  149  157  168  173  179  184
  187  188  189  189  187  190  193  196  201  208  214  219  221  227  232  235
  234  235  235  235  237  238  239  240  241  242  241  240  238  238  236  233
  232  232  232  231  236  237  238  237  240  238  235  232  225  217  207  196
  185  177  169  161  151  146  141  137  141
    50.0-180.0 180.0   5.0 450.0                            LAT/LON1/LON2/DLON/H
  148  143  140  136  131  129  129  130  138  143  150  158  170  177  183  190
  188  190  191  193  194  196  198  200  209  216  222  228  231  237  243  247
  247  247  247  248  254  253  252  252  254  252  250  248  248  247  246  245
  247  248  248  249  249  251  252  252  252  250  246  241  234  226  217  207
  200  190  180  170  158  154  150  146  148
    47.5-180.0 180.0   5.0 450.0                            LAT/LON1/LON2/DLON/H
  156  152  148  144  139  137  136  135  141  145  152  159  173  179  185  193
  196  198  200  202  202  204  206  209  217  223  229  235  239  245  250  254
  253  256  258  259  264  265  265  264  264  263  261  257  255  255  255  253
  255  256  256  255  256  257  256  254  256  253  248  242  238  230  221  211
  206  196  185  175  164  160  156  152  156
    45.0-180.0 180.0   5.0 450.0                            LAT/LON1/LON2/DLON/H
  163  159  156  152  147  145  144  143  146  150  156  163  176  182  189  197
  205  208  211  213  212  215  217  220  226  232  238  243  246  252  257  261
  261  266  270  274  277  279  281  281  278  277  275  271  266  267  267  266
  265  266  265  263  260  259  257  253  252  249  244  239  236  229  221  212
  210  200  190  180  171  166  162  158  163
    42.5-180.0 180.0   5.0 450.0                            LAT/LON1/LON2/DLON/H
  167  164  161  158  153  151  149  148  151  155  161  167  181  187  195  202
  215  219  222  225  223  226  229  232  234  240  245  250  251  257  262  267
  268  276  283  289  291  295  298  299  292  292  290  285  280  281  281  280
  277  276  275  271  262  260  256  251  247  244  239  235  233  227  221  214
  214  205  196  187  178  173  169  165  167
    40.0-180.0 180.0   5.0 450.0                            LAT/LON1/LON2/DLON/H
  170  167  165  165  155  154  154  153  155  161  167  175  182  194  205  215
  224  229  233  236  233  237  239  241  247  251  256  260  268  272  278  284
  291  297  305  315  324  324  324  326  323  318  314  310  300  298  296  295
  295  290  285  280  269  262  255  247  242  237  232  227  232  228  225  222
  218  211  203  196  197  190  184  179  170
    37.5-180.0 180.0   5.0 450.0                            LAT/LON1/LON2/DLON/H
  174  169  165  163  153  153  153  154  157  165  174  184  194  205  216  225
  235  240  243  246  246  249  252  253  259  263  267  272  279  285  293  302
  311  322  335  347  358  360  360  359  356  351  346  340  328  324  320  317
  314  308  301  294  279  271  263  254  246  240  235  229  237  233  229  225
  224  217  209  202  200  193  187  180  174
    35.0-180.0 180.0   5.0 450.0                            LAT/LON1/LON2/DLON/H
  177  171  165  161  150  150  151  152  155  165  177  189  204  215  225  235
  243  248  252  255  256  259  262  263  271  275  279  284  292  301  311  323
  336  353  370  385  395  398  399  398  391  387  381  374  358  353  348  342
  337  330  321  312  294  285  275  265  255  249  243  236  245  241  237  232
  231  223  216  208  204  196  190  182  177
    32.5-180.0 180.0   5.0 450.0                            LAT/LON1/LON2/DLON/H
  180  173  166  161  146  147  149  151  152  164  177  192  210  222  232  242
  249  254  259  262  263  267  270  271  282  286  291  296  307  319  333  346
  365  386  407  425  433  438  439  438  428  424  417  409  389  383  376  368
  363  355  346  335  316  307  296  284  271  265  258  251  257  254  250  245
  240  232  224  216  212  203  195  188  180
    30.0-180.0 180.0   5.0 450.0                            LAT/LON1/LON2/DLON/H
  190  181  171  162  147  146  146  147  148  161  177  194  210  222  234  246
  251  257  262  266  264  271  276  280  289  296  304  314  328  346  366  388
  401  424  447  470  472  474  474  473  460  453  445  438  422  411  402  395
  396  388  380  372  354  342  331  320  302  293  285  278  279  270  263  258
  259  249  241  233  238  224  211  199  190
    27.5-180.0 180.0   5.0 450.0                            LAT/LON1/LON2/DLON/H
  201  190  179  166  153  149  146  145  146  158  173  189  209  222  235  248
  253  260  266  270  273  279  285  290  300  310  320  331  347  370  394  418
  438  461  484  505  507  507  506  504  490  483  476  470  453  443  435  427
  433  424  414  404  391  377  362  346  329  318  308  298  295  286  278  272
  269  261  253  246  249  236  224  212  201
    25.0-180.0 180.0   5.0 450.0                            LAT/LON1/LON2/DLON/H
  212  201  188  175  162  156  151  146  144  155  169  183  207  222  236  251
  257  265  271  277  282  289  295  301  312  324  337  350  366  394  421  447
  470  491  511  528  530  529  526  522  511  505  498  492  482  473  465  458
  466  456  445  433  418  401  381  361  342  330  317  306  301  293  286  280
  273  266  260  254  254  243  233  222  212
    22.5-180.0 180.0   5.0 450.0                            LAT/LON1/LON2/DLON/H
  218  207  195  183  171  163  157  151  144  153  165  179  205  221  236  252
  261  269  277  284  291  298  305  312  323  338  352  367  386  416  445  472
  493  511  527  540  542  538  534  528  523  517  511  505  502  495  488  481
  489  479  467  454  431  410  388  363  343  331  318  305  301  295  289  283
  272  267  263  259  258  249  240  232  218
    20.0-180.0 180.0   5.0 450.0                            LAT/LON1/LON2/DLON/H
  219  213  204  195  173  169  163  157  151  153  157  163  194  214  236  258
  265  274  282  290  301  306  311  316  328  345  363  383  402  433  465  496
  513  527  538  547  545  540  534  528  529  527  525  524  513  513  512  511
  514  502  487  470  433  407  381  355  340  326  313  303  301  296  292  289
  278  273  267  261  255  249  242  235  219
    17.5-180.0 180.0   5.0 450.0                            LAT/LON1/LON2/DLON/H
  216  210  202  193  179  175  169  163  151  152  155  160  189  210  232  255
  264  274  284  294  303  310  316  324  337  358  378  399  421  451  480  508
  517  527  536  543  533  528  524  521  527  527  527  528  525  524  523  521
  525  509  488  465  420  390  361  333  319  304  291  282  286  280  276  273
  268  263  258  254  253  247  240  233  216
    15.0-180.0 180.0   5.0 450.0                            LAT/LON1/LON2/DLON/H
  204  199  192  184  176  172  167  161  149  148  149  152  184  205  228  251
  261  273  286  298  304  313  322  332  349  371  394  415  439  466  491  515
  517  524  530  535  526  523  521  521  528  529  532  534  532  532  530  527
  526  504  479  452  406  373  341  311  302  287  276  267  272  267  262  259
  257  252  248  244  246  239  231  224  204
    12.5-180.0 180.0   5.0 450.0                            LAT/LON1/LON2/DLON/H
  189  184  178  171  166  162  158  153  143  141  141  143  179  200  222  246
  257  272  286  300  306  317  329  341  362  386  409  431  455  478  499  518
  517  522  525  528  525  525  526  527  532  535  539  543  537  535  533  530
  520  494  465  435  393  358  324  293  293  279  268  260  263  257  252  247
  246  241  236  233  238  230  221  214  189
    10.0-180.0 180.0   5.0 450.0                            LAT/LON1/LON2/DLON/H
  165  161  157  155  143  140  139  138  131  129  129  132  159  183  209  236
  246  262  277  291  293  310  328  345  363  391  417  443  469  488  504  518
  524  526  528  529  524  530  536  540  544  550  553  555  540  537  531  524
  518  490  459  426  386  358  332  310  299  286  276  269  265  259  253  247
  240  235  231  227  219  210  203  196  165
     7.5-180.0 180.0   5.0 450.0                            LAT/LON1/LON2/DLON/H
  152  146  142  138  128  125  123  124  120  120  122  126  154  179  206  234
  245  262  278  293  298  317  336  353  381  409  436  462  486  500  514  526
  525  528  530  534  538  544  549  553  560  561  560  557  544  538  529  518
  510  482  451  420  385  361  339  320  317  304  292  283  274  264  254  244
  235  228  222  217  207  200  193  186  152
     5.0-180.0 180.0   5.0 450.0                            LAT/LON1/LON2/DLON/H
  144  136  130  125  115  111  110  110  107  108  112  118  148  173  201  230
  244  262  279  294  305  326  345  364  400  429  457  482  502  514  524  534
  532  536  540  544  553  558  563  567  570  566  560  553  540  530  519  506
  495  469  441  414  391  372  355  341  341  327  315  304  285  271  257  243
  233  224  216  209  197  190  183  176  144
     2.5-180.0 180.0   5.0 450.0                            LAT/LON1/LON2/DLON/H
  142  133  125  119  109  105  103  103   98  100  105  113  143  168  196  226
  244  263  281  297  314  337  357  376  419  448  476  500  518  527  535  543
  540  546  553  558  564  569  574  577  571  563  553  542  527  515  502  489
  475  452  429  407  399  386  374  365  363  350  338  326  292  276  258  241
  231  221  211  202  193  185  177  169  142
