o1pg2000-20230720.23i
     1.0            IONOSPHERE MAPS     GNSS                IONEX VERSION / TYPE
IONINX V4.3         AIUB                19-Jul-23 21:47     PGM / RUN BY / DATE 
406 1-DAY PREDICTED IONOSPHERE MAPS FOR DAY 200, 2023       COMMENT             
We use the deep learning algorithm, based on the global     DESCRIPTION         
ionospheric map provided by CODE and the final global       DESCRIPTION         
ionospheric map combined by IGS, and use our proposed       DESCRIPTION         
spatiotemporal network model to predict the global          DESCRIPTION         
ionospheric map of the next day.                            DESCRIPTION         
Contact address: wanghongyue@stu.cdut.edu.cn                DESCRIPTION         
  2023    07    19     0     0     0                        EPOCH OF FIRST MAP  
  2023    07    19    22     0     0                        EPOCH OF LAST MAP   
  7200                                                      INTERVAL            
    12                                                      # OF MAPS IN FILE   
  NONE                                                      MAPPING FUNCTION    
     0.0                                                    ELEVATION CUTOFF    
TEC prediction calculated as a spatiotemporal network model OBSERVABLES USED    
  6371.0                                                    BASE RADIUS         
     2                                                      MAP DIMENSION       
   450.0 450.0   0.0                                        HGT1 / HGT2 / DHGT  
    87.5 -87.5  -2.5                                        LAT1 / LAT2 / DLAT  
  -180.0 180.0   5.0                                        LON1 / LON2 / DLON  
    -1                                                      EXPONENT            
TEC values in 0.1 tec units;  9999, if no value available   COMMENT             
                                                            END OF HEADER       
[from data line 858]
     3                                                      START OF TEC MAP    
  2023    07    19     4     0     0                        EPOCH OF CURRENT MAP
    87.5-180.0 180.0   5.0 450.0                            LAT/LON1/LON2/DLON/H
  170  170  169  169  165  165  165  166  165  165  165  165  167  167  166  166
  166  166  165  165  166  166  165  164  166  166  165  164  165  165  165  164
  160  161  161  160  156  157  157  157  155  156  156  157  156  156  157  158
  157  157  158  159  158  158  159  160  160  161  162  163  162  163  163  163
  160  161  161  161  160  161  162  163  170
    85.0-180.0 180.0   5.0 450.0                            LAT/LON1/LON2/DLON/H
  171  170  170  170  167  167  168  168  168  169  169  170  171  171  171  170
  170  169  168  167  168  166  165  163  163  162  161  159  159  158  158  156
  154  154  154  153  150  152  152  153  151  153  154  155  155  156  157  158
  158  158  159  160  160  161  161  163  163  164  164  165  164  164  164  164
  160  160  160  159  157  158  160  160  171
    82.5-180.0 180.0   5.0 450.0                            LAT/LON1/LON2/DLON/H
  170  170  171  171  167  168  169  170  170  171  171  172  173  173  173  172
  172  171  170  168  167  165  163  161  158  157  154  152  152  151  149  147
  147  147  147  147  146  147  148  150  150  151  153  155  155  157  158  160
  160  161  162  163  164  165  166  167  169  169  169  169  168  167  167  166
  160  160  159  157  154  155  156  155  170
    80.0-180.0 180.0   5.0 450.0                            LAT/LON1/LON2/DLON/H
  175  174  172  170  167  168  168  169  171  173  174  174  175  176  176  176
  174  173  172  170  167  163  160  157  152  149  145  142  141  140  138  137
  139  139  139  141  145  146  147  148  153  154  156  157  161  163  165  167
  170  172  174  175  176  178  179  180  180  181  181  181  180  178  175  173
  169  166  163  160  159  158  158  157  175
    77.5-180.0 180.0   5.0 450.0                            LAT/LON1/LON2/DLON/H
  178  176  174  173  167  167  168  168  168  170  171  170  171  172  172  171
  171  170  168  166  162  159  155  151  145  141  137  134  132  131  130  129
  133  134  136  138  143  146  148  150  156  158  160  162  168  171  173  176
  180  183  185  187  189  191  193  194  194  195  195  195  192  190  187  183
  178  174  170  166  161  160  159  157  178
    75.0-180.0 180.0   5.0 450.0                            LAT/LON1/LON2/DLON/H
  183  181  179  176  169  168  168  167  167  168  168  167  167  168  167  165
  166  165  163  161  158  154  150  145  139  135  131  126  125  124  124  123
  128  131  134  137  143  146  150  153  160  163  166  168  176  179  183  185
  192  195  198  200  203  205  207  208  208  209  209  208  205  203  199  195
  189  185  180  174  168  166  164  161  183
    72.5-180.0 180.0   5.0 450.0                            LAT/LON1/LON2/DLON/H
  188  186  183  181  172  171  169  167  167  166  165  163  163  162  160  158
  160  158  155  152  152  148  143  138  133  129  124  120  120  119  119  119
  125  129  133  136  142  147  151  155  163  166  170  173  183  187  190  193
  202  205  208  210  214  216  217  218  219  219  219  217  216  213  209  204
  201  196  190  184  178  175  172  168  188
    70.0-180.0 180.0   5.0 450.0                            LAT/LON1/LON2/DLON/H
  199  196  192  187  184  181  178  175  172  169  165  161  157  155  153  150
  150  149  148  147  145  142  139  136  126  123  120  117  115  116  116  118
  124  127  132  137  146  150  155  160  166  171  176  181  187  193  198  203
  208  214  218  221  218  221  222  223  220  220  219  217  215  212  207  203
  201  198  193  187  185  183  179  175  199
    67.5-180.0 180.0   5.0 450.0                            LAT/LON1/LON2/DLON/H
  207  203  199  195  190  186  183  179  173  170  166  161  155  152  148  143
  144  143  141  139  141  138  135  132  125  122  119  116  114  115  116  117
  123  127  132  137  145  151  157  163  169  175  182  189  194  200  206  211
  216  220  223  225  222  224  224  223  220  219  218  215  214  212  208  204
  205  202  198  192  192  190  187  182  207
    65.0-180.0 180.0   5.0 450.0                            LAT/LON1/LON2/DLON/H
  212  208  204  199  194  190  186  181  176  172  167  161  154  150  144  139
  139  136  134  131  136  133  130  128  123  120  117  114  114  115  116  117
  123  127  131  136  144  150  157  164  171  179  187  195  201  207  214  219
  222  225  227  228  223  224  223  221  216  216  214  212  210  208  205  202
  204  202  199  194  195  194  191  187  212
    62.5-180.0 180.0   5.0 450.0                            LAT/LON1/LON2/DLON/H
  215  211  206  202  197  192  187  182  178  173  168  162  156  150  143  136
  136  132  129  125  131  128  126  124  121  118  116  113  115  116  116  117
  122  126  130  134  141  148  155  163  171  180  190  200  206  213  220  226
  226  229  230  231  223  222  220  218  212  211  209  207  204  203  201  198
  201  200  198  194  199  197  195  191  215
    60.0-180.0 180.0   5.0 450.0                            LAT/LON1/LON2/DLON/H
  220  215  208  202  198  193  189  185  179  175  171  167  157  150  143  137
  130  126  123  120  117  115  114  114  113  111  111  111  117  116  116  116
  123  124  125  128  138  144  151  160  171  180  190  200  206  212  216  221
  227  228  228  228  226  224  222  219  214  213  211  209  203  202  201  199
  198  198  196  195  197  198  196  194  220
    57.5-180.0 180.0   5.0 450.0                            LAT/LON1/LON2/DLON/H
  224  219  213  206  202  196  191  185  182  177  172  166  160  154  147  140
  131  126  121  117  114  112  110  109  109  109  108  109  116  115  114  114
  119  119  121  123  134  141  150  160  171  182  193  204  210  217  223  228
  232  234  235  235  232  231  228  225  221  219  217  214  207  206  204  202
  200  199  198  196  200  201  201  199  224
    55.0-180.0 180.0   5.0 450.0                            LAT/LON1/LON2/DLON/H
  231  227  222  216  210  204  197  190  186  180  174  168  164  157  150  143
  133  127  121  115  112  109  107  105  108  107  107  108  115  114  113  113
  116  116  117  119  130  138  149  161  172  184  196  209  214  223  230  236
  241  244  246  247  245  243  241  238  233  230  227  224  216  214  211  209
  205  205  203  201  206  207  207  207  231
    52.5-180.0 180.0   5.0 450.0                            LAT/LON1/LON2/DLON/H
  242  239  234  228  221  214  206  198  192  185  178  171  168  161  154  147
  136  129  122  115  113  109  106  104  109  109  109  110  117  116  115  114
  114  113  114  117  128  137  148  161  172  185  198  211  219  228  237  244
  252  256  259  261  260  260  258  255  248  245  242  239  226  224  222  219
  213  213  212  209  215  216  217  216  242
    50.0-180.0 180.0   5.0 450.0                            LAT/LON1/LON2/DLON/H
  254  251  247  242  233  224  215  206  199  190  182  174  171  165  158  151
  142  135  128  122  118  116  114  114  117  117  116  116  117  115  114  112
  111  111  111  112  124  135  148  160  175  192  208  223  230  242  254  264
  269  276  281  286  285  285  282  280  271  267  262  255  248  244  239  234
  230  228  227  225  225  227  230  232  254
    47.5-180.0 180.0   5.0 450.0                            LAT/LON1/LON2/DLON/H
  273  270  266  262  254  245  235  224  215  205  194  183  180  172  164  156
  149  142  135  130  127  125  124  124  129  128  127  125  125  123  120  116
  114  114  115  117  128  139  151  163  180  195  210  225  236  249  260  270
  283  290  297  301  305  304  301  296  292  286  279  271  262  258  254  249
  246  244  243  241  239  242  245  247  273
    45.0-180.0 180.0   5.0 450.0                            LAT/LON1/LON2/DLON/H
  288  285  282  279  272  264  254  243  233  221  208  195  189  180  171  162
  155  149  143  140  138  137  136  137  144  142  139  137  136  132  127  122
  118  119  120  123  132  143  155  167  184  199  213  227  242  255  267  278
  293  303  310  315  321  320  317  312  308  302  294  285  274  271  267  263
  260  259  258  255  254  257  260  261  288
    42.5-180.0 180.0   5.0 450.0                            LAT/LON1/LON2/DLON/H
  298  297  295  293  287  280  270  260  249  237  223  208  197  188  179  170
  162  157  153  151  152  151  152  153  159  157  154  150  147  142  136  129
  124  125  127  130  138  148  159  171  188  202  216  230  248  262  275  287
  305  316  325  331  335  336  334  330  321  315  308  300  285  283  281  278
  275  275  274  272  271  273  274  274  298
    40.0-180.0 180.0   5.0 450.0                            LAT/LON1/LON2/DLON/H
  305  306  305  305  298  295  290  283  271  255  239  222  209  197  183  170
  167  164  163  162  167  168  170  172  173  171  169  166  164  155  146  137
  143  139  136  134  136  144  154  165  180  199  218  238  253  267  281  293
  309  318  324  330  345  346  345  344  347  339  329  320  302  296  291  287
  291  290  289  288  302  301  301  301  305
    37.5-180.0 180.0   5.0 450.0                            LAT/LON1/LON2/DLON/H
  320  316  312  308  306  302  296  289  281  267  252  236  220  206  192  177
  173  170  169  169  177  180  183  186  190  187  185  183  179  170  160  152
  153  149  146  144  141  149  158  169  185  204  223  243  261  275  288  299
  315  326  333  337  352  358  361  360  363  358  351  343  327  322  316  311
  314  313  312  309  321  320  319  316  320
    35.0-180.0 180.0   5.0 450.0                            LAT/LON1/LON2/DLON/H
  336  329  321  313  310  305  298  292  286  274  261  248  228  214  199  185
  178  176  176  177  188  191  195  199  206  204  201  199  192  184  175  167
  162  159  155  153  145  152  161  171  188  207  226  246  265  280  293  303
  316  328  336  340  351  362  370  371  379  379  376  369  355  352  348  343
  342  342  339  336  349  347  343  337  336
    32.5-180.0 180.0   5.0 450.0                            LAT/LON1/LON2/DLON/H
  355  346  336  326  316  311  304  298  290  280  269  259  237  223  208  194
  184  183  183  185  198  202  207  212  220  218  216  213  204  197  189  181
  169  166  163  160  148  155  163  173  191  210  229  249  269  283  296  307
  317  330  338  344  355  370  380  386  399  404  404  401  387  387  385  382
  376  376  374  369  388  383  376  368  355
    30.0-180.0 180.0   5.0 450.0                            LAT/LON1/LON2/DLON/H
  401  385  370  355  334  325  317  309  303  292  281  270  245  229  212  196
  190  186  184  183  203  211  220  228  235  235  235  234  222  210  197  185
  178  169  160  152  151  157  165  174  194  216  241  267  270  281  292  303
  313  319  324  330  356  371  386  401  421  427  432  439  441  434  429  428
  426  422  418  414  421  415  408  400  401
    27.5-180.0 180.0   5.0 450.0                            LAT/LON1/LON2/DLON/H
  446  429  411  393  365  350  335  322  317  302  287  274  256  238  220  204
  199  194  192  192  214  222  232  241  254  253  250  247  230  217  203  189
  179  170  160  152  150  156  163  172  189  211  236  262  265  278  290  302
  309  319  328  336  364  386  406  422  448  460  470  478  483  481  478  476
  469  468  466  463  461  462  459  452  446
    25.0-180.0 180.0   5.0 450.0                            LAT/LON1/LON2/DLON/H
  499  483  465  445  410  390  370  352  340  322  304  288  271  252  233  216
  212  206  204  203  228  236  245  254  270  267  263  256  232  218  204  189
  176  166  156  147  144  149  156  165  179  200  223  249  256  270  284  297
  304  319  333  344  373  400  425  444  469  486  500  512  518  519  520  519
  509  510  510  508  503  508  508  504  499
    22.5-180.0 180.0   5.0 450.0                            LAT/LON1/LON2/DLON/H
  551  539  522  502  463  441  417  394  372  351  331  313  289  270  251  233
  228  222  219  218  244  252  260  268  279  275  269  261  228  214  200  184
  170  159  149  139  135  139  146  155  168  186  209  233  242  258  274  290
  301  321  339  355  386  417  444  465  485  505  523  537  542  548  551  553
  540  544  545  543  541  547  549  546  551
    20.0-180.0 180.0   5.0 450.0                            LAT/LON1/LON2/DLON/H
  605  595  580  560  530  506  479  450  401  378  356  333  306  287  271  255
  242  236  233  231  261  270  279  286  300  286  271  256  227  207  187  167
  152  145  137  130  128  127  128  131  146  167  192  221  233  252  272  292
  302  325  347  369  402  426  449  469  500  513  525  534  557  563  568  573
  571  576  581  586  588  596  602  603  605
    17.5-180.0 180.0   5.0 450.0                            LAT/LON1/LON2/DLON/H
  631  628  618  604  580  557  529  498  447  420  392  363  336  314  294  277
  267  259  254  252  281  286  291  296  299  282  264  246  213  193  172  152
  140  131  123  117  112  111  112  116  125  146  173  203  223  245  267  291
  309  335  359  382  420  442  463  482  508  519  530  540  560  567  574  580
  583  589  594  598  604  613  620  624  631
    15.0-180.0 180.0   5.0 450.0                            LAT/LON1/LON2/DLON/H
  638  641  638  630  613  591  564  533  484  454  422  389  363  339  317  298
  287  277  270  267  292  292  293  295  288  268  248  227  193  172  152  134
  124  116  108  101   97   96   98  102  107  128  155  187  213  238  264  291
  316  345  372  397  437  457  475  493  514  523  532  542  558  566  574  580
  587  593  599  603  609  618  624  628  638
    12.5-180.0 180.0   5.0 450.0                            LAT/LON1/LON2/DLON/H
  629  636  639  638  628  608  584  556  509  477  444  410  384  361  338  318
  306  295  287  281  297  294  291  288  268  247  225  204  173  153  133  116
  111  102   95   89   85   85   86   91   95  115  142  174  203  232  262  293
  323  355  384  412  454  471  488  504  520  527  535  543  553  562  570  577
  587  593  598  601  604  610  614  616  629
    10.0-180.0 180.0   5.0 450.0                            LAT/LON1/LON2/DLON/H
  618  629  635  634  610  597  578  555  510  481  447  410  393  379  363  346
  333  325  317  308  307  292  276  260  244  220  195  172  147  134  122  112
  104   97   92   88   81   77   76   77   79  104  136  172  199  233  268  303
  323  356  388  417  455  476  494  510  522  530  538  544  551  558  565  573
  589  593  598  603  610  613  617  618  618
     7.5-180.0 180.0   5.0 450.0                            LAT/LON1/LON2/DLON/H
  603  610  611  608  597  582  562  537  499  468  434  398  387  374  360  346
  339  331  323  315  304  286  267  248  220  196  173  152  134  122  112  104
  101   94   89   85   78   75   74   74   73   98  129  166  199  231  265  299
  324  357  388  417  459  481  500  517  538  547  554  561  570  577  583  587
  599  603  607  610  612  612  612  610  603
     5.0-180.0 180.0   5.0 450.0                            LAT/LON1/LON2/DLON/H
  597  599  595  588  580  563  541  515  475  444  411  377  373  361  349  338
  339  332  324  316  297  277  256  235  199  177  156  138  126  116  108  102
  102   95   90   86   78   75   73   73   69   93  124  161  195  226  259  293
  321  354  385  413  457  481  502  521  551  561  569  575  588  595  600  602
  607  613  617  619  618  614  611  606  597
     2.5-180.0 180.0   5.0 450.0                            LAT/LON1/LON2/DLON/H
  598  595  588  576  565  545  521  495  447  417  386  355  353  343  334  326
  332  325  317  310  283  262  240  218  182  163  145  129  125  118  112  108
  106  100   95   91   78   76   74   74   67   90  120  156  189  220  253  286
  315  348  380  409  453  479  503  525  559  570  579  586  599  606  611  612
  612  619  625  628  627  622  615  608  598
