o1pg2050-20230725.23i
     1.0            IONOSPHERE MAPS     GNSS                IONEX VERSION / TYPE
IONINX V4.3         AIUB                01-Aug-23 09:16     PGM / RUN BY / DATE 
406 1-DAY PREDICTED IONOSPHERE MAPS FOR DAY 205, 2023       COMMENT             
We use the deep learning algorithm, based on the global     DESCRIPTION         
ionospheric map provided by CODE and the final global       DESCRIPTION         
ionospheric map combined by IGS, and use our proposed       DESCRIPTION         
spatiotemporal network model to predict the global          DESCRIPTION         
ionospheric map of the next day.                            DESCRIPTION         
Contact address: wanghongyue@stu.cdut.edu.cn                DESCRIPTION         
  2023    07    24     0     0     0                        EPOCH OF FIRST MAP  
  2023    07    24    22     0     0                        EPOCH OF LAST MAP   
  7200                                                      INTERVAL            
    12                                                      # OF MAPS IN FILE   
  NONE                                                      MAPPING FUNCTION    
     0.0                                                    ELEVATION CUTOFF    
TEC prediction calculated as a spatiotemporal network model OBSERVABLES USED    
  6371.0                                                    BASE RADIUS         
     2                                                      MAP DIMENSION       
   450.0 450.0   0.0                                        HGT1 / HGT2 / DHGT  
    87.5 -87.5  -2.5                                        LAT1 / LAT2 / DLAT  
  -180.0 180.0   5.0                                        LON1 / LON2 / DLON  
    -1                                                      EXPONENT            
TEC values in 0.1 tec units;  9999, if no value available   COMMENT             
                                                            END OF HEADER       
[from data line 429]
     2                                                      START OF TEC MAP    
  2023    07    24     2     0     0                        EPOCH OF CURRENT MAP
    87.5-180.0 180.0   5.0 450.0                            LAT/LON1/LON2/DLON/H
  170  169  169  169  168  168  168  169  168  168  168  167  171  170  170  170
  169  169  168  168  167  167  166  165  164  163  162  160  162  162  161  159
  160  160  160  159  160  161  161  161  161  162  163  164  162  163  163  164
  161  161  161  161  159  159  159  159  157  157  158  159  159  160  161  161
  162  163  163  162  164  165  166  166  170
    85.0-180.0 180.0   5.0 450.0                            LAT/LON1/LON2/DLON/H
  173  173  173  174  173  173  173  174  173  173  173  173  176  176  175  175
  175  175  174  173  172  171  169  168  166  164  162  160  159  158  157  155
  155  154  154  153  154  154  155  155  156  157  158  159  159  160  161  162
  160  160  160  160  159  159  159  159  158  158  159  159  161  162  162  163
  164  164  164  163  165  166  166  166  173
    82.5-180.0 180.0   5.0 450.0                            LAT/LON1/LON2/DLON/H
  174  175  176  178  175  176  177  177  176  177  177  177  180  180  179  178
  179  179  178  177  175  173  171  169  166  163  161  158  156  154  152  149
  150  149  148  147  149  149  149  150  152  153  155  156  157  158  159  161
  160  160  160  161  161  160  160  160  161  161  161  161  165  165  165  165
  166  166  165  164  165  165  165  165  174
    80.0-180.0 180.0   5.0 450.0                            LAT/LON1/LON2/DLON/H
  178  178  177  176  178  179  180  180  181  183  184  184  185  186  186  186
  185  185  184  183  180  177  175  172  167  163  159  156  152  149  147  144
  144  144  143  143  146  147  148  150  153  155  157  159  162  164  165  167
  166  167  168  168  168  168  168  167  171  171  171  171  175  176  176  177
  174  172  171  169  169  168  168  168  178
    77.5-180.0 180.0   5.0 450.0                            LAT/LON1/LON2/DLON/H
  181  181  180  180  179  180  181  181  181  183  184  184  185  186  186  185
  185  185  184  183  178  176  173  170  163  159  155  151  147  145  142  140
  141  141  141  141  144  146  148  149  153  156  158  160  164  166  168  170
  171  172  174  175  176  176  176  176  180  181  182  181  184  185  185  184
  181  179  176  174  171  170  169  168  181
    75.0-180.0 180.0   5.0 450.0                            LAT/LON1/LON2/DLON/H
  186  186  186  185  182  183  183  183  183  184  184  184  186  186  185  184
  185  184  183  181  177  175  172  168  160  157  153  149  145  143  141  139
  139  140  141  141  145  147  148  150  154  157  160  162  166  169  172  175
  176  178  180  182  184  185  185  185  190  191  191  191  193  193  193  191
  189  187  183  179  177  175  173  170  186
    72.5-180.0 180.0   5.0 450.0                            LAT/LON1/LON2/DLON/H
  191  191  191  190  186  186  186  185  186  186  185  184  186  185  183  180
  183  182  180  177  175  172  169  165  158  155  151  146  143  142  140  139
  140  141  142  143  146  148  150  151  155  158  160  163  168  171  175  177
  180  182  185  187  189  190  190  190  196  197  197  196  199  199  198  195
  197  194  190  185  185  182  179  176  191
    70.0-180.0 180.0   5.0 450.0                            LAT/LON1/LON2/DLON/H
  201  200  197  194  194  194  194  194  190  190  190  189  186  185  182  179
  177  176  174  171  168  166  163  160  154  151  147  143  143  143  142  142
  143  144  145  146  149  150  151  151  156  159  163  166  170  175  180  185
  184  188  192  195  191  194  196  197  195  196  196  196  196  196  195  194
  193  191  189  187  189  187  184  179  201
    67.5-180.0 180.0   5.0 450.0                            LAT/LON1/LON2/DLON/H
  207  206  204  201  199  199  198  197  193  193  193  191  187  185  182  178
  175  173  170  167  167  164  161  158  153  150  146  143  143  143  142  142
  144  145  145  145  148  149  149  149  153  156  160  165  171  176  181  186
  187  191  194  196  193  195  197  197  195  196  196  196  197  197  197  196
  196  196  194  192  196  195  191  187  207
    65.0-180.0 180.0   5.0 450.0                            LAT/LON1/LON2/DLON/H
  212  211  208  205  203  202  201  199  196  196  195  193  190  187  183  178
  174  171  168  164  165  162  159  156  153  149  145  142  144  144  143  142
  146  146  145  145  147  146  146  147  150  153  158  163  172  177  183  188
  190  193  196  198  195  196  197  197  194  195  196  196  195  196  197  196
  197  197  196  195  200  199  196  192  212
    62.5-180.0 180.0   5.0 450.0                            LAT/LON1/LON2/DLON/H
  214  212  210  206  205  203  201  199  198  198  196  194  192  188  183  178
  173  170  166  162  164  161  157  154  153  149  145  141  146  145  144  143
  147  146  145  144  144  144  144  144  146  151  155  161  173  178  184  190
  193  196  198  200  195  196  197  198  193  194  195  196  193  194  195  196
  195  196  196  196  204  202  200  196  214
    60.0-180.0 180.0   5.0 450.0                            LAT/LON1/LON2/DLON/H
  213  210  207  203  202  199  197  195  196  197  198  199  192  189  185  181
  171  167  164  160  157  155  153  151  146  143  141  139  143  143  143  143
  147  144  142  140  136  134  133  132  135  141  148  155  165  174  183  192
  192  195  198  200  196  198  198  199  198  199  200  200  199  200  200  201
  195  197  198  199  201  202  203  201  213
    57.5-180.0 180.0   5.0 450.0                            LAT/LON1/LON2/DLON/H
  215  213  210  206  205  201  198  195  196  196  197  197  195  193  189  185
  176  172  168  164  161  158  155  153  147  145  143  141  147  146  145  144
  146  143  139  137  132  130  130  130  132  138  146  154  164  174  184  194
  195  199  202  205  202  204  205  206  205  206  206  206  203  203  203  203
  197  198  199  199  200  202  203  202  215
    55.0-180.0 180.0   5.0 450.0                            LAT/LON1/LON2/DLON/H
  221  220  217  213  212  207  202  198  199  198  198  197  199  196  194  190
  184  179  174  170  166  162  159  155  151  149  148  146  153  151  149  147
  147  142  137  134  129  128  128  129  130  137  145  154  163  173  184  195
  198  204  209  213  212  214  216  217  216  216  217  216  211  211  209  208
  200  201  202  202  202  204  204  204  221
    52.5-180.0 180.0   5.0 450.0                            LAT/LON1/LON2/DLON/H
  229  228  226  223  221  215  209  203  204  202  200  198  202  200  197  194
  192  187  182  176  172  168  164  160  158  156  155  154  160  157  154  151
  147  142  137  132  127  126  127  130  128  135  143  152  161  172  183  195
  203  209  216  222  223  227  229  231  228  229  229  229  220  219  218  215
  205  206  207  206  206  207  208  208  229
    50.0-180.0 180.0   5.0 450.0                            LAT/LON1/LON2/DLON/H
  241  239  237  234  230  224  217  211  207  204  202  200  202  202  202  201
  201  199  196  193  187  185  181  178  173  171  169  166  164  161  158  154
  146  141  136  131  129  129  128  128  126  131  136  142  157  170  184  199
  201  211  221  231  230  234  237  239  239  239  238  235  232  230  227  223
  220  219  218  217  213  215  217  218  241
    47.5-180.0 180.0   5.0 450.0                            LAT/LON1/LON2/DLON/H
  255  253  252  250  249  242  235  228  223  218  212  207  211  210  208  207
  210  208  205  202  196  193  190  187  183  181  177  174  173  169  164  158
  149  144  139  135  133  133  132  132  128  133  137  143  155  168  183  199
  206  217  227  238  243  247  249  250  254  252  250  246  243  240  237  234
  229  229  228  227  222  225  227  229  255
    45.0-180.0 180.0   5.0 450.0                            LAT/LON1/LON2/DLON/H
  269  269  268  267  267  261  254  246  239  232  225  217  220  218  215  212
  217  215  212  210  205  202  199  197  194  191  187  182  181  176  169  161
  152  148  144  140  139  138  138  138  132  136  139  144  153  167  183  200
  211  222  234  246  255  258  260  261  265  264  260  256  252  251  249  247
  241  241  241  241  237  238  240  241  269
    42.5-180.0 180.0   5.0 450.0                            LAT/LON1/LON2/DLON/H
  281  282  282  282  283  278  271  263  255  247  239  230  229  227  223  220
  225  223  221  218  214  212  209  207  204  200  196  190  187  180  173  164
  155  152  149  146  145  145  145  145  137  139  142  145  154  168  184  202
  216  229  242  255  265  270  272  274  275  274  271  268  262  262  261  260
  254  255  256  256  254  255  256  256  281
    40.0-180.0 180.0   5.0 450.0                            LAT/LON1/LON2/DLON/H
  301  299  297  295  294  290  286  280  269  260  250  241  237  233  228  222
  230  229  226  222  215  212  209  205  206  204  202  200  192  185  177  170
  170  163  157  152  155  152  149  147  143  146  149  153  152  168  185  202
  216  231  246  259  273  278  280  282  291  289  285  281  280  278  276  274
  272  274  275  277  284  286  288  289  301
    37.5-180.0 180.0   5.0 450.0                            LAT/LON1/LON2/DLON/H
  323  318  312  307  308  303  297  291  281  274  266  258  251  246  239  232
  234  232  228  224  218  216  213  210  213  211  209  207  202  196  189  183
  183  177  172  166  169  165  162  158  154  156  158  162  160  175  191  208
  222  237  252  265  278  285  289  291  299  299  297  293  294  294  293  291
  293  296  299  301  307  309  310  310  323
    35.0-180.0 180.0   5.0 450.0                            LAT/LON1/LON2/DLON/H
  350  343  334  327  321  316  309  303  290  285  280  274  265  259  251  243
  238  235  231  226  221  219  217  214  221  219  217  215  212  207  202  197
  196  192  187  182  182  178  174  169  166  167  168  171  167  181  196  212
  224  240  255  268  279  289  295  298  307  310  310  307  309  311  312  312
  317  321  325  327  337  337  336  334  350
    32.5-180.0 180.0   5.0 450.0                            LAT/LON1/LON2/DLON/H
  380  372  363  353  337  331  324  317  300  297  294  290  281  274  266  258
  242  239  235  231  223  223  221  219  228  227  225  222  220  217  215  211
  206  203  200  197  193  189  183  178  177  177  177  179  173  185  199  214
  226  242  256  269  282  293  302  307  317  322  325  324  328  332  336  338
  346  351  355  357  373  372  368  363  380
    30.0-180.0 180.0   5.0 450.0                            LAT/LON1/LON2/DLON/H
  425  413  400  386  369  358  347  337  330  325  320  315  300  290  278  265
  248  241  232  223  222  223  225  226  238  237  236  235  236  230  224  218
  221  216  210  204  199  195  190  183  184  182  179  176  180  190  201  214
  222  236  251  265  283  291  297  304  320  324  327  330  341  345  349  354
  361  369  377  384  407  408  406  404  425
    27.5-180.0 180.0   5.0 450.0                            LAT/LON1/LON2/DLON/H
  464  454  440  425  405  390  376  364  355  347  340  333  323  309  294  279
  257  247  237  228  228  230  233  236  252  251  250  249  245  239  231  223
  224  218  211  203  203  199  193  186  188  185  182  178  178  186  196  207
  215  230  245  261  278  290  299  307  324  332  339  343  357  364  371  378
  386  398  408  417  432  442  448  450  464
    25.0-180.0 180.0   5.0 450.0                            LAT/LON1/LON2/DLON/H
  507  500  488  474  454  437  421  405  392  382  373  364  350  334  316  298
  269  258  246  234  235  238  242  246  264  263  262  260  249  242  234  224
  222  215  206  197  200  195  189  182  185  182  178  174  171  178  186  196
  203  220  237  255  272  287  299  309  326  338  348  355  370  381  391  401
  408  423  435  445  457  473  486  493  507
    22.5-180.0 180.0   5.0 450.0                            LAT/LON1/LON2/DLON/H
  544  541  534  522  506  490  472  454  436  425  414  403  380  362  343  323
  285  272  258  245  246  248  252  257  269  268  267  264  245  237  227  217
  214  206  196  186  191  186  180  173  178  173  169  164  159  165  172  181
  191  209  228  247  266  284  299  312  327  343  356  367  382  396  410  421
  427  443  456  467  479  499  514  524  544
    20.0-180.0 180.0   5.0 450.0                            LAT/LON1/LON2/DLON/H
  566  570  568  561  548  536  521  504  482  467  451  433  413  389  364  338
  302  288  274  260  257  264  272  279  285  276  268  259  241  225  208  192
  193  187  181  174  167  165  161  157  154  150  146  142  138  142  147  155
  176  197  220  242  266  283  299  315  333  346  359  371  392  406  420  434
  443  461  478  493  489  508  525  539  566
    17.5-180.0 180.0   5.0 450.0                            LAT/LON1/LON2/DLON/H
  578  588  592  592  584  576  565  550  528  512  492  470  449  422  391  360
  325  306  287  270  273  276  280  284  284  273  261  249  226  209  193  177
  176  169  162  155  149  145  141  138  136  131  126  122  122  126  133  142
  167  190  215  240  269  287  304  321  344  357  371  384  403  418  433  446
  452  467  482  496  493  513  532  547  578
    15.0-180.0 180.0   5.0 450.0                            LAT/LON1/LON2/DLON/H
  577  592  602  607  603  601  595  585  568  550  529  505  482  451  418  383
  346  323  300  279  285  283  282  282  277  263  248  233  206  190  174  160
  158  150  143  136  133  128  124  120  119  113  108  103  107  112  120  130
  158  183  211  239  272  291  310  329  355  370  384  398  417  432  447  460
  464  476  487  498  497  516  533  547  577
    12.5-180.0 180.0   5.0 450.0                            LAT/LON1/LON2/DLON/H
  567  584  598  608  607  610  609  603  592  575  553  528  507  474  439  403
  366  339  314  290  294  288  282  278  263  247  230  214  184  169  154  142
  144  136  128  121  122  117  112  108  109  101   95   90   96  101  110  121
  149  177  206  236  275  296  317  337  367  383  399  413  431  446  461  474
  477  486  494  502  500  515  528  539  567
    10.0-180.0 180.0   5.0 450.0                            LAT/LON1/LON2/DLON/H
  562  579  591  599  595  605  610  613  588  577  561  542  513  484  449  411
  376  354  330  306  298  284  271  258  246  225  206  189  165  156  147  141
  135  129  124  121  110  106  103   99   90   86   83   82   79   82   89   98
  134  165  198  233  266  295  323  349  377  400  420  437  450  462  473  482
  496  504  513  522  522  531  541  550  562
     7.5-180.0 180.0   5.0 450.0                            LAT/LON1/LON2/DLON/H
  554  565  573  577  579  588  594  595  583  572  557  538  516  486  451  413
  382  360  336  312  299  283  266  251  228  209  190  175  157  149  143  139
  134  129  125  122  112  108  104  100   90   86   83   81   77   79   85   93
  130  159  192  227  266  295  323  349  387  410  431  448  470  483  493  502
  512  521  529  536  532  536  541  547  554
     5.0-180.0 180.0   5.0 450.0                            LAT/LON1/LON2/DLON/H
  556  562  565  564  564  571  575  575  567  557  543  526  506  476  442  406
  380  358  335  311  297  279  260  243  215  197  181  168  154  149  145  143
  138  134  131  129  117  112  108  104   93   88   84   81   75   77   82   90
  124  153  185  219  261  290  319  347  390  415  437  456  486  500  510  518
  527  537  545  552  546  547  548  548  556
     2.5-180.0 180.0   5.0 450.0                            LAT/LON1/LON2/DLON/H
  566  568  566  560  553  558  559  557  548  538  526  511  487  458  427  395
  369  348  326  305  288  269  249  231  205  190  177  167  158  155  153  153
  144  141  139  138  121  117  112  107   96   91   86   82   75   76   81   88
  119  146  178  212  254  285  315  344  388  415  438  458  492  507  519  528
  535  547  557  565  562  560  559  556  566
