o1pg2000-20230720.23i
     1.0            IONOSPHERE MAPS     GNSS                IONEX VERSION / TYPE
IONINX V4.3         AIUB                19-Jul-23 21:47     PGM / RUN BY / DATE 
406 1-DAY PREDICTED IONOSPHERE MAPS FOR DAY 200, 2023       COMMENT             
We use the deep learning algorithm, based on the global     DESCRIPTION         
ionospheric map provided by CODE and the final global       DESCRIPTION         
ionospheric map combined by IGS, and use our proposed       DESCRIPTION         
spatiotemporal network model to predict the global          DESCRIPTION         
ionospheric map of the next day.                            DESCRIPTION         
Contact address: wanghongyue@stu.cdut.edu.cn                DESCRIPTION         
  2023    07    19     0     0     0                        EPOCH OF FIRST MAP  
  2023    07    19    22     0     0                        EPOCH OF LAST MAP   
  7200                                                      INTERVAL            
    12                                                      # OF MAPS IN FILE   
  NONE                                                      MAPPING FUNCTION    
     0.0                                                    ELEVATION CUTOFF    
TEC prediction calculated as a spatiotemporal network model OBSERVABLES USED    
  6371.0                                                    BASE RADIUS         
     2                                                      MAP DIMENSION       
   450.0 450.0   0.0                                        HGT1 / HGT2 / DHGT  
    87.5 -87.5  -2.5                                        LAT1 / LAT2 / DLAT  
  -180.0 180.0   5.0                                        LON1 / LON2 / DLON  
    -1                                                      EXPONENT            
TEC values in 0.1 tec units;  9999, if no value available   COMMENT             
                                                            END OF HEADER       
[from data line 429]
     2                                                      START OF TEC MAP    
  2023    07    19     2     0     0                        EPOCH OF CURRENT MAP
    87.5-180.0 180.0   5.0 450.0                            LAT/LON1/LON2/DLON/H
  165  165  165  165  163  163  163  163  161  161  160  160  163  162  161  161
  159  158  158  157  158  157  156  155  154  153  152  150  151  151  150  148
  147  147  146  146  144  145  145  145  143  144  145  146  143  144  145  146
  144  145  145  146  145  145  146  147  145  146  147  149  149  150  151  151
  150  151  150  149  152  154  154  155  165
    85.0-180.0 180.0   5.0 450.0                            LAT/LON1/LON2/DLON/H
  168  168  169  170  167  168  168  169  167  167  167  167  169  169  168  167
  166  165  165  164  162  161  159  157  154  153  150  147  146  145  143  141
  140  140  139  138  138  139  139  140  139  140  141  142  141  142  143  145
  143  144  145  146  146  146  147  148  147  148  149  151  153  153  154  154
  153  153  153  151  154  155  155  155  168
    82.5-180.0 180.0   5.0 450.0                            LAT/LON1/LON2/DLON/H
  168  170  172  173  170  171  172  173  171  171  172  172  174  174  173  172
  171  171  169  168  165  163  160  158  153  150  147  143  141  139  137  134
  134  134  133  132  133  134  134  135  136  137  139  140  140  142  143  145
  144  145  146  148  148  149  150  151  152  152  153  154  158  158  158  157
  156  156  155  153  154  155  155  154  168
    80.0-180.0 180.0   5.0 450.0                            LAT/LON1/LON2/DLON/H
  173  173  172  171  172  174  175  176  176  178  180  180  182  183  183  182
  180  179  178  177  171  168  164  161  153  148  144  139  135  132  129  126
  127  126  126  126  130  131  132  133  137  138  140  142  144  147  149  150
  152  154  155  156  159  160  161  161  165  167  168  168  169  170  171  171
  164  162  160  159  156  156  155  155  173
    77.5-180.0 180.0   5.0 450.0                            LAT/LON1/LON2/DLON/H
  176  175  175  174  173  174  176  176  177  179  180  181  183  183  183  182
  180  180  179  177  171  167  164  160  151  146  141  135  130  127  124  122
  124  124  124  124  130  131  133  134  139  141  143  145  149  152  154  156
  160  162  164  166  169  171  172  172  177  179  180  181  180  181  181  181
  173  171  168  165  159  158  157  155  176
    75.0-180.0 180.0   5.0 450.0                            LAT/LON1/LON2/DLON/H
  182  181  180  179  175  177  178  178  179  181  181  181  184  184  183  182
  181  180  178  176  171  167  163  158  150  144  139  133  129  126  123  120
  124  124  125  125  131  133  135  137  142  144  147  149  155  158  161  163
  168  171  174  176  180  182  183  184  189  191  192  193  192  193  192  191
  183  181  177  173  165  163  161  158  182
    72.5-180.0 180.0   5.0 450.0                            LAT/LON1/LON2/DLON/H
  189  188  187  185  179  180  180  180  181  182  182  182  183  182  181  179
  179  177  175  172  169  165  160  155  149  144  137  131  128  126  123  121
  125  126  127  128  133  136  137  139  144  147  149  152  160  163  166  169
  176  179  182  184  189  190  191  192  198  199  200  200  201  201  199  197
  193  190  185  180  174  171  168  164  189
    70.0-180.0 180.0   5.0 450.0                            LAT/LON1/LON2/DLON/H
  200  197  194  190  189  189  189  188  186  186  185  184  182  180  177  174
  169  168  167  164  160  158  154  151  144  140  136  131  129  127  126  125
  128  129  130  131  136  137  139  141  146  149  154  158  162  168  174  180
  180  185  190  194  191  194  196  198  198  200  201  201  200  200  200  199
  193  191  187  183  181  178  174  169  200
    67.5-180.0 180.0   5.0 450.0                            LAT/LON1/LON2/DLON/H
  210  207  204  200  197  196  195  193  190  190  189  187  182  180  176  172
  165  164  161  158  157  154  151  147  143  139  135  130  129  128  127  125
  128  129  130  130  135  136  137  139  143  148  153  158  164  171  177  184
  186  191  195  198  196  198  199  200  200  201  202  203  203  203  203  202
  198  197  194  190  189  186  182  177  210
    65.0-180.0 180.0   5.0 450.0                            LAT/LON1/LON2/DLON/H
  217  215  211  207  204  202  200  197  194  194  192  190  184  180  176  170
  163  160  156  153  154  151  147  144  141  137  132  128  129  128  127  126
  129  129  129  129  132  133  134  136  140  145  151  158  166  174  181  188
  191  195  199  202  198  200  200  201  199  201  202  203  202  203  203  203
  200  199  197  194  194  192  188  183  217
    62.5-180.0 180.0   5.0 450.0                            LAT/LON1/LON2/DLON/H
  222  219  216  212  208  205  203  200  198  196  194  191  186  181  176  170
  161  157  153  149  151  147  143  140  139  135  130  126  130  129  127  126
  129  128  127  127  129  129  130  132  136  141  148  156  168  175  183  191
  194  198  202  205  198  199  200  200  198  200  201  203  200  201  202  202
  199  199  197  196  198  196  193  189  222
    60.0-180.0 180.0   5.0 450.0                            LAT/LON1/LON2/DLON/H
  223  220  215  210  211  207  204  201  198  197  197  196  188  183  178  173
  160  156  151  147  143  140  137  134  128  125  123  122  125  124  124  125
  126  124  122  121  119  118  118  118  125  133  142  151  163  174  186  197
  195  199  203  206  201  201  202  202  200  202  204  204  204  205  206  207
  202  202  202  201  199  200  199  196  223
    57.5-180.0 180.0   5.0 450.0                            LAT/LON1/LON2/DLON/H
  228  225  221  215  216  211  207  202  201  200  198  196  192  188  183  179
  166  160  155  150  144  140  136  132  126  123  121  120  126  125  124  124
  125  122  119  118  115  114  115  117  122  130  140  150  161  173  186  199
  198  203  207  211  206  207  208  208  207  209  209  210  209  209  210  210
  205  205  204  203  202  203  203  201  228
    55.0-180.0 180.0   5.0 450.0                            LAT/LON1/LON2/DLON/H
  236  234  230  225  224  219  213  208  206  203  201  198  197  193  189  185
  174  168  161  156  147  142  137  132  127  125  123  122  129  128  126  125
  125  121  118  116  113  113  114  117  121  129  139  150  161  173  186  200
  202  208  214  219  216  218  219  219  218  219  220  220  217  217  217  216
  210  210  209  208  207  208  208  207  236
    52.5-180.0 180.0   5.0 450.0                            LAT/LON1/LON2/DLON/H
  246  244  241  236  235  229  222  216  211  208  205  201  202  199  195  191
  183  176  169  163  153  147  141  136  132  130  128  127  135  133  131  129
  126  122  118  116  113  113  115  119  120  129  139  150  161  173  186  200
  207  215  222  229  229  231  233  234  231  232  233  233  228  227  226  225
  217  217  216  215  214  215  215  215  246
    50.0-180.0 180.0   5.0 450.0                            LAT/LON1/LON2/DLON/H
  258  257  254  251  246  239  231  224  217  212  208  205  205  204  202  199
  195  190  185  179  172  166  160  155  148  145  142  140  140  138  136  133
  128  125  122  119  120  120  120  121  121  127  134  141  159  173  188  203
  208  218  228  238  238  241  244  246  246  247  245  243  242  240  238  235
  231  230  229  229  224  226  227  229  258
    47.5-180.0 180.0   5.0 450.0                            LAT/LON1/LON2/DLON/H
  275  274  272  270  267  260  251  243  235  228  221  215  216  214  210  207
  205  200  195  190  182  177  171  167  161  158  154  151  151  148  144  139
  133  130  127  125  125  126  126  127  125  131  137  143  159  173  188  205
  214  225  236  247  253  256  258  259  265  263  260  257  254  253  250  248
  243  243  243  242  237  238  240  241  275
    45.0-180.0 180.0   5.0 450.0                            LAT/LON1/LON2/DLON/H
  291  291  290  288  287  280  272  263  253  245  237  228  227  224  219  215
  215  210  205  201  195  190  186  182  177  173  169  165  163  158  153  146
  139  137  134  133  133  133  134  135  130  135  141  146  159  174  190  207
  220  232  245  257  267  270  273  274  279  277  274  270  265  264  263  261
  256  257  257  257  253  254  255  255  291
    42.5-180.0 180.0   5.0 450.0                            LAT/LON1/LON2/DLON/H
  304  304  305  304  303  298  290  282  270  262  253  243  238  234  230  225
  224  220  216  213  209  205  202  198  194  190  185  180  174  168  161  153
  145  144  142  141  141  142  143  144  136  140  144  149  161  176  193  211
  226  240  254  267  280  284  288  290  292  290  287  284  276  276  276  275
  272  273  273  273  271  272  272  271  304
    40.0-180.0 180.0   5.0 450.0                            LAT/LON1/LON2/DLON/H
  324  323  322  321  317  315  311  305  295  284  273  263  254  248  240  232
  235  231  226  221  216  212  208  204  204  201  197  193  188  179  171  163
  164  159  154  150  151  149  147  145  143  145  149  153  157  174  192  211
  225  240  256  270  288  294  298  302  314  312  309  304  295  294  292  291
  289  291  292  294  302  303  303  303  324
    37.5-180.0 180.0   5.0 450.0                            LAT/LON1/LON2/DLON/H
  344  340  335  332  332  328  323  318  308  299  290  281  270  262  253  243
  242  237  232  226  222  219  216  212  215  211  207  203  200  192  184  177
  179  174  169  164  165  162  159  155  153  155  157  161  163  179  197  216
  229  246  261  276  293  302  309  313  323  324  322  317  310  311  310  309
  310  313  315  316  322  323  323  322  344
    35.0-180.0 180.0   5.0 450.0                            LAT/LON1/LON2/DLON/H
  368  361  355  348  346  341  336  331  319  313  306  298  285  276  266  256
  247  242  237  231  227  225  223  220  226  223  218  215  212  206  199  193
  193  189  184  179  179  174  170  165  163  164  166  169  168  183  200  218
  230  247  263  278  294  306  316  321  330  334  334  330  325  328  330  330
  332  337  340  342  350  351  350  347  368
    32.5-180.0 180.0   5.0 450.0                            LAT/LON1/LON2/DLON/H
  393  387  379  371  360  356  351  345  329  325  321  316  301  292  282  271
  253  248  243  238  233  232  230  228  236  233  229  225  222  218  214  209
  204  201  197  193  189  184  178  172  173  173  174  176  172  186  202  219
  229  247  263  278  295  310  321  329  338  344  347  345  343  349  353  356
  359  365  368  370  386  385  382  377  393
    30.0-180.0 180.0   5.0 450.0                            LAT/LON1/LON2/DLON/H
  435  424  412  401  388  379  371  363  357  351  344  337  321  308  294  278
  263  254  245  236  237  239  241  242  250  248  246  245  242  235  227  220
  220  214  207  200  195  191  185  178  179  178  176  174  176  185  196  208
  223  239  256  273  295  305  313  320  335  340  343  346  359  362  367  374
  371  380  387  395  416  418  418  416  435
    27.5-180.0 180.0   5.0 450.0                            LAT/LON1/LON2/DLON/H
  475  465  454  441  425  412  400  389  382  373  364  355  344  328  311  293
  273  262  253  244  246  249  252  256  268  266  264  261  255  246  237  227
  225  218  209  201  200  194  188  181  182  180  177  175  171  179  189  200
  213  230  249  268  288  301  313  322  337  346  353  358  374  382  391  400
  399  411  422  432  443  455  463  466  475
    25.0-180.0 180.0   5.0 450.0                            LAT/LON1/LON2/DLON/H
  519  514  505  492  476  460  445  431  419  408  396  386  371  352  333  314
  287  276  265  255  258  261  265  270  285  283  279  275  263  253  243  231
  225  216  206  196  196  191  184  177  179  176  172  168  162  168  177  188
  199  218  239  259  279  297  312  323  338  351  362  370  387  401  414  426
  424  440  454  465  473  492  506  514  519
    22.5-180.0 180.0   5.0 450.0                            LAT/LON1/LON2/DLON/H
  560  560  554  545  531  515  498  482  464  451  438  425  401  381  361  340
  306  293  281  269  273  276  280  285  295  292  288  283  262  252  240  227
  219  209  198  187  188  182  175  168  171  166  162  158  148  154  162  172
  185  206  228  250  273  294  311  326  340  357  371  383  401  420  437  452
  448  466  481  493  501  523  540  551  560
    20.0-180.0 180.0   5.0 450.0                            LAT/LON1/LON2/DLON/H
  599  603  600  593  581  567  551  533  507  490  471  451  428  405  380  355
  327  314  302  290  288  295  303  310  318  306  293  281  259  240  221  202
  198  192  185  177  170  166  162  157  152  147  142  137  128  131  137  145
  169  195  221  248  277  295  312  330  347  361  376  389  415  432  448  463
  474  493  511  527  523  545  565  580  599
    17.5-180.0 180.0   5.0 450.0                            LAT/LON1/LON2/DLON/H
  614  623  627  626  619  610  598  582  554  535  513  489  466  439  410  380
  352  335  319  305  307  310  314  318  319  304  288  272  244  225  206  187
  181  174  167  159  151  147  142  137  132  126  120  116  110  114  121  130
  159  187  216  246  280  300  319  338  361  377  392  407  432  450  466  482
  489  504  520  534  532  554  574  591  614
    15.0-180.0 180.0   5.0 450.0                            LAT/LON1/LON2/DLON/H
  613  627  637  643  641  638  630  618  595  574  550  524  499  469  437  404
  374  354  334  317  319  317  316  316  309  291  273  255  222  203  185  168
  163  155  147  140  134  129  124  119  114  107  100   95   95   99  107  118
  150  180  213  246  284  305  326  347  377  394  411  427  449  468  485  500
  503  515  527  538  538  557  575  591  613
    12.5-180.0 180.0   5.0 450.0                            LAT/LON1/LON2/DLON/H
  601  618  632  642  647  648  645  637  621  601  576  549  524  493  460  426
  393  370  349  329  325  319  314  310  289  270  251  232  197  179  163  149
  147  139  131  125  123  117  111  106  102   94   87   81   85   89   97  109
  141  174  209  245  287  310  334  357  392  411  430  447  466  484  502  517
  516  525  532  540  539  553  567  579  601
    10.0-180.0 180.0   5.0 450.0                            LAT/LON1/LON2/DLON/H
  588  608  624  634  632  640  644  644  615  601  584  563  531  503  468  430
  402  383  361  337  330  312  295  278  262  237  213  191  167  157  147  140
  137  131  125  121  109  104   99   95   86   81   78   77   70   74   82   93
  129  165  205  248  277  309  339  368  398  425  448  469  483  498  511  522
  531  539  547  555  553  563  575  585  588
     7.5-180.0 180.0   5.0 450.0                            LAT/LON1/LON2/DLON/H
  574  589  601  609  613  622  626  626  611  598  580  560  535  506  470  432
  406  385  362  338  321  301  282  263  235  212  190  171  154  146  139  135
  133  127  123  120  109  104   99   95   87   82   78   76   68   72   79   89
  125  160  199  242  277  308  338  367  406  434  458  478  500  516  529  539
  547  555  562  569  561  566  572  579  574
     5.0-180.0 180.0   5.0 450.0                            LAT/LON1/LON2/DLON/H
  573  582  588  592  595  601  604  604  596  583  567  549  526  495  460  423
  400  378  355  332  310  288  267  248  214  194  176  162  150  144  140  139
  136  131  128  126  113  108  103   98   90   85   80   77   68   71   77   86
  120  154  192  234  272  303  334  364  407  436  461  482  512  529  542  552
  560  569  577  584  574  575  577  578  573
     2.5-180.0 180.0   5.0 450.0                            LAT/LON1/LON2/DLON/H
  581  586  587  585  580  584  586  584  576  564  550  534  507  477  444  410
  385  363  341  319  293  271  251  232  200  184  171  161  155  152  151  152
  144  141  138  137  119  114  108  103   95   89   84   80   69   71   77   85
  115  148  185  226  265  297  330  361  403  432  458  481  513  531  546  557
  566  578  588  595  590  588  586  583  581
