o1pg1910.23i
     1.0            IONOSPHERE MAPS     GNSS                IONEX VERSION / TYPE
IONINX V4.3         AIUB                11-Jul-23 10:08     PGM / RUN BY / DATE 
406 1-DAY PREDICTED IONOSPHERE MAPS FOR DAY 191, 2023       COMMENT             
We use the deep learning algorithm, based on the global     DESCRIPTION         
ionospheric map provided by CODE and the final global       DESCRIPTION         
ionospheric map combined by IGS, and use our proposed       DESCRIPTION         
spatiotemporal network model to predict the global          DESCRIPTION         
ionospheric map of the next day.                            DESCRIPTION         
Contact address: wanghongyue@stu.cdut.edu.cn                DESCRIPTION         
  2023    07    10     0     0     0                        EPOCH OF FIRST MAP  
  2023    07    10    22     0     0                        EPOCH OF LAST MAP   
  7200                                                      INTERVAL            
    12                                                      # OF MAPS IN FILE   
  NONE                                                      MAPPING FUNCTION    
     0.0                                                    ELEVATION CUTOFF    
TEC prediction calculated as a spatiotemporal network model OBSERVABLES USED    
  6371.0                                                    BASE RADIUS         
     2                                                      MAP DIMENSION       
   450.0 450.0   0.0                                        HGT1 / HGT2 / DHGT  
    87.5 -87.5  -2.5                                        LAT1 / LAT2 / DLAT  
  -180.0 180.0   5.0                                        LON1 / LON2 / DLON  
    -1                                                      EXPONENT            
TEC values in 0.1 tec units;  9999, if no value available   COMMENT             
                                                            END OF HEADER       
[from data line 3861]
    10                                                      START OF TEC MAP    
  2023    07    10    18     0     0                        EPOCH OF CURRENT MAP
    87.5-180.0 180.0   5.0 450.0                            LAT/LON1/LON2/DLON/H
  171  171  171  171  169  169  170  171  171  171  172  172  170  170  170  170
  170  169  169  169  169  168  168  167  168  167  166  165  167  166  165  164
  165  165  164  163  163  163  163  162  163  163  163  162  163  163  163  164
  164  165  165  166  166  167  167  167  165  165  165  166  163  164  164  165
  165  166  166  166  167  167  168  168  171
    85.0-180.0 180.0   5.0 450.0                            LAT/LON1/LON2/DLON/H
  170  170  171  172  170  171  172  174  175  175  176  177  176  176  176  177
  177  177  176  176  174  173  172  171  171  170  168  166  167  165  164  162
  162  161  159  158  158  157  157  156  156  156  156  156  157  157  157  158
  160  160  161  161  163  163  164  164  163  163  163  164  161  162  162  163
  162  163  164  164  164  165  166  167  170
    82.5-180.0 180.0   5.0 450.0                            LAT/LON1/LON2/DLON/H
  167  168  170  172  170  172  173  175  176  177  178  179  180  181  181  181
  182  182  182  181  179  178  176  175  173  171  169  167  166  164  162  159
  159  157  156  154  153  152  152  151  151  151  151  151  152  152  153  154
  156  156  157  158  161  161  162  162  162  163  163  163  159  160  161  162
  159  160  160  160  159  160  161  162  167
    80.0-180.0 180.0   5.0 450.0                            LAT/LON1/LON2/DLON/H
  165  165  166  166  167  169  171  173  176  179  181  183  181  183  185  186
  186  186  186  186  186  184  181  179  178  175  172  169  170  168  165  163
  162  160  159  158  155  155  155  155  152  153  154  155  150  152  154  156
  154  156  159  160  159  160  161  162  161  162  161  161  161  161  161  161
  160  159  159  158  153  153  154  155  165
    77.5-180.0 180.0   5.0 450.0                            LAT/LON1/LON2/DLON/H
  163  164  164  166  165  167  170  172  174  178  180  182  181  184  186  188
  187  188  189  189  188  186  184  182  179  176  173  169  169  167  165  162
  161  161  160  159  157  157  157  156  154  154  155  156  152  154  156  158
  156  158  160  162  160  161  162  163  162  162  162  161  160  160  160  160
  158  157  157  157  153  153  153  154  163
    75.0-180.0 180.0   5.0 450.0                            LAT/LON1/LON2/DLON/H
  165  165  166  168  165  168  170  172  173  177  179  181  181  184  187  188
  189  191  192  192  191  190  188  185  183  180  176  171  172  170  167  164
  164  164  163  162  161  161  161  160  158  158  158  158  157  158  159  160
  160  161  162  163  162  163  163  164  162  162  162  161  159  160  160  160
  158  158  157  156  155  155  155  155  165
    72.5-180.0 180.0   5.0 450.0                            LAT/LON1/LON2/DLON/H
  167  168  169  170  167  170  172  173  172  175  178  180  181  183  185  186
  190  191  192  193  193  192  190  187  186  183  179  174  175  173  170  168
  169  169  168  167  168  167  166  165  164  163  163  162  162  162  163  163
  164  164  164  164  164  163  163  163  162  161  160  159  158  159  159  159
  160  160  159  158  159  159  159  159  167
    70.0-180.0 180.0   5.0 450.0                            LAT/LON1/LON2/DLON/H
  174  175  176  177  173  174  175  176  178  180  181  181  183  186  188  190
  192  194  195  195  196  195  192  189  189  186  181  175  173  172  170  168
  169  169  170  170  169  169  168  167  164  164  163  162  160  161  161  161
  160  160  160  159  156  156  155  154  151  151  151  150  152  154  156  158
  161  163  165  167  169  171  172  172  174
    67.5-180.0 180.0   5.0 450.0                            LAT/LON1/LON2/DLON/H
  181  183  184  185  182  183  183  182  184  186  186  187  187  190  192  193
  194  196  197  198  199  198  196  193  192  189  184  178  176  175  173  172
  175  176  176  175  176  175  174  171  169  168  167  165  164  164  163  162
  163  161  159  156  153  151  149  147  144  144  144  144  147  149  152  155
  160  163  166  169  172  175  177  177  181
    65.0-180.0 180.0   5.0 450.0                            LAT/LON1/LON2/DLON/H
  188  190  191  192  192  192  191  190  190  192  192  192  193  195  197  197
  197  199  200  200  201  201  199  196  195  191  186  182  180  180  179  177
  182  183  182  181  183  182  179  176  175  173  171  169  169  168  166  163
  165  161  157  152  149  146  143  140  137  136  136  136  140  143  147  151
  156  160  165  168  173  177  179  180  188
    62.5-180.0 180.0   5.0 450.0                            LAT/LON1/LON2/DLON/H
  193  195  197  198  200  199  198  197  196  197  197  197  199  200  201  201
  201  202  202  202  203  202  200  198  197  193  189  184  185  185  185  183
  189  189  188  187  188  187  184  181  180  178  176  173  174  171  168  164
  166  161  155  149  146  141  137  133  130  129  129  130  132  136  141  146
  151  157  162  166  173  177  180  182  193
    60.0-180.0 180.0   5.0 450.0                            LAT/LON1/LON2/DLON/H
  196  201  207  212  205  205  204  204  205  205  205  205  206  206  206  205
  205  206  206  206  205  204  204  202  198  196  193  191  191  191  192  193
  198  198  198  198  196  195  193  191  191  190  189  187  186  184  181  176
  171  167  162  156  142  139  135  131  123  123  122  122  127  130  133  136
  143  150  156  162  171  178  185  190  196
    57.5-180.0 180.0   5.0 450.0                            LAT/LON1/LON2/DLON/H
  195  201  208  213  210  210  209  208  210  210  209  207  208  209  209  207
  207  207  206  206  204  204  203  202  198  198  197  196  198  199  201  202
  206  206  206  205  203  202  201  200  198  198  197  194  192  189  185  179
  173  169  163  156  143  139  135  130  123  122  122  121  125  127  129  132
  135  142  148  154  162  171  179  186  195
    55.0-180.0 180.0   5.0 450.0                            LAT/LON1/LON2/DLON/H
  194  201  208  214  217  217  216  214  215  214  212  210  210  211  211  209
  209  208  207  206  204  204  203  203  199  201  202  203  206  208  211  213
  215  215  213  212  211  211  211  210  209  209  207  204  200  197  192  184
  177  172  166  158  147  143  138  134  126  125  124  123  126  126  128  129
  130  135  141  146  154  163  172  181  194
    52.5-180.0 180.0   5.0 450.0                            LAT/LON1/LON2/DLON/H
  193  201  208  214  223  223  222  221  220  218  216  213  212  213  212  210
  211  209  208  206  205  204  203  203  202  205  208  210  214  217  220  223
  223  222  220  218  220  220  220  220  219  218  217  213  208  204  197  188
  183  177  170  162  153  149  145  140  132  130  129  129  128  128  129  129
  126  131  136  140  148  157  167  175  193
    50.0-180.0 180.0   5.0 450.0                            LAT/LON1/LON2/DLON/H
  188  196  205  213  225  229  231  233  229  228  226  223  220  220  219  217
  214  211  208  204  208  206  205  205  206  210  214  218  219  223  227  229
  228  228  229  229  231  233  235  236  238  236  233  230  218  211  203  194
  183  177  170  163  157  153  148  144  138  135  133  131  131  128  125  122
  127  128  129  131  144  152  160  167  188
    47.5-180.0 180.0   5.0 450.0                            LAT/LON1/LON2/DLON/H
  189  198  208  217  231  236  240  243  242  240  236  232  229  227  225  221
  221  217  212  208  210  208  208  208  210  214  218  223  226  230  233  234
  233  235  237  238  241  244  246  247  248  246  242  237  224  217  208  199
  189  183  176  168  165  160  155  150  146  143  141  138  138  135  131  129
  130  131  132  133  145  153  161  168  189
    45.0-180.0 180.0   5.0 450.0                            LAT/LON1/LON2/DLON/H
  191  200  210  220  235  243  250  255  254  252  248  244  240  237  233  229
  230  225  221  217  216  215  215  215  217  221  226  230  234  237  240  241
  240  245  248  251  253  257  260  261  259  257  252  245  231  224  216  206
  196  190  183  175  172  167  162  157  153  150  148  146  145  141  138  135
  136  136  137  138  149  156  163  170  191
    42.5-180.0 180.0   5.0 450.0                            LAT/LON1/LON2/DLON/H
  190  200  211  221  236  247  256  264  265  263  260  257  251  248  244  239
  239  235  231  227  223  223  224  226  226  230  235  240  242  245  247  249
  250  256  261  266  267  272  276  277  268  266  261  254  238  232  224  215
  204  197  190  182  177  173  168  164  159  157  155  153  151  148  145  142
  142  142  143  143  154  161  167  173  190
    40.0-180.0 180.0   5.0 450.0                            LAT/LON1/LON2/DLON/H
  194  206  219  232  241  252  262  271  274  274  273  271  259  258  255  251
  249  245  241  237  231  231  232  233  238  243  248  254  256  262  268  275
  273  280  287  295  294  296  297  297  288  280  272  263  248  239  230  219
  210  203  196  188  184  181  178  175  168  168  167  166  160  158  156  153
  155  153  151  149  162  166  171  175  194
    37.5-180.0 180.0   5.0 450.0                            LAT/LON1/LON2/DLON/H
  199  209  221  233  243  254  265  275  282  284  284  283  276  274  270  265
  263  259  255  250  246  247  248  250  253  258  264  271  272  279  287  296
  299  308  316  324  324  324  323  318  307  299  289  277  263  253  241  229
  219  212  204  194  191  189  186  182  178  178  177  176  173  171  168  165
  166  163  161  158  167  171  174  178  199
    35.0-180.0 180.0   5.0 450.0                            LAT/LON1/LON2/DLON/H
  203  212  222  233  242  253  265  276  283  287  291  292  290  288  284  279
  277  273  269  264  261  263  265  268  270  276  282  289  293  303  313  324
  331  342  352  359  355  353  349  340  327  318  306  293  276  265  252  238
  226  218  208  197  195  193  191  187  185  185  185  183  182  181  179  176
  175  172  169  165  173  176  178  181  203
    32.5-180.0 180.0   5.0 450.0                            LAT/LON1/LON2/DLON/H
  206  216  226  236  240  253  265  277  281  289  295  300  301  300  297  293
  289  287  283  280  276  279  282  285  288  294  301  308  320  332  345  357
  365  378  389  396  384  381  373  363  344  335  323  309  285  274  260  245
  228  219  209  198  196  194  192  188  187  189  189  188  187  187  186  184
  182  179  175  171  180  182  183  184  206
    30.0-180.0 180.0   5.0 450.0                            LAT/LON1/LON2/DLON/H
  210  222  233  245  245  253  262  270  280  291  301  310  313  312  310  307
  302  301  300  298  292  298  304  309  312  320  329  338  355  369  383  399
  405  413  420  424  412  404  392  378  353  338  322  305  299  278  258  238
  228  215  202  190  190  188  187  186  186  188  190  192  190  188  185  182
  182  179  174  169  172  174  175  176  210
    27.5-180.0 180.0   5.0 450.0                            LAT/LON1/LON2/DLON/H
  209  222  235  246  247  256  265  273  283  295  307  316  324  325  325  324
  321  320  318  316  312  316  321  327  332  342  353  365  384  402  418  434
  443  448  450  450  436  423  406  387  361  343  324  304  291  270  249  230
  215  203  192  182  183  182  182  183  186  188  190  191  192  189  186  182
  181  178  174  169  171  174  176  177  209
    25.0-180.0 180.0   5.0 450.0                            LAT/LON1/LON2/DLON/H
  208  222  237  249  251  261  270  279  287  300  312  323  337  341  343  343
  345  343  341  339  336  339  343  349  354  366  380  394  412  432  450  466
  475  475  472  466  450  431  410  387  357  337  315  293  275  254  234  214
  197  188  179  173  172  172  173  175  180  182  184  186  187  184  181  177
  177  174  170  166  169  171  174  176  208
    22.5-180.0 180.0   5.0 450.0                            LAT/LON1/LON2/DLON/H
  203  219  235  250  254  265  276  286  294  307  319  330  353  358  361  364
  372  371  368  366  363  365  369  374  375  390  406  421  435  456  474  490
  495  490  483  473  451  429  404  378  345  322  299  276  253  233  213  195
  179  172  167  163  160  162  164  167  172  175  177  180  180  178  175  172
  171  169  166  162  168  170  173  176  203
    20.0-180.0 180.0   5.0 450.0                            LAT/LON1/LON2/DLON/H
  185  206  229  252  255  264  273  281  301  315  327  338  351  365  377  389
  383  387  389  392  391  391  392  394  399  412  427  443  462  479  496  511
  513  505  495  482  467  435  402  369  331  304  277  253  229  210  194  181
  162  155  149  146  145  146  149  151  156  158  159  160  157  157  157  155
  150  150  149  148  151  154  158  162  185
    17.5-180.0 180.0   5.0 450.0                            LAT/LON1/LON2/DLON/H
  177  199  223  247  255  268  278  288  304  319  332  344  358  377  393  406
  407  412  416  418  417  415  414  416  422  432  444  455  476  490  502  512
  509  499  487  473  454  421  388  355  314  285  258  234  215  196  181  170
  156  149  145  142  142  143  144  147  149  150  151  152  147  147  146  144
  141  141  141  141  143  146  150  154  177
    15.0-180.0 180.0   5.0 450.0                            LAT/LON1/LON2/DLON/H
  166  188  213  238  251  266  279  290  305  320  335  347  362  384  403  418
  424  431  436  440  439  436  435  436  444  451  459  465  484  493  500  506
  498  488  475  461  443  410  378  347  303  274  247  224  210  192  179  169
  157  151  147  145  142  142  143  144  143  143  143  144  138  136  134  132
  132  132  132  133  135  138  141  144  166
    12.5-180.0 180.0   5.0 450.0                            LAT/LON1/LON2/DLON/H
  155  177  202  227  244  260  275  287  304  319  334  347  365  389  409  426
  437  445  452  457  458  456  455  456  461  467  471  474  486  490  493  495
  484  474  462  449  433  403  374  347  300  272  247  225  213  198  186  177
  163  159  155  153  145  144  143  143  139  138  137  137  131  129  126  123
  124  124  125  126  129  130  132  135  155
    10.0-180.0 180.0   5.0 450.0                            LAT/LON1/LON2/DLON/H
  133  158  188  221  241  255  270  286  305  319  332  344  365  387  407  424
  440  451  461  467  470  469  469  469  476  478  478  478  486  487  486  483
  478  466  453  439  423  400  375  350  307  285  264  245  229  217  206  197
  180  172  165  159  157  153  151  149  141  136  132  129  121  118  115  113
  115  114  114  115  111  109  109  112  133
     7.5-180.0 180.0   5.0 450.0                            LAT/LON1/LON2/DLON/H
  123  148  179  213  236  252  269  286  305  320  334  347  362  383  402  419
  437  449  459  466  472  473  474  474  486  487  486  484  486  484  481  476
  470  460  448  435  428  406  383  359  327  306  285  265  252  239  226  213
  190  180  171  163  161  156  153  150  142  136  131  126  120  116  112  109
  110  108  108  109  102  102  104  107  123
     5.0-180.0 180.0   5.0 450.0                            LAT/LON1/LON2/DLON/H
  117  142  172  206  234  251  269  287  306  322  337  350  360  379  396  412
  429  441  450  458  469  472  474  476  493  494  493  491  487  483  477  471
  461  454  445  434  428  409  388  367  345  324  304  283  269  254  238  223
  192  182  171  160  160  155  150  147  141  134  128  122  119  114  110  106
  105  104  104  105   96   97  100  104  117
     2.5-180.0 180.0   5.0 450.0                            LAT/LON1/LON2/DLON/H
  116  140  170  203  236  255  273  292  311  328  343  357  362  379  394  408
  419  431  440  448  461  466  471  476  497  499  498  496  489  484  478  471
  453  448  442  435  422  405  388  371  355  336  316  296  277  260  243  226
  188  176  165  153  155  149  144  140  137  130  123  117  117  112  108  104
  102  101  101  102   92   94   98  103  116
