o1pg1930.23i
     1.0            IONOSPHERE MAPS     GNSS                IONEX VERSION / TYPE
IONINX V4.3         AIUB                13-Jul-23 09:02     PGM / RUN BY / DATE 
406 1-DAY PREDICTED IONOSPHERE MAPS FOR DAY 193, 2023       COMMENT             
We use the deep learning algorithm, based on the global     DESCRIPTION         
ionospheric map provided by CODE and the final global       DESCRIPTION         
ionospheric map combined by IGS, and use our proposed       DESCRIPTION         
spatiotemporal network model to predict the global          DESCRIPTION         
ionospheric map of the next day.                            DESCRIPTION         
Contact address: wanghongyue@stu.cdut.edu.cn                DESCRIPTION         
  2023    07    12     0     0     0                        EPOCH OF FIRST MAP  
  2023    07    12    22     0     0                        EPOCH OF LAST MAP   
  7200                                                      INTERVAL            
    12                                                      # OF MAPS IN FILE   
  NONE                                                      MAPPING FUNCTION    
     0.0                                                    ELEVATION CUTOFF    
TEC prediction calculated as a spatiotemporal network model OBSERVABLES USED    
  6371.0                                                    BASE RADIUS         
     2                                                      MAP DIMENSION       
   450.0 450.0   0.0                                        HGT1 / HGT2 / DHGT  
    87.5 -87.5  -2.5                                        LAT1 / LAT2 / DLAT  
  -180.0 180.0   5.0                                        LON1 / LON2 / DLON  
    -1                                                      EXPONENT            
TEC values in 0.1 tec units;  9999, if no value available   COMMENT             
                                                            END OF HEADER       
[from data line 3003]
     8                                                      START OF TEC MAP    
  2023    07    12    14     0     0                        EPOCH OF CURRENT MAP
    87.5-180.0 180.0   5.0 450.0                            LAT/LON1/LON2/DLON/H
  169  169  170  170  169  170  171  172  174  175  175  175  175  175  176  176
  174  175  175  175  175  175  175  175  173  173  172  172  172  171  171  170
  172  171  170  169  172  171  170  169  173  173  172  172  173  174  174  174
  175  175  175  175  172  173  173  173  171  172  172  173  171  171  172  172
  172  173  173  173  169  170  171  171  169
    85.0-180.0 180.0   5.0 450.0                            LAT/LON1/LON2/DLON/H
  165  166  168  169  169  170  172  174  175  176  177  178  178  179  179  179
  178  179  179  179  178  178  178  178  177  176  175  174  173  172  171  169
  170  169  168  166  168  167  166  165  167  167  166  166  168  168  168  169
  170  170  170  170  168  169  169  169  169  169  169  169  169  169  169  169
  168  168  168  168  166  167  168  169  165
    82.5-180.0 180.0   5.0 450.0                            LAT/LON1/LON2/DLON/H
  159  161  164  166  166  169  171  173  174  175  177  178  178  179  179  179
  180  180  180  180  180  180  179  178  178  177  176  174  173  172  170  168
  169  167  166  164  164  163  162  161  162  162  162  162  163  163  164  164
  166  166  166  166  166  166  166  166  167  167  167  167  167  167  166  166
  164  164  164  163  162  163  163  164  159
    80.0-180.0 180.0   5.0 450.0                            LAT/LON1/LON2/DLON/H
  158  158  159  160  162  164  167  170  170  172  174  175  173  174  175  176
  174  175  176  177  177  177  177  177  177  176  175  174  177  176  174  173
  174  172  171  170  167  166  165  164  162  163  163  164  162  164  166  168
  165  167  168  169  167  167  167  167  168  167  167  166  164  164  163  161
  158  157  156  155  156  156  156  157  158
    77.5-180.0 180.0   5.0 450.0                            LAT/LON1/LON2/DLON/H
  153  154  154  155  157  160  162  164  165  167  168  169  167  169  170  171
  169  170  172  173  172  173  174  174  173  173  173  172  175  174  173  172
  173  173  172  171  168  168  167  165  163  164  165  165  164  167  169  171
  169  170  172  173  171  172  172  172  172  171  171  169  166  165  164  162
  156  154  153  151  150  150  149  149  153
    75.0-180.0 180.0   5.0 450.0                            LAT/LON1/LON2/DLON/H
  151  152  152  153  153  156  158  159  160  162  163  163  162  164  165  165
  164  166  168  169  168  170  171  171  171  172  172  172  175  175  175  174
  175  175  175  174  172  172  170  169  168  168  168  168  170  171  173  175
  175  176  177  178  178  178  178  178  177  176  175  174  170  168  166  163
  156  154  152  149  147  146  145  144  151
    72.5-180.0 180.0   5.0 450.0                            LAT/LON1/LON2/DLON/H
  150  150  150  151  151  153  155  156  155  156  157  157  157  158  159  159
  159  161  163  164  164  166  167  168  170  170  171  171  176  176  176  176
  179  179  179  178  178  177  176  174  174  174  174  173  176  177  178  179
  181  181  182  183  184  183  183  182  182  181  179  176  173  171  168  164
  159  156  153  150  149  146  144  143  150
    70.0-180.0 180.0   5.0 450.0                            LAT/LON1/LON2/DLON/H
  146  147  147  147  146  149  153  156  154  156  157  159  158  159  160  161
  161  163  165  167  166  168  170  171  173  174  175  176  177  179  181  182
  180  182  183  184  181  180  179  178  178  179  179  179  178  180  183  185
  182  184  186  188  184  185  186  186  182  181  179  177  173  171  168  164
  158  155  151  148  147  146  143  140  146
    67.5-180.0 180.0   5.0 450.0                            LAT/LON1/LON2/DLON/H
  146  147  146  146  145  148  151  154  154  156  158  159  159  161  162  163
  163  165  167  169  168  170  172  173  175  176  177  177  178  181  183  184
  184  186  187  187  185  185  183  181  182  183  183  182  183  185  187  188
  187  188  189  190  186  187  187  186  184  183  181  179  177  174  171  167
  163  159  156  151  150  148  145  141  146
    65.0-180.0 180.0   5.0 450.0                            LAT/LON1/LON2/DLON/H
  145  145  144  144  144  146  149  151  153  155  158  160  162  164  165  166
  166  168  170  171  170  172  174  175  177  178  179  179  181  183  185  186
  188  190  190  190  189  189  187  185  187  187  187  187  188  190  191  192
  191  192  192  191  188  188  188  187  186  185  183  181  178  176  173  169
  165  162  158  153  152  149  145  142  145
    62.5-180.0 180.0   5.0 450.0                            LAT/LON1/LON2/DLON/H
  143  142  141  140  142  143  145  147  152  154  157  160  165  167  168  169
  169  171  172  174  172  174  175  176  178  179  180  180  183  186  188  189
  191  192  193  192  192  191  190  187  190  191  190  190  192  193  194  194
  194  194  194  192  189  189  189  187  187  186  185  183  179  176  173  170
  166  163  159  154  154  150  146  143  143
    60.0-180.0 180.0   5.0 450.0                            LAT/LON1/LON2/DLON/H
  138  137  135  134  132  133  136  140  146  151  157  164  167  168  169  171
  170  169  169  169  168  171  173  176  178  180  182  185  186  189  191  195
  195  197  199  200  198  197  197  197  199  199  198  198  197  198  198  197
  197  197  196  195  196  197  196  195  197  196  194  191  189  186  182  177
  172  168  164  159  154  151  147  142  138
    57.5-180.0 180.0   5.0 450.0                            LAT/LON1/LON2/DLON/H
  136  135  133  131  128  129  131  134  140  145  151  158  165  168  170  172
  172  172  171  171  169  172  175  177  179  182  185  188  190  194  197  201
  201  202  203  204  201  201  202  202  203  204  204  203  202  203  203  202
  200  201  201  200  202  203  202  201  205  203  201  198  197  192  186  179
  172  167  162  156  150  147  143  139  136
    55.0-180.0 180.0   5.0 450.0                            LAT/LON1/LON2/DLON/H
  136  134  132  130  126  126  128  130  135  140  146  153  162  165  169  172
  173  173  173  173  170  173  175  178  180  185  189  193  196  200  204  208
  208  209  209  209  207  208  208  209  211  212  212  211  209  210  210  208
  206  208  208  208  211  212  212  211  215  213  211  207  206  199  191  182
  174  168  161  155  148  144  140  137  136
    52.5-180.0 180.0   5.0 450.0                            LAT/LON1/LON2/DLON/H
  137  135  132  130  126  125  125  127  131  135  141  148  157  162  166  170
  173  173  173  173  171  174  176  178  183  189  194  198  202  207  211  214
  215  215  215  214  214  215  216  216  217  218  218  217  216  217  216  214
  214  216  217  216  221  223  224  223  226  224  221  217  214  206  196  186
  176  170  163  156  148  145  141  138  137
    50.0-180.0 180.0   5.0 450.0                            LAT/LON1/LON2/DLON/H
  140  137  134  131  127  126  126  127  135  139  145  151  161  166  171  177
  174  175  177  178  179  180  182  184  192  198  203  207  212  217  221  225
  226  226  226  226  230  229  228  227  230  229  226  224  228  226  225  225
  230  231  231  232  232  235  236  236  237  235  231  225  219  211  202  192
  184  176  167  159  149  146  144  142  140
    47.5-180.0 180.0   5.0 450.0                            LAT/LON1/LON2/DLON/H
  146  143  140  137  133  132  132  132  138  141  146  153  163  168  173  179
  182  183  185  186  186  188  189  191  200  205  209  214  219  224  228  232
  234  235  237  238  242  242  242  241  242  241  239  236  235  236  236  235
  238  240  240  240  241  242  242  240  242  239  234  228  224  216  207  197
  189  180  171  163  153  150  148  145  146
    45.0-180.0 180.0   5.0 450.0                            LAT/LON1/LON2/DLON/H
  151  148  145  143  139  139  139  139  143  146  151  157  168  173  178  184
  191  193  195  197  196  198  200  202  208  213  218  222  226  231  236  239
  242  246  250  253  255  258  259  258  256  256  255  251  247  249  249  249
  248  250  251  250  246  246  245  242  241  237  232  227  224  216  208  199
  195  186  177  169  160  156  153  151  151
    42.5-180.0 180.0   5.0 450.0                            LAT/LON1/LON2/DLON/H
  154  152  149  147  143  143  143  143  149  152  157  162  174  179  184  190
  201  204  206  209  207  210  212  214  216  221  226  230  232  237  242  246
  251  257  263  268  270  274  277  277  271  271  270  266  261  263  264  264
  260  262  262  261  250  249  247  243  238  235  230  225  222  216  209  202
  201  192  184  176  167  163  160  157  154
    40.0-180.0 180.0   5.0 450.0                            LAT/LON1/LON2/DLON/H
  158  156  155  154  145  146  147  147  152  157  164  171  176  185  194  202
  211  215  218  221  218  221  222  224  228  233  237  241  246  252  259  265
  273  280  288  298  306  307  307  308  305  301  297  293  285  283  282  280
  277  274  271  267  256  251  245  238  236  232  227  222  221  218  215  211
  207  201  195  189  186  179  172  167  158
    37.5-180.0 180.0   5.0 450.0                            LAT/LON1/LON2/DLON/H
  165  160  157  154  145  146  147  148  154  162  170  180  188  197  205  213
  223  227  230  232  230  233  235  236  241  245  249  253  259  266  274  283
  293  304  317  329  339  341  341  340  336  332  327  321  310  307  304  300
  295  291  285  279  265  259  251  243  239  234  228  222  228  225  221  217
  218  213  206  200  194  186  180  173  165
    35.0-180.0 180.0   5.0 450.0                            LAT/LON1/LON2/DLON/H
  171  165  159  154  143  144  145  147  153  163  173  185  198  207  215  223
  231  235  239  241  239  243  245  246  252  256  260  265  272  281  292  303
  317  333  349  364  374  377  378  376  370  365  359  352  338  334  328  322
  315  309  302  292  275  268  259  248  242  236  229  222  230  228  225  220
  223  219  213  206  199  192  185  178  171
    32.5-180.0 180.0   5.0 450.0                            LAT/LON1/LON2/DLON/H
  176  169  162  156  142  143  145  147  151  162  174  187  205  214  223  230
  237  242  245  248  246  250  252  253  262  267  271  276  287  299  312  325
  344  363  382  399  409  413  414  412  402  397  391  383  363  358  351  343
  335  328  319  308  290  281  271  259  248  242  234  226  232  231  228  225
  225  221  217  211  204  196  189  182  176
    30.0-180.0 180.0   5.0 450.0                            LAT/LON1/LON2/DLON/H
  186  178  169  161  146  145  144  145  147  161  176  191  205  215  225  235
  238  243  247  250  246  253  258  262  270  276  283  291  307  324  342  362
  376  398  419  439  441  444  445  444  432  425  417  409  393  383  374  365
  364  355  346  337  321  308  294  281  265  254  244  235  236  231  227  225
  227  222  218  214  220  211  202  194  186
    27.5-180.0 180.0   5.0 450.0                            LAT/LON1/LON2/DLON/H
  195  186  176  166  152  149  146  143  146  159  173  188  205  216  227  237
  241  246  250  254  255  260  265  271  279  287  296  305  323  344  365  386
  406  427  447  465  467  468  467  465  453  445  438  430  413  403  394  386
  386  377  367  357  343  327  310  293  275  262  251  240  237  231  227  224
  224  220  216  213  222  215  207  200  195
    25.0-180.0 180.0   5.0 450.0                            LAT/LON1/LON2/DLON/H
  203  195  184  173  161  155  150  145  146  156  169  183  204  216  228  239
  245  250  255  260  262  268  274  279  287  298  309  321  338  362  386  409
  430  449  466  481  481  481  478  474  465  458  451  445  430  422  413  406
  408  399  388  377  359  341  321  299  277  264  250  238  233  227  223  220
  216  214  211  209  217  212  206  200  203
    22.5-180.0 180.0   5.0 450.0                            LAT/LON1/LON2/DLON/H
  207  199  190  180  169  162  155  149  146  155  166  178  204  216  229  241
  249  255  261  265  270  277  283  289  295  309  322  335  352  379  404  428
  447  462  476  488  487  484  480  475  469  463  457  452  441  434  428  421
  424  415  405  393  367  346  324  300  275  261  247  233  227  223  219  216
  208  206  205  204  212  207  203  200  207
    20.0-180.0 180.0   5.0 450.0                            LAT/LON1/LON2/DLON/H
  200  197  192  186  171  168  163  158  152  154  159  165  193  210  229  248
  251  258  265  271  278  283  287  292  297  312  328  346  364  392  420  446
  464  475  485  492  493  487  480  473  471  468  464  461  452  450  449  447
  450  440  428  415  375  350  325  301  276  257  241  227  229  222  216  211
  208  204  200  196  199  197  194  192  200
    17.5-180.0 180.0   5.0 450.0                            LAT/LON1/LON2/DLON/H
  196  193  189  183  175  172  168  162  152  154  157  162  190  208  228  247
  252  261  269  276  282  288  294  300  306  323  340  358  381  405  430  453
  465  472  479  485  478  472  468  464  470  467  465  465  464  462  461  460
  466  453  437  419  377  348  321  294  270  251  234  221  223  215  209  204
  201  196  192  190  195  192  189  186  196
    15.0-180.0 180.0   5.0 450.0                            LAT/LON1/LON2/DLON/H
  186  183  178  173  171  168  164  159  148  149  152  156  186  205  225  245
  252  262  272  281  286  293  301  309  318  336  354  371  397  417  437  457
  464  468  472  476  469  466  463  463  470  470  470  472  473  472  471  470
  475  458  439  417  378  347  317  288  269  251  235  222  220  213  206  201
  196  191  187  184  190  185  181  177  186
    12.5-180.0 180.0   5.0 450.0                            LAT/LON1/LON2/DLON/H
  173  170  166  161  161  158  155  151  143  142  144  147  182  201  221  242
  251  263  274  285  290  299  309  319  332  351  369  386  411  427  443  459
  463  465  467  469  467  466  467  469  474  475  478  481  479  479  478  477
  475  456  433  410  377  344  312  282  272  255  240  228  220  212  206  200
  192  187  183  179  187  180  174  168  173
    10.0-180.0 180.0   5.0 450.0                            LAT/LON1/LON2/DLON/H
  152  149  146  143  138  136  136  136  132  131  133  136  163  184  207  231
  240  254  267  280  277  292  306  319  333  354  375  395  418  434  448  460
  470  471  472  472  469  475  479  481  481  487  491  491  482  482  480  474
  471  449  424  398  370  345  321  299  282  267  253  242  229  220  212  204
  196  190  186  182  176  167  159  154  152
     7.5-180.0 180.0   5.0 450.0                            LAT/LON1/LON2/DLON/H
  142  137  133  129  123  121  120  121  120  121  124  129  157  179  203  228
  239  254  268  280  281  297  312  325  347  370  391  410  432  445  456  467
  470  472  474  476  483  487  490  493  496  497  496  493  485  483  477  469
  460  439  415  389  365  344  323  303  293  278  264  251  234  224  214  204
  196  190  184  179  170  164  158  152  142
     5.0-180.0 180.0   5.0 450.0                            LAT/LON1/LON2/DLON/H
  136  129  123  118  111  108  107  108  106  108  113  119  149  172  197  222
  236  252  266  279  285  302  318  332  363  386  407  427  446  456  465  474
  474  478  482  486  495  499  501  503  503  499  493  486  477  471  463  453
  439  419  397  374  356  339  322  307  300  286  272  259  237  225  213  202
  195  188  182  176  165  159  154  148  136
     2.5-180.0 180.0   5.0 450.0                            LAT/LON1/LON2/DLON/H
  136  128  120  114  106  102  101  101   97   99  105  112  142  165  190  216
  232  249  264  278  289  308  325  341  377  401  423  442  459  468  476  483
  479  485  491  497  502  505  508  509  500  492  482  471  458  450  439  428
  408  390  371  352  343  330  318  307  299  286  273  260  233  221  208  196
  191  184  177  171  161  155  150  145  136
