o1pg2090-20230729.23i
     1.0            IONOSPHERE MAPS     GNSS                IONEX VERSION / TYPE
IONINX V4.3         AIUB                01-Aug-23 09:21     PGM / RUN BY / DATE 
406 1-DAY PREDICTED IONOSPHERE MAPS FOR DAY 209, 2023       COMMENT             
We use the deep learning algorithm, based on the global     DESCRIPTION         
ionospheric map provided by CODE and the final global       DESCRIPTION         
ionospheric map combined by IGS, and use our proposed       DESCRIPTION         
spatiotemporal network model to predict the global          DESCRIPTION         
ionospheric map of the next day.                            DESCRIPTION         
Contact address: wanghongyue@stu.cdut.edu.cn                DESCRIPTION         
  2023    07    28     0     0     0                        EPOCH OF FIRST MAP  
  2023    07    28    22     0     0                        EPOCH OF LAST MAP   
  7200                                                      INTERVAL            
    12                                                      # OF MAPS IN FILE   
  NONE                                                      MAPPING FUNCTION    
     0.0                                                    ELEVATION CUTOFF    
TEC prediction calculated as a spatiotemporal network model OBSERVABLES USED    
  6371.0                                                    BASE RADIUS         
     2                                                      MAP DIMENSION       
   450.0 450.0   0.0                                        HGT1 / HGT2 / DHGT  
    87.5 -87.5  -2.5                                        LAT1 / LAT2 / DLAT  
  -180.0 180.0   5.0                                        LON1 / LON2 / DLON  
    -1                                                      EXPONENT            
TEC values in 0.1 tec units;  9999, if no value available   COMMENT             
                                                            END OF HEADER       
[from data line 429]
     2                                                      START OF TEC MAP    
  2023    07    28     2     0     0                        EPOCH OF CURRENT MAP
    87.5-180.0 180.0   5.0 450.0                            LAT/LON1/LON2/DLON/H
  189  188  187  187  186  186  186  186  185  185  185  184  188  188  187  186
  186  186  185  184  185  183  182  181  181  180  178  177  180  179  179  178
  178  178  178  178  178  178  178  178  178  179  179  180  179  179  180  180
  179  179  179  179  178  178  178  178  176  177  177  178  179  180  180  181
  182  182  182  181  185  185  186  186  189
    85.0-180.0 180.0   5.0 450.0                            LAT/LON1/LON2/DLON/H
  192  192  193  193  190  191  191  191  190  190  190  190  193  193  193  192
  193  192  191  190  190  188  186  184  183  181  178  176  176  176  174  172
  173  173  172  172  172  173  173  173  173  174  175  176  176  176  177  178
  177  177  178  178  177  177  177  177  177  177  178  178  182  182  183  183
  185  185  185  183  186  187  187  187  192
    82.5-180.0 180.0   5.0 450.0                            LAT/LON1/LON2/DLON/H
  193  195  196  198  193  194  194  195  192  193  193  193  197  197  196  196
  197  197  196  195  193  191  189  186  183  180  177  174  172  171  169  166
  168  167  166  166  167  167  168  168  169  171  172  173  173  174  176  177
  176  177  178  178  178  177  177  178  180  180  180  180  186  186  186  186
  188  188  187  185  187  187  186  185  193
    80.0-180.0 180.0   5.0 450.0                            LAT/LON1/LON2/DLON/H
  197  197  197  197  195  196  197  198  196  198  200  200  201  202  203  203
  202  202  202  201  196  193  190  188  182  178  173  169  167  164  162  160
  161  160  160  160  163  164  165  167  169  171  173  175  177  179  181  184
  183  184  185  187  187  187  186  186  192  193  193  193  198  199  199  199
  196  194  192  191  191  190  189  188  197
    77.5-180.0 180.0   5.0 450.0                            LAT/LON1/LON2/DLON/H
  200  200  199  199  196  197  197  198  195  197  198  198  200  201  201  200
  201  201  201  199  194  191  188  184  177  173  168  164  160  158  156  154
  155  156  156  157  161  162  164  166  169  172  174  176  179  182  185  188
  188  190  192  194  195  195  196  195  203  203  204  203  207  208  208  207
  203  201  198  195  193  191  189  187  200
    75.0-180.0 180.0   5.0 450.0                            LAT/LON1/LON2/DLON/H
  205  205  204  203  199  199  199  198  197  198  198  197  200  200  199  198
  200  200  199  197  192  189  185  181  174  169  164  159  156  155  153  151
  152  154  155  156  160  162  165  167  170  173  176  178  182  186  189  192
  194  197  199  202  204  205  205  205  213  214  214  214  217  217  216  214
  211  208  204  200  197  194  191  188  205
    72.5-180.0 180.0   5.0 450.0                            LAT/LON1/LON2/DLON/H
  210  209  208  207  202  202  201  199  199  199  198  196  199  198  196  194
  197  196  194  192  188  185  181  176  171  166  161  156  154  153  151  150
  151  153  155  157  160  162  165  168  170  173  177  180  184  188  192  195
  199  201  204  207  209  211  211  211  220  221  220  220  224  223  221  218
  219  215  210  204  203  200  196  192  210
    70.0-180.0 180.0   5.0 450.0                            LAT/LON1/LON2/DLON/H
  215  215  213  210  207  208  208  208  200  200  199  198  197  196  193  190
  189  188  187  184  181  179  176  172  166  163  159  155  154  153  152  152
  153  155  157  158  162  164  165  167  171  176  180  185  189  195  202  207
  206  211  216  219  214  218  220  222  218  220  221  221  220  220  220  219
  215  213  210  206  206  203  199  194  215
    67.5-180.0 180.0   5.0 450.0                            LAT/LON1/LON2/DLON/H
  222  221  218  215  212  212  211  210  203  203  202  201  198  196  193  189
  187  185  183  180  179  177  173  170  166  162  158  154  154  153  153  152
  155  156  157  158  161  162  163  165  168  173  178  183  189  195  202  207
  208  213  217  220  216  219  221  222  219  220  221  221  221  222  221  220
  218  217  215  211  213  211  207  201  222
    65.0-180.0 180.0   5.0 450.0                            LAT/LON1/LON2/DLON/H
  226  224  221  218  216  215  213  212  207  207  206  203  201  198  194  189
  186  183  180  176  178  175  171  168  165  161  157  153  155  155  154  153
  157  157  158  158  159  160  161  162  165  170  175  181  189  195  201  207
  210  214  218  220  217  219  221  222  218  219  220  220  219  220  220  219
  218  218  216  214  217  215  211  206  226
    62.5-180.0 180.0   5.0 450.0                            LAT/LON1/LON2/DLON/H
  228  225  222  218  217  215  213  211  210  209  208  205  205  201  196  191
  187  183  179  175  178  174  170  166  166  161  157  153  157  157  156  155
  158  158  158  158  157  157  158  159  161  166  172  178  188  194  201  207
  210  214  218  221  215  218  220  221  216  218  219  219  216  217  218  218
  217  217  216  214  221  218  214  210  228
    60.0-180.0 180.0   5.0 450.0                            LAT/LON1/LON2/DLON/H
  229  225  221  215  215  213  212  212  208  209  210  212  205  202  198  194
  185  181  177  173  171  168  165  162  157  154  152  150  154  154  154  155
  159  156  155  153  150  148  147  146  150  156  162  169  180  189  198  207
  207  212  216  220  214  218  220  223  218  220  221  222  221  222  222  222
  218  220  220  220  221  223  222  220  229
    57.5-180.0 180.0   5.0 450.0                            LAT/LON1/LON2/DLON/H
  233  229  224  218  218  214  211  209  208  208  209  209  208  206  202  199
  190  185  181  176  173  169  165  162  157  154  152  150  157  156  156  156
  158  155  152  150  146  144  144  144  146  152  159  166  176  186  196  206
  207  213  218  223  219  222  225  227  225  226  227  227  225  225  225  224
  220  221  222  221  223  225  225  223  233
    55.0-180.0 180.0   5.0 450.0                            LAT/LON1/LON2/DLON/H
  242  239  233  227  225  220  215  210  210  209  209  208  210  208  206  202
  197  192  186  181  177  172  167  162  159  157  155  153  161  160  159  158
  158  154  150  147  142  141  142  144  143  149  157  165  174  184  195  206
  209  216  223  229  227  231  235  238  235  237  237  237  233  232  231  229
  224  225  225  225  227  228  229  228  242
    52.5-180.0 180.0   5.0 450.0                            LAT/LON1/LON2/DLON/H
  255  251  246  240  236  229  222  215  214  212  210  208  212  210  208  205
  204  198  192  186  182  176  171  165  164  162  160  159  167  165  163  161
  157  152  148  145  140  140  141  144  141  147  155  163  172  183  194  205
  214  222  230  238  238  243  248  251  248  249  249  249  242  241  239  236
  230  231  231  230  233  234  234  234  255
    50.0-180.0 180.0   5.0 450.0                            LAT/LON1/LON2/DLON/H
  268  264  261  256  248  240  232  225  217  214  212  210  209  209  209  209
  207  205  202  200  193  189  185  181  176  173  171  169  168  167  165  163
  154  151  148  145  142  142  142  143  139  143  148  153  166  178  192  206
  211  222  234  246  245  251  256  261  260  261  260  257  257  255  251  248
  245  245  244  244  240  242  244  246  268
    47.5-180.0 180.0   5.0 450.0                            LAT/LON1/LON2/DLON/H
  286  283  280  276  270  261  252  243  233  227  221  215  215  214  213  212
  213  210  208  206  199  196  192  189  186  183  179  176  177  174  170  165
  157  154  151  148  146  146  146  147  142  146  150  155  166  179  193  208
  218  230  242  255  259  264  268  272  275  274  271  268  268  265  262  258
  255  255  255  254  251  253  256  258  286
    45.0-180.0 180.0   5.0 450.0                            LAT/LON1/LON2/DLON/H
  304  302  299  296  293  283  274  263  250  242  233  224  221  219  217  214
  217  215  213  212  207  205  202  200  198  195  191  186  186  181  175  168
  160  158  155  153  152  152  153  153  148  151  154  158  168  181  196  212
  226  238  252  265  272  277  281  283  288  286  282  278  277  275  272  269
  266  267  267  266  265  267  270  271  304
    42.5-180.0 180.0   5.0 450.0                            LAT/LON1/LON2/DLON/H
  318  317  316  313  312  303  293  281  267  257  246  235  228  225  222  219
  222  221  219  218  217  215  213  212  211  207  203  198  194  188  180  172
  164  162  161  160  160  160  161  162  154  156  159  163  172  185  201  218
  234  248  262  276  284  290  294  297  298  297  293  290  286  286  284  282
  279  281  281  281  282  284  286  286  318
    40.0-180.0 180.0   5.0 450.0                            LAT/LON1/LON2/DLON/H
  340  338  336  333  327  323  317  309  292  279  266  253  242  236  230  223
  228  228  228  227  221  220  219  217  218  215  213  209  205  196  187  180
  183  178  173  170  172  171  169  168  165  167  171  175  176  190  207  224
  236  251  266  280  295  298  301  303  316  313  309  305  304  302  300  298
  297  299  301  303  312  315  317  319  340
    37.5-180.0 180.0   5.0 450.0                            LAT/LON1/LON2/DLON/H
  362  357  351  346  345  339  332  325  309  297  286  274  261  253  245  237
  236  235  234  233  226  226  225  224  227  225  222  220  216  208  200  194
  198  194  189  185  189  187  184  181  179  181  183  187  187  200  216  232
  242  258  273  287  300  307  311  313  325  324  322  317  319  318  317  316
  318  321  324  326  334  337  338  338  362
    35.0-180.0 180.0   5.0 450.0                            LAT/LON1/LON2/DLON/H
  386  379  371  363  361  355  347  340  323  314  305  295  279  270  260  251
  241  240  239  237  230  230  231  231  237  235  233  231  226  221  215  210
  213  210  206  203  205  201  197  193  193  194  196  198  197  210  224  238
  246  262  277  291  302  312  318  322  334  336  336  333  336  337  338  338
  343  347  350  352  364  365  365  362  386
    32.5-180.0 180.0   5.0 450.0                            LAT/LON1/LON2/DLON/H
  412  405  396  386  377  371  364  357  337  331  324  317  298  289  279  268
  249  248  246  245  234  235  237  238  245  244  243  241  235  232  229  227
  224  223  221  218  218  214  209  203  207  207  208  208  206  218  230  243
  249  265  280  294  306  318  326  332  347  352  354  353  357  361  364  366
  373  378  382  384  402  401  398  393  412
    30.0-180.0 180.0   5.0 450.0                            LAT/LON1/LON2/DLON/H
  451  441  430  419  401  393  386  380  363  356  349  342  325  311  295  278
  263  254  246  237  240  243  246  248  258  257  256  256  254  248  242  236
  238  234  230  225  225  222  218  212  213  213  212  210  206  214  223  233
  243  256  271  286  305  313  320  327  348  352  355  358  374  376  380  385
  389  397  404  412  435  435  434  431  451
    27.5-180.0 180.0   5.0 450.0                            LAT/LON1/LON2/DLON/H
  491  481  469  456  435  423  413  403  389  379  370  362  352  335  316  296
  274  264  254  244  247  250  254  258  273  272  271  270  262  256  250  243
  244  239  234  227  231  227  222  217  219  217  215  213  207  212  219  227
  235  250  266  282  299  311  321  329  352  361  368  373  390  397  404  412
  416  428  439  448  462  472  478  480  491
    25.0-180.0 180.0   5.0 450.0                            LAT/LON1/LON2/DLON/H
  534  527  516  502  481  466  453  440  425  413  402  392  381  361  339  318
  289  276  264  252  257  260  264  269  285  285  284  282  266  260  253  245
  244  238  231  224  229  225  219  214  218  215  211  207  201  205  210  215
  224  240  257  275  292  308  322  333  353  367  378  386  403  415  426  437
  440  456  469  480  490  507  519  525  534
    22.5-180.0 180.0   5.0 450.0                            LAT/LON1/LON2/DLON/H
  572  569  561  549  529  514  499  483  467  454  441  429  411  389  365  342
  306  291  277  264  268  271  276  281  291  291  289  287  262  256  249  241
  237  231  223  215  220  216  211  205  211  206  202  197  190  192  195  199
  210  228  247  267  286  306  323  337  355  372  387  399  415  431  446  459
  461  478  493  505  516  535  550  559  572
    20.0-180.0 180.0   5.0 450.0                            LAT/LON1/LON2/DLON/H
  595  598  594  585  564  553  540  525  504  491  476  460  443  417  390  363
  329  314  299  284  279  284  290  296  306  295  285  274  258  243  228  214
  216  211  206  200  199  196  193  189  187  183  178  173  168  166  167  170
  191  213  235  258  283  301  318  336  359  374  388  401  426  441  456  471
  483  501  518  534  529  548  566  580  595
    17.5-180.0 180.0   5.0 450.0                            LAT/LON1/LON2/DLON/H
  612  618  619  616  598  591  580  565  544  530  512  493  477  448  417  385
  354  334  315  297  295  295  297  300  303  290  277  264  245  229  214  200
  202  196  189  183  180  177  173  169  166  161  155  151  149  148  151  156
  181  205  230  256  287  305  324  343  371  386  401  416  439  455  471  486
  493  508  523  538  533  554  573  590  612
    15.0-180.0 180.0   5.0 450.0                            LAT/LON1/LON2/DLON/H
  615  625  630  632  618  614  606  594  579  563  544  522  507  476  442  408
  375  351  328  308  306  302  299  298  295  280  264  249  227  212  198  185
  186  180  173  167  165  160  155  151  148  141  135  129  131  132  136  143
  171  198  226  255  291  311  332  353  383  400  416  432  453  470  486  501
  505  517  529  541  537  556  574  591  615
    12.5-180.0 180.0   5.0 450.0                            LAT/LON1/LON2/DLON/H
  608  620  629  634  623  622  618  609  599  584  564  542  527  495  461  426
  393  367  342  319  314  306  299  293  281  264  247  230  209  194  181  170
  174  167  160  154  154  148  142  137  136  127  120  114  117  119  124  133
  162  191  221  253  295  318  340  362  397  415  432  449  467  484  500  514
  518  527  535  543  539  554  569  582  608
    10.0-180.0 180.0   5.0 450.0                            LAT/LON1/LON2/DLON/H
  607  621  630  634  616  621  623  621  600  588  572  554  524  495  460  422
  394  371  346  319  314  299  283  269  260  242  224  208  194  185  178  172
  167  161  156  152  134  129  125  120  112  107  102   99   98   99  103  110
  144  176  212  249  284  315  346  374  407  430  450  469  483  497  510  521
  533  543  553  563  559  568  577  587  607
     7.5-180.0 180.0   5.0 450.0                            LAT/LON1/LON2/DLON/H
  597  605  609  610  602  607  609  607  596  585  569  551  526  496  462  423
  401  377  351  324  314  296  278  262  244  226  210  196  186  179  173  170
  165  160  155  152  134  129  124  119  110  105  100   96   93   94   97  104
  139  170  205  242  283  314  345  374  415  439  461  479  501  516  528  538
  548  558  568  577  567  572  578  584  597
     5.0-180.0 180.0   5.0 450.0                            LAT/LON1/LON2/DLON/H
  595  598  597  594  588  592  592  590  582  572  558  540  515  486  452  416
  398  374  348  322  312  292  272  254  234  218  203  192  183  179  175  174
  167  163  159  156  137  131  126  120  111  104   99   94   89   89   92   99
  132  163  197  235  277  309  340  371  417  443  466  485  513  529  543  553
  560  572  583  592  581  583  585  586  595
     2.5-180.0 180.0   5.0 450.0                            LAT/LON1/LON2/DLON/H
  602  601  595  586  576  578  577  574  564  554  541  526  494  466  435  403
  385  362  337  313  303  283  263  244  227  214  202  193  187  184  183  183
  171  168  165  162  139  133  127  122  112  106   99   94   87   86   89   95
  125  155  189  226  269  302  334  366  413  441  465  486  516  534  549  559
  566  581  594  604  596  596  596  594  602
