o1pg1960-20230716.23i
     1.0            IONOSPHERE MAPS     GNSS                IONEX VERSION / TYPE
IONINX V4.3         AIUB                16-Jul-23 :11:4     PGM / RUN BY / DATE 
406 1-DAY PREDICTED IONOSPHERE MAPS FOR DAY 196, 2023       COMMENT             
We use the deep learning algorithm, based on the global     DESCRIPTION         
ionospheric map provided by CODE and the final global       DESCRIPTION         
ionospheric map combined by IGS, and use our proposed       DESCRIPTION         
spatiotemporal network model to predict the global          DESCRIPTION         
ionospheric map of the next day.                            DESCRIPTION         
Contact address: wanghongyue@stu.cdut.edu.cn                DESCRIPTION         
  2023    07    15     0     0     0                        EPOCH OF FIRST MAP  
  2023    07    15    22     0     0                        EPOCH OF LAST MAP   
  7200                                                      INTERVAL            
    12                                                      # OF MAPS IN FILE   
  NONE                                                      MAPPING FUNCTION    
     0.0                                                    ELEVATION CUTOFF    
TEC prediction calculated as a spatiotemporal network model OBSERVABLES USED    
  6371.0                                                    BASE RADIUS         
     2                                                      MAP DIMENSION       
   450.0 450.0   0.0                                        HGT1 / HGT2 / DHGT  
    87.5 -87.5  -2.5                                        LAT1 / LAT2 / DLAT  
  -180.0 180.0   5.0                                        LON1 / LON2 / DLON  
    -1                                                      EXPONENT            
TEC values in 0.1 tec units;  9999, if no value available   COMMENT             
                                                            END OF HEADER       
[from data line 4290]
    11                                                      START OF TEC MAP    
  2023    07    15    20     0     0                        EPOCH OF CURRENT MAP
    87.5-180.0 180.0   5.0 450.0                            LAT/LON1/LON2/DLON/H
  173  173  173  173  170  171  172  174  172  172  173  174  172  172  172  172
  174  174  174  174  175  175  175  175  176  175  175  174  174  174  173  172
  171  170  170  169  167  167  167  166  168  168  168  168  170  171  171  171
  172  173  174  175  174  174  175  175  172  172  172  172  170  171  172  173
  170  171  173  173  169  170  171  171  173
    85.0-180.0 180.0   5.0 450.0                            LAT/LON1/LON2/DLON/H
  170  170  171  172  171  172  174  176  176  177  179  180  179  179  179  179
  180  180  180  180  180  180  179  179  179  178  176  175  174  173  171  169
  167  166  164  163  161  161  161  160  161  161  161  162  165  165  166  167
  168  168  169  170  170  171  171  172  169  169  169  170  167  168  168  169
  165  166  167  168  166  167  168  168  170
    82.5-180.0 180.0   5.0 450.0                            LAT/LON1/LON2/DLON/H
  167  167  169  170  171  173  175  177  179  181  183  184  184  185  185  185
  185  185  185  184  184  183  182  181  180  179  177  174  173  171  168  166
  163  161  160  158  156  156  155  155  156  156  157  158  160  161  162  163
  163  165  166  167  167  168  169  170  167  168  168  168  164  165  165  166
  160  161  162  162  160  161  162  163  167
    80.0-180.0 180.0   5.0 450.0                            LAT/LON1/LON2/DLON/H
  167  167  167  167  171  174  176  179  179  183  186  188  187  189  189  189
  192  191  190  189  192  190  188  186  184  182  180  177  175  172  170  167
  165  163  161  160  158  159  159  159  157  159  160  162  157  160  162  164
  161  164  166  168  168  169  170  171  170  170  170  170  167  165  164  163
  162  161  159  158  157  157  159  160  167
    77.5-180.0 180.0   5.0 450.0                            LAT/LON1/LON2/DLON/H
  167  167  167  167  170  173  176  179  179  184  187  190  190  192  193  193
  195  195  194  193  194  193  191  188  187  185  182  178  175  173  171  168
  166  164  163  161  160  160  160  160  159  160  161  162  159  161  163  165
  162  165  167  169  168  170  171  172  171  171  172  173  169  168  168  167
  165  163  161  160  159  160  161  162  167
    75.0-180.0 180.0   5.0 450.0                            LAT/LON1/LON2/DLON/H
  171  171  171  171  172  175  178  181  181  186  190  192  193  195  196  196
  199  199  198  197  198  196  194  192  190  188  184  180  178  176  173  170
  169  168  167  165  164  164  163  162  162  163  163  163  162  164  165  166
  165  166  168  170  169  170  171  173  171  172  173  175  173  173  173  172
  170  169  167  166  165  166  167  167  171
    72.5-180.0 180.0   5.0 450.0                            LAT/LON1/LON2/DLON/H
  178  178  177  177  177  179  182  185  183  188  191  194  196  197  197  197
  202  202  200  199  201  199  197  193  194  191  186  182  181  179  176  173
  173  172  171  170  169  168  167  165  167  166  166  165  166  166  167  167
  167  167  168  169  169  169  170  172  171  172  173  175  176  177  177  177
  178  176  175  174  175  176  176  176  178
    70.0-180.0 180.0   5.0 450.0                            LAT/LON1/LON2/DLON/H
  185  186  186  185  184  186  187  188  191  194  196  197  202  204  204  203
  209  208  207  204  205  204  201  197  197  192  187  182  178  176  173  171
  173  173  173  173  173  173  171  169  167  166  165  164  163  163  162  162
  162  162  162  161  160  161  161  162  163  166  169  172  177  179  181  184
  187  187  187  186  188  189  189  188  185
    67.5-180.0 180.0   5.0 450.0                            LAT/LON1/LON2/DLON/H
  197  198  198  198  196  196  197  197  199  202  204  205  208  209  210  209
  212  212  211  208  209  208  205  201  200  195  190  184  179  178  177  175
  178  179  179  178  180  179  177  174  171  170  168  166  165  164  162  160
  161  159  158  155  153  154  154  154  157  160  163  167  176  179  183  187
  193  195  196  196  198  200  201  200  197
    65.0-180.0 180.0   5.0 450.0                            LAT/LON1/LON2/DLON/H
  208  209  210  210  207  207  207  206  208  210  211  211  215  216  215  214
  216  216  214  212  212  211  208  204  202  197  192  186  182  182  181  179
  185  186  186  184  187  185  182  178  176  174  171  168  167  165  162  159
  159  155  152  148  146  145  144  144  148  151  155  160  171  176  182  188
  196  200  203  204  206  209  211  211  208
    62.5-180.0 180.0   5.0 450.0                            LAT/LON1/LON2/DLON/H
  217  218  219  219  217  216  215  214  214  216  216  216  222  221  220  218
  221  219  218  215  215  213  210  206  204  200  194  189  187  187  186  185
  193  193  192  191  194  191  187  182  181  178  174  170  170  166  162  158
  156  151  146  141  138  136  135  135  138  143  148  153  164  171  178  186
  196  201  206  209  213  217  219  219  217
    60.0-180.0 180.0   5.0 450.0                            LAT/LON1/LON2/DLON/H
  222  226  230  232  224  223  222  221  225  226  226  225  229  227  225  222
  224  223  221  219  219  218  216  213  209  204  199  196  192  192  192  193
  196  196  197  197  195  192  188  185  181  178  175  172  168  164  158  152
  146  141  135  129  123  123  122  122  125  131  136  142  155  166  178  188
  192  200  207  214  215  222  227  231  222
    57.5-180.0 180.0   5.0 450.0                            LAT/LON1/LON2/DLON/H
  227  232  236  239  233  231  229  227  232  231  230  229  231  231  229  226
  226  224  223  221  222  220  219  217  213  210  208  205  203  205  206  208
  211  210  210  208  205  202  198  195  190  187  183  179  174  168  162  154
  146  140  134  129  121  120  120  121  123  127  133  139  152  162  173  183
  189  197  205  212  214  223  230  236  227
    55.0-180.0 180.0   5.0 450.0                            LAT/LON1/LON2/DLON/H
  232  238  242  245  244  241  238  235  240  238  236  233  234  233  232  229
  228  227  225  223  224  223  222  221  218  218  218  217  218  220  222  224
  227  226  223  220  218  214  211  207  201  198  193  188  182  175  167  158
  149  143  137  131  123  123  122  123  124  128  134  140  151  160  170  180
  187  196  204  211  216  226  234  241  232
    52.5-180.0 180.0   5.0 450.0                            LAT/LON1/LON2/DLON/H
  238  245  249  252  256  253  249  244  248  245  242  238  236  235  233  231
  230  229  227  225  227  226  225  225  224  226  228  229  232  236  238  239
  243  241  236  231  230  227  223  219  212  208  203  197  190  182  172  162
  155  149  143  137  129  129  129  130  129  133  138  144  153  161  170  179
  187  196  204  212  220  230  239  247  238
    50.0-180.0 180.0   5.0 450.0                            LAT/LON1/LON2/DLON/H
  241  249  257  263  264  266  266  265  263  260  257  253  250  247  243  239
  239  235  231  227  230  232  233  235  230  235  240  245  242  248  252  255
  255  254  252  248  247  243  237  231  227  220  212  203  197  187  177  167
  158  152  145  140  136  133  132  130  129  131  134  137  153  160  166  173
  189  200  210  220  225  234  243  252  241
    47.5-180.0 180.0   5.0 450.0                            LAT/LON1/LON2/DLON/H
  252  260  268  276  279  282  283  283  283  277  271  265  262  257  251  245
  245  240  235  231  233  234  237  239  238  244  250  254  255  260  263  264
  265  264  261  257  256  252  245  237  235  227  217  206  200  191  182  173
  166  160  155  150  146  144  142  141  139  141  143  146  161  167  173  180
  197  207  217  227  232  242  251  259  252
    45.0-180.0 180.0   5.0 450.0                            LAT/LON1/LON2/DLON/H
  262  270  278  287  292  297  300  301  302  296  288  280  277  270  263  255
  254  248  242  238  239  241  244  247  249  255  261  265  268  271  272  272
  275  273  271  267  266  261  254  246  242  234  223  210  206  198  190  182
  175  170  166  162  157  155  153  152  149  150  152  154  168  174  180  187
  207  217  227  237  243  253  262  269  262
    42.5-180.0 180.0   5.0 450.0                            LAT/LON1/LON2/DLON/H
  268  277  286  295  302  308  313  317  319  313  305  297  293  285  277  268
  264  258  253  248  247  250  253  258  260  266  272  277  280  282  281  279
  284  283  281  278  276  271  265  256  250  240  229  216  213  206  200  193
  185  182  179  176  167  166  165  164  159  160  162  164  177  183  190  196
  218  229  239  248  255  264  273  279  268
    40.0-180.0 180.0   5.0 450.0                            LAT/LON1/LON2/DLON/H
  275  285  295  304  312  322  330  336  339  334  329  324  315  309  302  295
  283  276  269  262  260  262  265  268  276  283  291  297  300  302  303  304
  307  305  302  299  295  287  277  266  258  247  236  224  224  218  212  205
  196  194  191  187  181  181  181  180  173  175  178  180  176  184  193  202
  220  235  248  260  270  280  289  297  275
    37.5-180.0 180.0   5.0 450.0                            LAT/LON1/LON2/DLON/H
  286  293  301  309  319  329  338  345  354  352  350  347  341  333  325  316
  305  297  289  281  279  282  284  287  294  301  308  314  315  317  319  320
  324  324  321  318  313  304  292  277  270  259  248  235  238  231  224  217
  209  206  202  197  192  193  192  191  184  186  187  189  187  195  204  212
  230  245  259  270  279  291  301  308  286
    35.0-180.0 180.0   5.0 450.0                            LAT/LON1/LON2/DLON/H
  294  301  307  313  322  333  342  352  364  366  368  368  366  359  350  340
  328  320  312  303  299  302  305  308  314  320  326  332  332  336  339  341
  344  346  345  342  331  320  307  290  283  272  261  248  251  244  236  227
  218  214  209  202  198  199  198  197  190  192  194  195  191  199  208  216
  235  250  264  275  287  300  310  317  294
    32.5-180.0 180.0   5.0 450.0                            LAT/LON1/LON2/DLON/H
  303  309  315  320  325  337  348  358  371  377  382  386  390  383  375  365
  351  344  336  328  321  324  327  330  334  340  346  351  354  359  364  368
  366  369  370  368  347  336  321  304  296  285  274  262  263  255  246  237
  223  218  212  205  199  200  200  198  192  194  196  197  191  199  208  217
  237  252  265  276  297  309  318  325  303
    30.0-180.0 180.0   5.0 450.0                            LAT/LON1/LON2/DLON/H
  307  316  325  334  331  344  355  366  376  391  404  414  413  410  406  401
  378  372  365  358  351  355  358  360  363  367  372  377  381  387  393  399
  391  391  389  385  369  354  337  320  314  301  288  276  281  266  251  237
  228  220  212  203  200  199  198  197  194  193  191  188  190  195  200  206
  221  236  249  261  298  307  315  322  307
    27.5-180.0 180.0   5.0 450.0                            LAT/LON1/LON2/DLON/H
  312  323  333  342  343  356  368  380  393  410  425  438  440  439  436  431
  410  402  393  384  376  376  378  380  384  389  395  401  408  415  420  424
  418  412  404  393  375  358  339  318  314  302  290  279  276  262  248  235
  219  212  205  198  193  193  192  191  189  187  184  182  186  190  195  200
  213  229  244  258  289  304  316  325  312
    25.0-180.0 180.0   5.0 450.0                            LAT/LON1/LON2/DLON/H
  318  332  344  353  358  371  384  397  414  431  447  461  468  468  466  462
  443  434  423  413  401  400  399  401  405  411  418  425  431  437  442  444
  435  422  407  388  367  347  326  304  301  289  279  269  261  248  236  225
  205  199  194  189  183  182  181  180  178  176  173  171  175  179  184  189
  202  219  235  250  281  299  315  327  318
    22.5-180.0 180.0   5.0 450.0                            LAT/LON1/LON2/DLON/H
  323  339  353  365  373  388  402  415  438  454  470  483  496  497  496  492
  475  465  454  442  427  424  423  423  423  431  439  446  448  453  456  456
  440  420  398  374  348  326  304  282  279  269  259  251  240  229  218  209
  190  186  182  178  173  171  170  169  166  163  160  159  163  166  171  178
  190  208  224  240  275  295  314  328  323
    20.0-180.0 180.0   5.0 450.0                            LAT/LON1/LON2/DLON/H
  325  341  356  370  379  397  413  427  447  468  488  504  523  527  530  532
  507  498  486  475  460  452  445  438  439  446  454  463  467  469  470  470
  446  419  389  359  323  296  270  247  238  230  224  220  201  193  187  181
  165  162  158  155  148  147  146  144  144  144  144  143  143  147  152  159
  178  199  220  242  265  287  309  329  325
    17.5-180.0 180.0   5.0 450.0                            LAT/LON1/LON2/DLON/H
  325  342  358  373  385  404  422  437  459  482  504  522  540  550  557  561
  543  534  523  511  491  479  469  461  455  460  465  470  476  472  467  461
  433  400  366  332  286  259  234  212  204  196  190  188  178  171  167  164
  154  152  149  146  141  139  137  135  134  133  132  132  132  137  143  150
  168  190  213  237  259  281  302  322  325
    15.0-180.0 180.0   5.0 450.0                            LAT/LON1/LON2/DLON/H
  322  340  357  373  386  407  425  442  465  488  511  530  548  563  574  582
  571  564  554  543  520  506  494  484  473  475  477  479  483  473  462  450
  419  382  344  307  262  235  212  193  183  174  169  168  162  157  155  155
  147  145  143  140  135  132  129  126  126  123  121  120  122  127  133  140
  158  182  206  232  255  276  296  314  322
    12.5-180.0 180.0   5.0 450.0                            LAT/LON1/LON2/DLON/H
  319  337  354  371  385  406  425  442  465  488  509  529  550  568  582  593
  591  587  579  570  547  533  520  508  491  491  490  488  488  473  456  439
  405  365  326  289  251  227  206  189  176  167  163  162  156  153  152  154
  146  144  141  139  134  129  124  120  122  118  115  112  114  118  124  131
  150  174  200  226  250  270  289  306  319
    10.0-180.0 180.0   5.0 450.0                            LAT/LON1/LON2/DLON/H
  316  333  350  367  393  411  428  443  469  488  506  521  541  564  584  600
  599  600  597  592  569  557  544  531  516  509  500  489  495  477  457  436
  402  362  323  285  255  235  217  202  194  185  179  175  177  172  168  165
  156  151  146  140  133  128  125  122  117  114  111  109  112  113  116  121
  137  161  189  218  240  265  289  313  316
     7.5-180.0 180.0   5.0 450.0                            LAT/LON1/LON2/DLON/H
  323  341  359  377  397  414  430  445  460  476  491  505  529  551  571  589
  603  607  608  605  583  573  560  547  529  521  510  498  497  479  458  437
  398  361  326  294  279  261  245  231  227  217  209  202  200  192  184  176
  166  157  148  139  132  127  123  120  115  110  107  104  106  108  111  115
  129  154  182  212  239  266  292  315  323
     5.0-180.0 180.0   5.0 450.0                            LAT/LON1/LON2/DLON/H
  333  353  372  391  407  423  437  450  457  469  480  491  516  536  555  573
  594  601  605  605  587  579  568  556  538  529  518  505  497  479  459  439
  396  366  337  311  311  296  283  271  266  254  243  232  223  211  198  185
  172  161  148  135  130  125  120  117  113  107  103   99  101  103  106  110
  121  147  177  208  239  267  294  317  333
     2.5-180.0 180.0   5.0 450.0                            LAT/LON1/LON2/DLON/H
  344  366  387  407  424  439  451  462  463  470  478  486  506  523  539  555
  576  585  591  595  582  576  568  560  543  534  523  510  496  480  462  443
  395  372  351  331  343  331  321  310  301  287  274  260  241  225  208  191
  174  160  145  130  128  122  117  114  111  105  100   95   96   98  101  106
  114  141  171  203  236  266  294  318  344
