o1pg1920-20230712.23i
     1.0            IONOSPHERE MAPS     GNSS                IONEX VERSION / TYPE
IONINX V4.3         AIUB                12-Jul-23 21:14     PGM / RUN BY / DATE 
406 1-DAY PREDICTED IONOSPHERE MAPS FOR DAY 192, 2023       COMMENT             
We use the deep learning algorithm, based on the global     DESCRIPTION         
ionospheric map provided by CODE and the final global       DESCRIPTION         
ionospheric map combined by IGS, and use our proposed       DESCRIPTION         
spatiotemporal network model to predict the global          DESCRIPTION         
ionospheric map of the next day.                            DESCRIPTION         
Contact address: wanghongyue@stu.cdut.edu.cn                DESCRIPTION         
  2023    07    11     0     0     0                        EPOCH OF FIRST MAP  
  2023    07    11    22     0     0                        EPOCH OF LAST MAP   
  7200                                                      INTERVAL            
    12                                                      # OF MAPS IN FILE   
  NONE                                                      MAPPING FUNCTION    
     0.0                                                    ELEVATION CUTOFF    
TEC prediction calculated as a spatiotemporal network model OBSERVABLES USED    
  6371.0                                                    BASE RADIUS         
     2                                                      MAP DIMENSION       
   450.0 450.0   0.0                                        HGT1 / HGT2 / DHGT  
    87.5 -87.5  -2.5                                        LAT1 / LAT2 / DLAT  
  -180.0 180.0   5.0                                        LON1 / LON2 / DLON  
    -1                                                      EXPONENT            
TEC values in 0.1 tec units;  9999, if no value available   COMMENT             
                                                            END OF HEADER       
[from data line 3003]
     8                                                      START OF TEC MAP    
  2023    07    11    14     0     0                        EPOCH OF CURRENT MAP
    87.5-180.0 180.0   5.0 450.0                            LAT/LON1/LON2/DLON/H
  173  173  174  174  172  173  174  175  177  178  178  179  178  178  179  179
  177  178  178  178  177  177  177  177  175  175  175  174  174  173  173  172
  174  173  172  171  174  173  172  171  174  174  173  173  174  175  175  175
  175  176  176  176  173  174  174  174  172  173  174  174  173  174  174  174
  174  175  175  175  172  173  174  174  173
    85.0-180.0 180.0   5.0 450.0                            LAT/LON1/LON2/DLON/H
  170  171  172  173  172  174  176  177  178  179  180  181  181  181  182  182
  181  181  181  181  181  181  180  180  179  178  177  176  175  174  173  172
  173  172  170  169  170  169  168  167  168  168  168  167  168  169  169  169
  170  171  171  171  169  169  169  169  170  170  170  171  170  171  171  171
  170  171  171  170  169  170  171  171  170
    82.5-180.0 180.0   5.0 450.0                            LAT/LON1/LON2/DLON/H
  164  166  168  170  170  172  175  177  177  179  180  181  181  182  182  182
  182  183  183  182  182  182  182  181  181  180  179  177  176  175  173  172
  172  171  169  167  167  166  165  164  164  164  164  163  164  164  164  165
  166  166  166  167  166  166  166  166  168  168  168  168  168  168  168  168
  165  165  165  165  164  165  165  166  164
    80.0-180.0 180.0   5.0 450.0                            LAT/LON1/LON2/DLON/H
  163  163  163  163  166  168  171  174  173  175  177  178  175  177  178  178
  177  178  179  179  180  179  179  179  179  179  178  177  180  179  177  176
  177  176  174  172  170  169  167  166  163  164  164  164  162  164  166  167
  165  166  167  168  166  166  166  166  167  167  166  165  164  164  163  162
  159  158  157  156  157  157  158  158  163
    77.5-180.0 180.0   5.0 450.0                            LAT/LON1/LON2/DLON/H
  159  159  159  160  162  164  167  169  168  170  172  172  171  172  173  174
  172  174  175  176  176  176  177  177  177  177  176  175  179  178  177  176
  177  176  175  174  171  170  169  167  165  165  165  166  165  166  168  170
  168  169  171  172  170  171  171  171  171  170  169  168  166  165  163  161
  156  155  153  151  150  150  150  150  159
    75.0-180.0 180.0   5.0 450.0                            LAT/LON1/LON2/DLON/H
  158  158  158  158  159  161  163  165  164  166  167  167  166  168  169  169
  168  170  172  173  173  174  175  175  175  176  176  175  179  179  179  178
  179  179  179  178  175  174  173  171  170  169  169  169  170  171  173  174
  174  175  176  177  177  177  176  176  176  175  174  172  168  167  164  162
  156  153  151  149  147  146  145  144  158
    72.5-180.0 180.0   5.0 450.0                            LAT/LON1/LON2/DLON/H
  157  157  157  157  158  159  161  161  160  161  162  161  161  163  163  163
  164  166  167  168  170  171  172  172  174  175  175  175  180  181  181  180
  183  183  183  182  181  180  178  176  176  175  175  174  176  177  178  179
  180  180  181  182  182  182  181  180  180  178  176  174  171  168  165  162
  157  154  151  148  147  145  143  142  157
    70.0-180.0 180.0   5.0 450.0                            LAT/LON1/LON2/DLON/H
  154  154  154  153  151  154  158  161  159  160  162  164  162  164  165  166
  167  169  171  172  172  174  176  177  179  180  181  181  182  184  186  187
  184  186  187  187  184  183  182  180  181  181  181  180  179  181  183  184
  182  184  186  187  183  184  185  185  180  179  177  175  170  168  165  162
  156  153  149  146  146  144  142  139  154
    67.5-180.0 180.0   5.0 450.0                            LAT/LON1/LON2/DLON/H
  155  155  154  153  151  153  156  159  158  160  162  164  164  166  167  168
  169  172  174  175  175  177  179  180  181  183  183  183  184  186  188  189
  189  190  191  191  189  188  186  184  185  185  185  184  184  186  187  188
  187  188  188  188  185  186  185  184  182  181  178  176  173  171  167  164
  159  156  153  149  147  146  143  140  155
    65.0-180.0 180.0   5.0 450.0                            LAT/LON1/LON2/DLON/H
  155  154  152  151  150  152  154  156  157  160  162  164  167  169  171  172
  172  175  177  179  178  180  182  183  184  185  185  186  187  189  191  192
  193  194  195  194  193  192  190  188  190  190  189  188  190  191  192  192
  191  191  191  190  187  187  186  184  183  181  179  177  174  172  168  165
  161  158  154  150  148  146  143  139  155
    62.5-180.0 180.0   5.0 450.0                            LAT/LON1/LON2/DLON/H
  153  152  150  148  148  149  150  152  156  158  161  164  170  172  174  175
  175  178  180  181  179  182  183  184  186  187  187  187  190  193  194  195
  196  198  198  197  196  195  193  191  193  193  193  192  193  194  194  194
  194  193  192  190  187  187  186  184  183  182  180  178  174  172  169  165
  162  159  155  151  150  147  143  140  153
    60.0-180.0 180.0   5.0 450.0                            LAT/LON1/LON2/DLON/H
  149  147  144  142  137  138  141  144  149  154  161  168  171  173  175  177
  177  177  177  177  176  179  182  184  185  187  189  192  193  195  198  201
  201  203  204  205  202  202  201  201  202  202  201  200  199  199  199  197
  197  196  195  193  194  193  192  191  192  191  189  186  185  182  178  173
  168  165  160  156  151  148  144  140  149
    57.5-180.0 180.0   5.0 450.0                            LAT/LON1/LON2/DLON/H
  148  145  143  140  134  134  136  138  143  148  155  162  169  172  175  178
  178  178  179  179  177  180  183  185  186  190  193  195  197  201  204  207
  207  208  208  209  206  206  205  205  206  206  206  205  203  204  203  201
  199  200  199  197  198  199  198  196  199  198  196  192  192  187  181  175
  168  163  158  153  147  143  140  136  148
    55.0-180.0 180.0   5.0 450.0                            LAT/LON1/LON2/DLON/H
  148  145  142  139  132  131  132  133  137  142  148  156  165  169  173  177
  179  179  180  180  178  181  183  185  187  192  196  200  203  207  211  214
  213  214  214  214  212  212  212  212  213  213  213  212  210  210  210  207
  205  206  206  205  207  208  207  206  209  207  204  201  200  194  186  177
  169  164  157  151  144  140  137  134  148
    52.5-180.0 180.0   5.0 450.0                            LAT/LON1/LON2/DLON/H
  149  146  142  139  132  130  129  130  132  137  143  150  160  165  170  174
  178  179  179  180  178  181  183  185  189  195  200  205  208  212  216  220
  219  219  219  218  218  218  218  219  219  219  219  217  216  216  215  212
  212  214  214  213  218  219  219  218  219  217  214  210  208  200  190  180
  172  165  159  152  144  141  138  135  149
    50.0-180.0 180.0   5.0 450.0                            LAT/LON1/LON2/DLON/H
  148  144  141  138  132  130  129  129  135  139  145  152  162  168  174  180
  178  180  182  184  185  186  188  189  198  203  208  212  217  222  226  230
  230  230  230  230  234  232  231  229  232  230  228  225  228  226  225  224
  227  228  228  229  228  230  230  230  231  228  223  217  213  205  195  186
  178  170  162  153  144  142  140  139  148
    47.5-180.0 180.0   5.0 450.0                            LAT/LON1/LON2/DLON/H
  152  149  145  142  137  135  134  133  138  141  146  152  164  169  175  182
  185  187  189  191  192  193  195  197  204  209  214  219  224  228  233  236
  238  239  241  242  244  245  244  243  243  242  240  237  236  236  235  235
  236  237  238  237  236  237  236  234  235  231  226  220  216  208  199  190
  182  174  165  157  148  145  143  141  152
    45.0-180.0 180.0   5.0 450.0                            LAT/LON1/LON2/DLON/H
  156  152  149  146  141  140  139  138  142  145  150  156  167  173  179  186
  194  197  199  202  201  203  205  207  212  217  222  226  230  235  240  243
  246  250  253  256  258  260  261  260  257  257  255  251  247  248  249  248
  245  247  247  246  241  241  239  235  234  230  224  218  216  209  200  192
  187  179  170  162  154  151  148  146  156
    42.5-180.0 180.0   5.0 450.0                            LAT/LON1/LON2/DLON/H
  157  154  151  148  143  142  142  141  146  150  154  160  172  178  184  191
  203  207  210  213  211  214  216  218  220  225  230  234  235  241  245  249
  254  260  266  271  272  276  278  279  270  271  269  265  259  262  263  263
  257  258  258  256  245  243  240  236  231  227  222  216  214  208  201  194
  193  184  176  168  161  157  154  151  157
    40.0-180.0 180.0   5.0 450.0                            LAT/LON1/LON2/DLON/H
  159  156  154  152  142  142  142  142  147  153  159  167  173  183  193  202
  210  215  220  223  221  224  226  228  231  236  241  245  250  255  262  268
  276  283  291  301  308  308  308  309  305  300  296  291  283  282  280  279
  274  271  268  264  252  246  240  232  228  223  218  213  212  209  206  202
  199  193  186  181  178  171  165  161  159
    37.5-180.0 180.0   5.0 450.0                            LAT/LON1/LON2/DLON/H
  165  159  155  151  141  141  142  142  148  156  165  174  184  194  203  212
  221  226  230  233  232  236  238  239  243  247  252  256  261  268  277  286
  297  308  319  331  341  343  342  340  335  330  324  318  308  305  301  297
  292  287  282  275  260  253  245  236  231  225  219  212  218  215  211  207
  208  202  197  190  184  177  172  166  165
    35.0-180.0 180.0   5.0 450.0                            LAT/LON1/LON2/DLON/H
  171  164  157  151  139  139  140  141  146  156  167  179  193  203  212  220
  229  235  239  242  241  244  247  248  254  258  262  267  274  284  294  306
  321  337  352  367  377  379  378  375  367  362  355  347  333  329  324  317
  310  304  296  287  269  261  251  241  233  227  220  212  220  218  215  210
  213  208  202  196  188  182  176  170  171
    32.5-180.0 180.0   5.0 450.0                            LAT/LON1/LON2/DLON/H
  177  168  160  154  138  139  140  141  144  155  168  181  199  209  219  228
  235  240  245  248  246  250  253  254  263  268  273  277  289  301  314  328
  348  368  386  403  411  414  414  410  397  392  385  376  357  352  345  336
  327  320  311  300  281  272  261  249  238  231  224  215  222  221  218  214
  214  210  205  199  193  186  179  173  177
    30.0-180.0 180.0   5.0 450.0                            LAT/LON1/LON2/DLON/H
  186  177  168  158  143  141  140  139  140  154  169  184  198  209  220  230
  236  241  246  249  247  253  258  262  269  276  283  291  309  327  345  366
  381  403  424  443  444  445  444  442  426  418  410  401  383  373  364  356
  353  344  335  325  305  292  279  265  251  241  232  224  227  222  218  215
  216  211  207  202  206  199  192  185  186
    27.5-180.0 180.0   5.0 450.0                            LAT/LON1/LON2/DLON/H
  195  186  175  164  151  146  142  138  140  152  166  181  198  210  222  233
  238  244  249  253  255  260  265  269  277  286  295  305  325  346  369  391
  412  432  452  469  469  468  466  462  446  438  430  422  402  393  384  376
  374  364  354  344  325  309  293  276  259  248  237  228  226  220  216  213
  212  208  204  201  209  202  196  189  195
    25.0-180.0 180.0   5.0 450.0                            LAT/LON1/LON2/DLON/H
  202  193  183  171  160  153  146  140  139  150  162  176  197  210  223  235
  242  248  253  258  262  268  272  278  286  297  308  320  340  365  390  414
  437  455  471  485  483  481  476  471  458  451  443  436  419  411  403  396
  394  385  375  364  340  322  302  282  261  248  237  226  221  216  211  209
  205  202  199  197  205  200  195  190  202
    22.5-180.0 180.0   5.0 450.0                            LAT/LON1/LON2/DLON/H
  205  197  188  178  167  159  151  144  140  148  159  172  196  210  223  236
  245  252  258  263  270  275  281  287  294  307  321  334  354  382  408  433
  453  468  481  491  487  483  477  471  463  456  450  444  431  424  418  411
  410  401  391  380  347  327  306  283  259  246  234  222  216  211  208  206
  197  195  194  193  201  197  193  190  205
    20.0-180.0 180.0   5.0 450.0                            LAT/LON1/LON2/DLON/H
  196  193  188  183  166  162  158  152  144  147  151  157  185  203  223  243
  246  254  261  267  275  279  284  289  294  310  327  345  364  393  422  448
  467  478  486  492  491  484  476  469  466  462  458  455  445  442  440  438
  438  426  413  400  358  333  308  284  264  246  230  217  217  210  204  200
  198  194  191  188  190  188  187  185  196
    17.5-180.0 180.0   5.0 450.0                            LAT/LON1/LON2/DLON/H
  190  187  183  177  169  165  161  155  144  145  149  154  182  200  221  241
  247  256  264  272  279  284  290  297  303  321  338  356  381  406  430  454
  466  473  478  483  475  469  464  459  465  462  460  459  457  455  453  451
  453  439  423  405  360  332  304  278  258  240  224  211  211  204  198  193
  193  189  185  183  188  185  183  180  190
    15.0-180.0 180.0   5.0 450.0                            LAT/LON1/LON2/DLON/H
  177  174  170  166  163  160  155  150  140  140  143  147  177  196  217  238
  246  257  267  276  282  289  296  304  314  332  351  369  395  416  436  455
  463  466  469  471  465  461  458  457  465  464  465  466  466  465  463  461
  462  445  425  403  362  331  300  272  257  239  224  212  209  202  196  190
  189  185  181  179  185  180  176  172  177
    12.5-180.0 180.0   5.0 450.0                            LAT/LON1/LON2/DLON/H
  163  160  156  152  151  148  145  140  133  133  135  138  174  193  213  235
  245  257  269  280  285  294  303  313  327  346  364  381  407  424  439  454
  459  460  461  461  460  459  460  461  468  469  472  475  472  471  469  468
  462  442  420  396  362  329  297  266  260  243  228  216  210  203  196  191
  188  183  178  175  183  177  170  165  163
    10.0-180.0 180.0   5.0 450.0                            LAT/LON1/LON2/DLON/H
  139  136  134  132  128  126  126  126  121  121  123  128  154  176  200  224
  234  248  261  274  271  285  299  313  327  348  369  388  413  427  441  452
  463  464  465  465  463  469  473  476  475  481  485  485  474  474  471  465
  459  436  411  384  355  331  307  285  267  253  240  229  218  211  204  197
  193  187  183  180  173  164  157  152  139
     7.5-180.0 180.0   5.0 450.0                            LAT/LON1/LON2/DLON/H
  129  124  120  117  112  110  110  111  110  110  114  120  148  171  196  222
  233  248  262  275  275  290  305  318  340  362  383  402  425  437  448  459
  463  465  467  470  477  482  485  488  491  492  490  486  478  474  468  459
  449  426  402  376  351  329  308  289  277  263  250  238  223  215  206  198
  193  187  182  177  168  161  155  149  129
     5.0-180.0 180.0   5.0 450.0                            LAT/LON1/LON2/DLON/H
  124  117  112  107  100   98   97   98   97   98  103  111  141  164  190  217
  230  246  261  274  278  295  311  325  354  377  398  417  437  448  457  466
  468  472  476  481  491  495  497  499  498  494  487  479  470  463  453  443
  428  407  385  362  342  325  308  293  284  270  258  246  226  217  207  197
  192  186  179  174  163  156  151  145  124
     2.5-180.0 180.0   5.0 450.0                            LAT/LON1/LON2/DLON/H
  125  116  109  103   96   93   91   91   88   91   96  105  134  158  184  211
  227  244  260  274  282  301  318  333  368  392  413  432  450  459  468  475
  474  481  488  494  500  503  506  507  496  488  477  465  452  442  430  418
  398  379  360  341  330  317  305  294  284  272  260  249  224  213  202  192
  190  182  175  169  159  153  147  141  125
