o1pg2050-20230725.23i
     1.0            IONOSPHERE MAPS     GNSS                IONEX VERSION / TYPE
IONINX V4.3         AIUB                01-Aug-23 09:16     PGM / RUN BY / DATE 
406 1-DAY PREDICTED IONOSPHERE MAPS FOR DAY 205, 2023       COMMENT             
We use the deep learning algorithm, based on the global     DESCRIPTION         
ionospheric map provided by CODE and the final global       DESCRIPTION         
ionospheric map combined by IGS, and use our proposed       DESCRIPTION         
spatiotemporal network model to predict the global          DESCRIPTION         
ionospheric map of the next day.                            DESCRIPTION         
Contact address: wanghongyue@stu.cdut.edu.cn                DESCRIPTION         
  2023    07    24     0     0     0                        EPOCH OF FIRST MAP  
  2023    07    24    22     0     0                        EPOCH OF LAST MAP   
  7200                                                      INTERVAL            
    12                                                      # OF MAPS IN FILE   
  NONE                                                      MAPPING FUNCTION    
     0.0                                                    ELEVATION CUTOFF    
TEC prediction calculated as a spatiotemporal network model OBSERVABLES USED    
  6371.0                                                    BASE RADIUS         
     2                                                      MAP DIMENSION       
   450.0 450.0   0.0                                        HGT1 / HGT2 / DHGT  
    87.5 -87.5  -2.5                                        LAT1 / LAT2 / DLAT  
  -180.0 180.0   5.0                                        LON1 / LON2 / DLON  
    -1                                                      EXPONENT            
TEC values in 0.1 tec units;  9999, if no value available   COMMENT             
                                                            END OF HEADER       
[from data line 858]
     3                                                      START OF TEC MAP    
  2023    07    24     4     0     0                        EPOCH OF CURRENT MAP
    87.5-180.0 180.0   5.0 450.0                            LAT/LON1/LON2/DLON/H
  172  171  171  171  169  169  169  170  171  171  171  172  174  174  174  174
  175  175  174  174  174  174  173  172  174  173  173  172  173  174  173  173
  171  171  171  171  168  169  169  170  168  168  169  169  168  168  168  168
  166  166  166  167  165  165  165  166  166  166  167  167  169  169  169  170
  170  171  171  171  171  171  172  172  172
    85.0-180.0 180.0   5.0 450.0                            LAT/LON1/LON2/DLON/H
  172  172  171  172  170  170  171  172  173  174  175  175  177  177  177  177
  178  177  177  176  176  175  173  172  172  171  170  168  168  168  167  166
  165  165  165  165  163  164  165  166  165  166  167  167  167  167  167  168
  167  167  167  167  166  166  166  167  168  168  168  168  170  170  170  170
  170  170  170  169  169  170  170  170  172
    82.5-180.0 180.0   5.0 450.0                            LAT/LON1/LON2/DLON/H
  171  171  172  172  170  171  172  173  175  175  176  177  178  179  178  178
  179  178  177  177  175  174  172  170  168  166  165  163  162  161  160  159
  159  159  159  159  159  160  161  162  163  164  165  167  167  167  168  169
  169  169  169  169  170  169  169  169  172  171  171  171  173  173  172  171
  170  170  169  167  166  166  167  166  171
    80.0-180.0 180.0   5.0 450.0                            LAT/LON1/LON2/DLON/H
  177  175  174  172  171  172  173  173  174  176  177  178  179  180  180  180
  180  179  178  177  175  172  170  167  163  161  158  155  155  153  151  150
  152  152  152  154  157  158  159  161  166  167  168  169  173  174  175  176
  178  179  179  179  180  180  180  180  182  182  182  181  184  183  181  179
  181  178  175  172  173  172  171  171  177
    77.5-180.0 180.0   5.0 450.0                            LAT/LON1/LON2/DLON/H
  180  178  177  176  172  173  173  173  172  174  174  174  175  176  176  175
  177  176  175  173  170  168  165  162  156  154  150  147  146  145  144  143
  145  147  149  151  155  157  159  161  166  168  170  172  176  179  181  182
  185  187  188  189  191  192  193  193  195  195  195  195  196  195  192  190
  190  186  182  178  176  175  173  171  180
    75.0-180.0 180.0   5.0 450.0                            LAT/LON1/LON2/DLON/H
  185  183  182  181  175  175  174  173  172  172  172  170  172  172  171  169
  172  171  170  168  166  163  160  156  150  147  144  141  139  138  138  138
  141  144  147  150  153  157  160  163  168  171  174  176  182  184  187  190
  194  196  198  199  203  204  205  206  208  209  209  208  209  207  204  201
  201  197  191  186  183  181  178  175  185
    72.5-180.0 180.0   5.0 450.0                            LAT/LON1/LON2/DLON/H
  190  188  187  185  179  178  176  174  172  171  169  167  168  166  164  161
  167  165  163  160  161  157  154  150  145  142  138  135  134  134  134  135
  138  142  146  150  153  157  161  164  169  173  176  179  186  189  192  195
  201  203  205  207  212  213  214  214  218  219  218  216  220  217  214  209
  212  207  201  195  193  190  186  182  190
    70.0-180.0 180.0   5.0 450.0                            LAT/LON1/LON2/DLON/H
  198  197  194  191  189  187  185  182  177  174  170  167  164  162  159  155
  159  158  157  155  156  153  150  147  139  137  134  132  130  131  133  134
  140  143  147  151  158  162  165  169  174  178  182  186  192  197  201  205
  209  214  217  220  215  218  220  221  218  219  218  217  219  217  213  209
  211  208  203  198  199  197  192  187  198
    67.5-180.0 180.0   5.0 450.0                            LAT/LON1/LON2/DLON/H
  204  203  200  197  194  191  188  185  179  176  172  167  162  159  155  150
  154  152  150  148  151  149  146  143  137  135  132  130  129  131  132  134
  140  144  148  152  159  163  167  171  176  181  186  191  197  203  207  211
  215  218  221  222  218  220  220  219  216  217  216  214  217  216  213  209
  214  211  207  202  206  204  200  194  204
    65.0-180.0 180.0   5.0 450.0                            LAT/LON1/LON2/DLON/H
  208  206  203  200  197  194  190  186  181  178  173  168  163  158  152  146
  149  147  144  141  146  144  141  139  135  133  130  129  129  130  132  133
  140  144  148  151  158  163  167  172  177  184  191  197  203  209  214  218
  220  223  224  224  219  219  218  216  212  212  211  209  212  211  209  206
  211  210  208  203  208  206  203  197  208
    62.5-180.0 180.0   5.0 450.0                            LAT/LON1/LON2/DLON/H
  209  207  204  200  199  194  190  186  183  179  174  168  164  158  151  144
  146  143  139  135  142  140  137  135  133  131  129  128  130  131  132  134
  140  143  147  150  156  161  166  172  178  186  194  201  208  215  220  224
  225  226  226  226  218  217  215  213  208  207  206  204  204  204  203  201
  207  207  205  202  210  208  205  200  209
    60.0-180.0 180.0   5.0 450.0                            LAT/LON1/LON2/DLON/H
  210  207  204  199  195  192  189  187  182  179  177  174  164  158  151  144
  139  135  131  128  127  126  125  124  126  125  125  125  132  132  133  134
  140  141  142  144  152  156  162  168  176  185  193  202  208  212  216  219
  225  225  224  223  220  219  217  215  208  208  208  207  200  201  201  201
  199  200  201  201  205  206  206  204  210
    57.5-180.0 180.0   5.0 450.0                            LAT/LON1/LON2/DLON/H
  212  210  206  202  198  193  190  186  183  180  176  173  167  161  154  147
  141  136  131  126  126  124  123  122  124  124  124  124  131  131  132  132
  136  136  137  139  147  153  160  168  177  186  196  206  212  218  223  227
  230  231  231  230  226  225  223  220  213  213  212  210  202  202  202  201
  198  199  200  200  204  206  207  206  212
    55.0-180.0 180.0   5.0 450.0                            LAT/LON1/LON2/DLON/H
  218  216  212  208  204  199  194  189  186  182  178  173  170  164  157  150
  144  137  131  126  126  123  121  119  124  124  125  125  132  132  132  132
  132  132  132  134  143  150  158  167  177  188  199  210  216  224  230  235
  238  240  241  241  237  236  234  232  224  222  221  219  208  208  206  205
  200  201  201  201  206  208  209  209  218
    52.5-180.0 180.0   5.0 450.0                            LAT/LON1/LON2/DLON/H
  227  225  222  218  214  208  201  195  191  186  180  174  173  167  160  153
  147  140  133  127  128  124  122  120  127  127  128  129  136  135  134  133
  130  129  129  130  139  147  156  167  176  188  201  213  220  228  236  242
  247  251  253  254  250  250  249  247  237  236  234  232  217  215  213  211
  204  205  205  204  210  212  213  214  227
    50.0-180.0 180.0   5.0 450.0                            LAT/LON1/LON2/DLON/H
  239  237  234  230  224  217  209  202  196  190  183  176  175  170  164  158
  153  147  141  135  133  131  130  129  136  136  136  136  135  134  132  130
  125  124  123  123  131  141  152  162  172  188  203  217  222  235  246  256
  257  263  268  272  270  269  267  263  255  252  248  242  233  231  227  224
  219  217  216  215  217  221  224  226  239
    47.5-180.0 180.0   5.0 450.0                            LAT/LON1/LON2/DLON/H
  256  254  251  248  243  236  228  219  212  203  193  184  182  176  169  162
  159  153  148  143  142  140  139  139  147  146  145  144  142  140  137  133
  127  126  126  126  134  144  154  164  176  190  204  218  227  239  250  260
  270  276  281  284  287  286  282  277  272  268  262  256  246  243  240  236
  231  230  228  227  228  232  235  238  256
    45.0-180.0 180.0   5.0 450.0                            LAT/LON1/LON2/DLON/H
  270  268  266  263  260  253  245  236  228  217  206  193  190  182  174  166
  164  159  155  151  151  150  150  151  158  157  155  153  150  147  142  137
  130  129  130  131  138  147  157  167  179  192  205  219  231  243  254  265
  280  287  292  296  300  299  295  289  285  280  274  267  256  254  251  248
  243  242  241  240  240  244  247  249  270
    42.5-180.0 180.0   5.0 450.0                            LAT/LON1/LON2/DLON/H
  281  280  279  276  274  268  261  252  244  232  219  205  197  189  180  171
  169  165  162  160  161  161  162  163  169  168  165  163  158  153  148  142
  133  133  134  136  142  151  161  171  182  194  207  220  236  248  260  271
  290  298  304  309  311  311  307  303  295  291  285  279  267  266  264  262
  257  257  256  255  256  259  261  261  281
    40.0-180.0 180.0   5.0 450.0                            LAT/LON1/LON2/DLON/H
  286  286  285  285  281  279  275  269  257  244  229  215  204  193  181  169
  167  166  165  165  168  171  173  175  177  176  175  174  169  161  153  145
  147  143  140  138  139  147  156  166  172  189  207  225  236  249  262  274
  289  298  304  309  319  319  317  316  316  309  301  293  284  280  276  272
  276  276  275  275  284  284  285  285  286
    37.5-180.0 180.0   5.0 450.0                            LAT/LON1/LON2/DLON/H
  302  298  293  289  288  285  280  274  265  254  241  228  214  201  188  174
  171  169  169  168  176  179  182  185  190  189  188  187  182  174  166  159
  156  152  150  148  145  152  161  170  178  195  213  230  244  258  270  281
  296  306  312  316  326  330  332  331  331  327  321  314  308  304  299  296
  300  300  299  298  307  307  306  304  302
    35.0-180.0 180.0   5.0 450.0                            LAT/LON1/LON2/DLON/H
  320  312  304  296  291  287  282  276  270  260  250  238  222  209  194  180
  175  173  173  173  183  187  190  194  202  201  200  199  193  185  179  172
  164  161  159  157  149  155  163  173  182  199  216  234  250  264  275  285
  300  309  316  320  328  337  342  343  350  349  346  341  336  333  330  326
  330  330  328  326  337  335  331  326  320
    32.5-180.0 180.0   5.0 450.0                            LAT/LON1/LON2/DLON/H
  342  332  322  311  297  292  287  281  274  266  258  249  230  216  202  187
  179  178  178  179  190  194  199  203  213  212  211  210  202  196  191  185
  170  167  166  165  152  158  166  175  186  203  221  238  256  269  280  290
  303  313  321  326  335  347  356  360  374  377  377  374  369  369  367  364
  366  366  364  361  377  372  365  357  342
    30.0-180.0 180.0   5.0 450.0                            LAT/LON1/LON2/DLON/H
  389  373  356  340  319  309  300  292  288  278  269  259  235  218  201  184
  181  176  173  171  192  200  208  215  223  226  227  229  219  209  199  189
  180  173  166  160  155  161  168  175  192  212  234  257  260  270  281  291
  299  304  309  314  337  351  363  376  398  403  408  413  415  410  406  406
  411  408  405  403  413  406  397  387  389
    27.5-180.0 180.0   5.0 450.0                            LAT/LON1/LON2/DLON/H
  436  419  400  380  353  337  322  308  303  289  276  263  244  226  208  191
  188  183  179  178  201  209  217  226  239  240  240  239  226  215  204  192
  182  174  167  160  154  159  166  175  189  208  231  254  258  269  280  291
  297  306  314  320  347  367  384  398  426  436  444  451  456  453  451  450
  450  450  449  447  450  448  444  436  436
    25.0-180.0 180.0   5.0 450.0                            LAT/LON1/LON2/DLON/H
  490  475  456  434  401  381  360  340  327  310  293  278  257  237  218  201
  198  192  188  186  212  220  228  237  252  252  250  246  227  216  204  191
  179  170  162  154  147  152  159  168  180  198  220  243  250  263  276  288
  294  307  319  328  356  381  403  419  446  461  473  482  487  488  488  488
  483  486  486  484  485  488  488  483  490
    22.5-180.0 180.0   5.0 450.0                            LAT/LON1/LON2/DLON/H
  542  530  513  493  457  434  410  385  360  340  321  303  272  253  233  215
  211  204  200  197  225  232  241  249  259  258  254  248  222  211  199  185
  173  163  154  146  138  142  149  158  168  186  206  228  238  253  267  281
  291  308  324  337  368  396  419  438  460  478  492  504  509  513  516  517
  508  512  513  511  515  520  521  518  542
    20.0-180.0 180.0   5.0 450.0                            LAT/LON1/LON2/DLON/H
  575  570  560  544  519  496  469  440  400  374  347  320  293  272  253  235
  221  216  213  212  236  244  253  260  272  260  248  236  209  194  177  162
  147  141  135  130  127  127  129  132  147  166  189  214  225  242  259  276
  287  307  327  346  374  396  417  435  464  477  489  498  511  518  524  530
  524  530  536  541  543  550  554  554  575
    17.5-180.0 180.0   5.0 450.0                            LAT/LON1/LON2/DLON/H
  595  597  592  582  566  544  517  486  443  412  380  347  317  293  271  251
  239  232  228  226  251  256  262  267  269  255  240  225  195  178  161  145
  133  126  120  115  111  111  113  117  128  147  170  197  216  234  254  274
  292  314  336  356  388  408  427  445  468  479  489  500  512  519  526  532
  531  537  542  547  553  561  567  569  595
    15.0-180.0 180.0   5.0 450.0                            LAT/LON1/LON2/DLON/H
  596  604  606  602  594  574  549  519  477  443  407  370  340  314  289  267
  256  247  241  237  260  262  263  266  259  243  225  207  176  159  142  126
  118  111  104   99   97   97   99  103  111  130  154  182  205  227  250  274
  297  322  345  367  401  419  437  454  471  480  489  499  510  518  525  531
  535  541  545  549  555  563  568  571  596
    12.5-180.0 180.0   5.0 450.0                            LAT/LON1/LON2/DLON/H
  582  594  601  603  603  586  564  537  498  463  425  387  358  332  307  284
  273  263  255  250  265  263  262  260  242  223  204  184  157  140  123  109
  106   98   92   86   86   86   89   93   99  118  143  171  195  221  247  274
  302  330  355  379  415  432  448  464  475  482  490  499  507  515  523  529
  538  542  546  548  550  555  559  561  582
    10.0-180.0 180.0   5.0 450.0                            LAT/LON1/LON2/DLON/H
  581  592  599  601  585  576  563  545  496  465  429  392  366  349  331  312
  299  291  283  275  276  264  252  239  223  202  181  161  135  124  115  106
   99   94   90   87   82   80   79   81   82  104  131  163  191  221  252  283
  302  332  361  388  422  441  458  472  484  491  498  503  509  515  522  529
  542  547  552  558  564  568  570  572  581
     7.5-180.0 180.0   5.0 450.0                            LAT/LON1/LON2/DLON/H
  564  571  573  571  566  555  541  522  481  449  415  379  363  347  330  314
  308  301  293  286  277  263  247  231  204  183  162  143  124  115  106   99
   96   91   87   85   79   77   77   78   76   97  125  158  190  218  248  279
  303  334  362  389  428  448  467  483  502  510  516  521  529  534  539  544
  553  557  561  565  568  568  568  566  564
     5.0-180.0 180.0   5.0 450.0                            LAT/LON1/LON2/DLON/H
  557  558  555  548  545  532  516  496  455  425  392  359  352  339  325  312
  313  306  299  292  276  259  240  221  187  167  148  131  117  109  102   97
   97   92   88   86   78   76   76   76   71   92  120  152  185  213  242  273
  300  331  360  387  429  452  472  491  519  527  534  539  549  554  557  559
  563  568  572  575  575  572  569  564  557
     2.5-180.0 180.0   5.0 450.0                            LAT/LON1/LON2/DLON/H
  558  555  546  534  528  513  495  475  426  397  368  339  337  326  315  305
  311  304  297  291  266  247  227  207  173  155  138  122  116  110  104  101
  100   96   92   90   76   75   75   76   68   88  115  147  180  207  236  267
  296  327  357  385  428  454  477  498  531  540  548  553  563  568  571  572
  569  576  581  584  585  580  575  568  558
