o1pg2120-20230827.23i
     1.0            IONOSPHERE MAPS     GNSS                IONEX VERSION / TYPE
IONINX V4.3         AIUB                18-Sep-23 13:06     PGM / RUN BY / DATE 
406 1-DAY PREDICTED IONOSPHERE MAPS FOR DAY 212, 2023       COMMENT             
We use the deep learning algorithm, based on the global     DESCRIPTION         
ionospheric map provided by CODE and the final global       DESCRIPTION         
ionospheric map combined by IGS, and use our proposed       DESCRIPTION         
spatiotemporal network model to predict the global          DESCRIPTION         
ionospheric map of the next day.                            DESCRIPTION         
Contact address: wanghongyue@stu.cdut.edu.cn                DESCRIPTION         
  2023    07    31     0     0     0                        EPOCH OF FIRST MAP  
  2023    07    31    22     0     0                        EPOCH OF LAST MAP   
  7200                                                      INTERVAL            
    12                                                      # OF MAPS IN FILE   
  NONE                                                      MAPPING FUNCTION    
     0.0                                                    ELEVATION CUTOFF    
TEC prediction calculated as a spatiotemporal network model OBSERVABLES USED    
  6371.0                                                    BASE RADIUS         
     2                                                      MAP DIMENSION       
   450.0 450.0   0.0                                        HGT1 / HGT2 / DHGT  
    87.5 -87.5  -2.5                                        LAT1 / LAT2 / DLAT  
  -180.0 180.0   5.0                                        LON1 / LON2 / DLON  
    -1                                                      EXPONENT            
TEC values in 0.1 tec units;  9999, if no value available   COMMENT             
                                                            END OF HEADER       
[from data line 4290]
    11                                                      START OF TEC MAP    
  2023    07    31    20     0     0                        EPOCH OF CURRENT MAP
    87.5-180.0 180.0   5.0 450.0                            LAT/LON1/LON2/DLON/H
  162  162  163  164  163  164  165  166  165  166  166  167  166  166  166  167
  168  168  168  169  169  169  169  169  170  170  169  169  169  168  168  167
  166  165  164  163  162  161  161  160  161  161  161  161  163  163  163  164
  165  166  166  167  167  167  168  168  165  165  165  164  164  164  164  164
  164  165  166  166  162  163  164  164  162
    85.0-180.0 180.0   5.0 450.0                            LAT/LON1/LON2/DLON/H
  159  160  160  162  163  164  166  168  170  171  172  173  172  173  173  173
  174  174  174  175  174  174  173  173  173  172  171  169  168  167  165  164
  161  160  159  157  155  155  154  153  154  154  154  154  156  157  157  158
  159  160  161  162  162  163  163  164  162  162  161  161  160  160  160  160
  159  160  160  160  158  159  160  160  159
    82.5-180.0 180.0   5.0 450.0                            LAT/LON1/LON2/DLON/H
  155  156  158  160  162  164  167  169  172  174  175  177  177  178  178  179
  179  179  179  179  178  177  176  175  174  173  171  169  167  165  162  160
  157  156  154  152  150  149  148  148  148  148  149  149  150  151  152  153
  154  155  156  157  158  159  160  160  159  159  159  159  156  156  156  157
  153  153  154  154  152  153  154  155  155
    80.0-180.0 180.0   5.0 450.0                            LAT/LON1/LON2/DLON/H
  155  154  155  155  160  163  166  169  171  175  178  180  180  182  182  183
  185  185  184  183  185  183  181  180  178  176  174  171  170  167  164  162
  159  157  154  152  152  151  151  150  149  150  151  152  148  151  153  154
  153  155  157  158  160  161  161  161  163  163  163  162  159  158  157  156
  155  154  152  151  148  149  149  150  155
    77.5-180.0 180.0   5.0 450.0                            LAT/LON1/LON2/DLON/H
  154  154  154  155  159  162  165  168  170  174  178  181  182  184  185  186
  188  188  187  187  187  186  184  182  180  178  175  172  169  167  164  161
  159  157  155  153  152  152  151  150  150  151  152  152  149  151  153  154
  153  155  156  158  159  159  160  161  161  162  162  162  159  159  158  157
  155  154  152  151  149  149  150  151  154
    75.0-180.0 180.0   5.0 450.0                            LAT/LON1/LON2/DLON/H
  157  157  158  159  160  163  166  169  171  175  179  182  184  186  188  189
  191  191  191  190  191  190  188  185  184  181  177  173  171  168  166  162
  160  159  157  156  155  154  153  152  152  152  152  152  151  152  153  154
  153  154  156  157  157  157  158  159  159  159  160  161  160  160  159  159
  158  156  155  154  153  153  154  154  157
    72.5-180.0 180.0   5.0 450.0                            LAT/LON1/LON2/DLON/H
  164  164  164  164  164  167  169  172  172  176  180  183  185  187  188  189
  193  193  193  192  194  193  190  187  187  183  179  174  173  170  167  164
  163  162  161  159  158  157  156  154  155  155  154  153  153  153  154  155
  153  153  154  155  154  154  154  155  155  155  156  157  159  159  159  159
  161  160  159  157  159  159  160  160  164
    70.0-180.0 180.0   5.0 450.0                            LAT/LON1/LON2/DLON/H
  172  173  173  174  173  174  176  177  179  183  185  187  191  193  195  195
  199  200  199  198  198  197  194  191  188  184  179  174  169  167  164  162
  162  162  162  162  161  160  159  157  154  153  151  150  147  147  147  146
  145  145  144  143  142  143  143  143  146  148  150  153  158  160  162  164
  168  169  169  169  170  172  172  172  172
    67.5-180.0 180.0   5.0 450.0                            LAT/LON1/LON2/DLON/H
  182  183  184  185  182  183  184  185  186  189  191  193  195  197  199  199
  202  203  203  202  202  201  198  195  192  187  182  176  170  169  167  165
  167  167  167  166  165  164  162  159  155  153  151  149  147  146  144  142
  141  140  138  136  134  133  133  133  137  139  142  145  154  157  160  164
  171  173  175  176  177  180  181  182  182
    65.0-180.0 180.0   5.0 450.0                            LAT/LON1/LON2/DLON/H
  191  193  194  195  192  193  193  193  192  195  197  198  201  203  203  204
  206  206  206  205  206  204  202  199  195  190  185  179  174  173  171  169
  173  173  172  171  170  168  165  160  156  154  151  148  146  144  140  137
  137  133  130  126  124  122  122  121  125  128  131  135  146  151  156  161
  170  174  178  180  182  186  188  189  191
    62.5-180.0 180.0   5.0 450.0                            LAT/LON1/LON2/DLON/H
  198  200  201  202  200  200  199  199  198  200  201  202  207  208  207  207
  210  210  209  208  209  207  205  202  198  193  188  182  179  178  177  175
  180  179  178  175  175  172  167  162  159  155  151  147  146  142  137  133
  131  126  121  117  114  112  111  111  115  118  122  127  138  144  150  157
  168  173  178  182  186  190  193  195  198
    60.0-180.0 180.0   5.0 450.0                            LAT/LON1/LON2/DLON/H
  205  210  213  216  208  207  206  205  205  207  208  209  212  213  212  211
  214  214  214  213  213  212  211  209  204  200  195  191  184  183  183  183
  185  184  183  182  178  174  169  165  160  156  152  148  145  139  133  126
  121  116  110  105  100   98   98   98  103  106  110  114  127  136  146  155
  159  167  175  183  184  192  199  204  205
    57.5-180.0 180.0   5.0 450.0                            LAT/LON1/LON2/DLON/H
  208  213  217  221  215  213  211  209  210  211  211  211  214  215  216  215
  217  216  216  215  216  215  214  213  209  206  204  201  196  196  197  197
  199  197  195  192  187  182  178  173  168  164  159  153  149  142  134  126
  119  113  108  103   96   95   95   95   99  102  106  111  122  131  140  149
  155  163  172  180  182  192  200  207  208
    55.0-180.0 180.0   5.0 450.0                            LAT/LON1/LON2/DLON/H
  211  217  222  225  223  221  219  216  217  216  215  214  216  218  218  218
  219  219  218  217  218  217  217  216  214  214  213  212  210  211  212  213
  216  212  208  202  199  194  189  184  178  173  168  162  155  147  138  128
  120  114  108  103   97   96   96   97   99  102  106  111  120  128  137  145
  152  161  170  178  183  193  202  210  211
    52.5-180.0 180.0   5.0 450.0                            LAT/LON1/LON2/DLON/H
  216  222  227  230  233  231  228  224  223  222  220  218  218  219  219  219
  221  220  219  218  220  219  219  219  220  222  223  223  224  226  227  228
  231  226  220  213  211  206  201  195  188  182  176  169  161  152  142  132
  123  117  112  107  101  101  101  103  104  107  110  115  122  129  136  144
  151  161  170  178  187  197  206  214  216
    50.0-180.0 180.0   5.0 450.0                            LAT/LON1/LON2/DLON/H
  215  223  232  240  238  239  239  239  237  234  232  229  227  227  225  224
  227  224  221  218  220  221  223  224  221  226  231  236  232  237  240  243
  240  236  232  226  222  218  212  205  197  191  182  174  165  155  145  134
  128  121  115  110  110  107  106  105  107  108  109  112  125  129  135  140
  154  165  175  184  188  197  207  215  215
    47.5-180.0 180.0   5.0 450.0                            LAT/LON1/LON2/DLON/H
  225  234  243  252  252  254  255  255  254  249  244  239  238  235  232  229
  232  228  224  221  221  222  224  227  226  232  237  242  242  246  248  249
  248  244  239  233  231  226  219  211  204  195  186  175  168  158  148  139
  135  128  123  119  118  116  115  114  115  116  117  119  131  136  141  147
  162  172  182  192  197  207  216  225  225
    45.0-180.0 180.0   5.0 450.0                            LAT/LON1/LON2/DLON/H
  235  244  253  263  265  268  270  271  271  266  259  252  251  246  241  237
  238  233  229  226  225  227  229  233  233  239  245  250  251  254  255  254
  254  251  246  240  240  234  227  218  210  201  190  179  172  164  155  148
  143  138  133  130  127  125  124  124  124  124  125  127  138  143  148  154
  172  182  192  201  208  218  227  236  235
    42.5-180.0 180.0   5.0 450.0                            LAT/LON1/LON2/DLON/H
  243  252  262  271  275  280  284  286  288  282  275  267  264  258  252  246
  246  241  237  234  231  234  237  242  241  247  253  258  259  260  260  258
  260  257  253  248  248  243  236  228  217  207  196  184  179  172  165  159
  153  149  146  143  136  135  134  135  132  133  134  136  147  152  157  163
  182  192  202  211  221  230  239  246  243
    40.0-180.0 180.0   5.0 450.0                            LAT/LON1/LON2/DLON/H
  251  259  268  277  283  292  298  304  305  301  296  291  284  280  274  268
  259  254  250  246  240  243  245  248  255  261  267  273  275  275  275  275
  276  273  270  267  261  253  244  234  225  215  205  195  188  183  179  174
  165  162  159  155  147  148  148  147  139  142  146  148  146  152  160  167
  183  197  211  223  234  246  257  267  251
    37.5-180.0 180.0   5.0 450.0                            LAT/LON1/LON2/DLON/H
  262  269  276  284  291  300  307  314  319  318  315  312  306  300  293  286
  277  272  267  262  258  260  263  266  272  277  282  288  286  286  287  288
  289  288  286  283  278  268  257  245  236  226  216  206  202  197  191  186
  179  175  171  166  159  159  158  157  150  152  154  156  155  161  168  175
  191  205  218  231  242  256  268  277  262
    35.0-180.0 180.0   5.0 450.0                            LAT/LON1/LON2/DLON/H
  272  278  284  290  295  304  312  321  329  331  332  332  329  322  314  306
  298  293  287  282  277  279  282  285  290  294  299  305  301  303  305  307
  308  309  308  306  296  286  274  259  251  241  231  220  217  211  205  199
  190  186  180  173  166  166  165  163  158  159  160  161  159  164  171  177
  195  208  222  233  250  264  276  285  272
    32.5-180.0 180.0   5.0 450.0                            LAT/LON1/LON2/DLON/H
  281  288  294  299  299  309  319  329  336  342  347  351  351  345  338  330
  321  316  311  305  298  301  304  307  310  315  320  324  323  327  330  333
  330  333  335  334  316  305  291  276  267  257  247  237  233  226  219  212
  200  194  187  179  172  171  170  167  164  164  165  165  162  167  173  179
  198  211  224  235  260  273  284  291  281
    30.0-180.0 180.0   5.0 450.0                            LAT/LON1/LON2/DLON/H
  285  294  302  310  305  316  327  337  342  354  365  373  375  372  368  363
  347  342  338  332  328  333  338  341  338  343  347  352  352  356  361  367
  364  364  363  360  342  328  313  297  287  275  263  252  257  243  230  217
  209  200  192  184  183  182  180  178  174  171  168  164  164  166  168  172
  186  200  213  225  261  273  282  291  285
    27.5-180.0 180.0   5.0 450.0                            LAT/LON1/LON2/DLON/H
  294  304  313  321  319  330  341  351  362  375  388  398  404  402  399  395
  380  374  367  360  354  356  359  362  362  367  373  379  382  388  393  398
  398  393  386  376  358  342  325  306  299  287  275  264  261  248  235  223
  207  199  191  185  183  182  180  178  176  172  167  163  164  165  168  171
  182  197  211  225  256  272  285  296  294
    25.0-180.0 180.0   5.0 450.0                            LAT/LON1/LON2/DLON/H
  304  316  327  335  337  348  360  371  386  400  413  424  434  434  432  429
  415  408  399  390  380  380  381  383  385  392  399  406  409  416  422  425
  422  411  398  382  361  343  323  303  296  285  274  264  254  242  230  219
  199  192  186  181  179  177  175  173  172  167  162  158  159  160  162  165
  175  190  206  220  251  270  286  300  304
    22.5-180.0 180.0   5.0 450.0                            LAT/LON1/LON2/DLON/H
  313  328  340  350  357  369  381  392  413  426  439  449  464  465  464  461
  450  442  432  421  407  406  406  407  406  414  422  430  433  439  444  446
  434  417  398  377  352  332  311  290  284  274  264  255  239  228  218  208
  190  184  180  175  175  172  170  167  166  161  156  152  152  153  154  157
  168  183  199  214  248  268  286  301  313
    20.0-180.0 180.0   5.0 450.0                            LAT/LON1/LON2/DLON/H
  322  336  349  360  369  384  398  409  425  443  460  475  490  496  501  505
  486  477  467  456  443  436  429  422  425  433  442  452  455  461  467  471
  451  428  403  376  344  318  292  268  253  245  238  233  213  204  196  190
  172  170  167  164  155  154  152  149  147  146  144  142  139  142  145  148
  161  181  201  221  245  266  286  305  322
    17.5-180.0 180.0   5.0 450.0                            LAT/LON1/LON2/DLON/H
  326  341  356  369  381  397  412  424  443  462  481  497  513  523  532  537
  526  518  507  495  476  465  455  448  443  449  456  463  470  471  471  469
  447  417  386  354  315  287  261  238  226  217  211  207  195  188  183  180
  166  164  162  160  151  149  146  144  140  137  135  133  130  133  137  142
  154  175  197  219  242  263  283  302  326
    15.0-180.0 180.0   5.0 450.0                            LAT/LON1/LON2/DLON/H
  325  341  357  371  387  404  420  433  455  475  494  511  529  543  554  563
  558  551  541  530  508  495  483  474  463  467  471  475  482  477  471  464
  439  403  367  332  293  265  239  217  205  197  191  189  181  177  174  174
  161  160  159  157  147  144  140  137  133  130  127  125  120  124  128  133
  145  167  191  216  239  260  280  297  325
    12.5-180.0 180.0   5.0 450.0                            LAT/LON1/LON2/DLON/H
  325  341  356  371  391  408  424  438  463  481  499  516  538  554  568  579
  583  577  569  559  537  524  511  500  483  485  486  487  491  481  470  458
  429  389  350  313  280  253  228  208  195  187  182  181  172  171  171  173
  160  159  158  157  146  141  136  132  128  124  120  117  112  115  119  125
  137  160  184  210  236  256  274  291  325
    10.0-180.0 180.0   5.0 450.0                            LAT/LON1/LON2/DLON/H
  325  341  357  374  402  417  431  443  466  484  500  513  538  560  579  595
  599  598  594  588  560  547  534  520  509  505  500  492  503  490  474  456
  419  378  338  298  264  242  223  207  197  190  187  187  187  184  182  180
  169  163  156  150  147  140  134  128  122  117  112  108  111  110  110  112
  125  148  174  201  228  252  276  299  325
     7.5-180.0 180.0   5.0 450.0                            LAT/LON1/LON2/DLON/H
  330  348  366  384  406  420  434  446  460  474  488  500  529  551  571  589
  607  609  608  604  578  566  553  539  526  521  513  503  508  493  476  456
  411  373  336  301  281  262  244  230  225  217  212  208  210  203  196  189
  177  168  158  148  145  137  130  125  119  112  107  102  105  104  104  105
  116  139  166  194  223  250  276  299  330
     5.0-180.0 180.0   5.0 450.0                            LAT/LON1/LON2/DLON/H
  339  358  378  397  415  428  440  451  458  469  479  489  519  539  558  576
  600  606  608  607  586  577  565  553  540  533  524  512  510  494  475  456
  405  372  341  313  308  292  277  265  260  250  241  234  232  220  208  196
  182  170  157  144  141  133  127  122  116  109  103   98  100   99   99  101
  108  132  160  189  219  249  276  300  339
     2.5-180.0 180.0   5.0 450.0                            LAT/LON1/LON2/DLON/H
  350  371  392  411  430  443  453  463  464  470  477  484  511  528  544  560
  585  592  597  599  584  578  570  561  548  541  531  519  509  493  475  456
  399  373  349  328  337  324  312  302  294  282  270  259  247  232  216  200
  183  169  153  138  137  130  124  120  115  107  101   95   97   96   96   98
  102  126  154  184  216  247  275  301  350
