o1pg1930.23i
     1.0            IONOSPHERE MAPS     GNSS                IONEX VERSION / TYPE
IONINX V4.3         AIUB                13-Jul-23 09:02     PGM / RUN BY / DATE 
406 1-DAY PREDICTED IONOSPHERE MAPS FOR DAY 193, 2023       COMMENT             
We use the deep learning algorithm, based on the global     DESCRIPTION         
ionospheric map provided by CODE and the final global       DESCRIPTION         
ionospheric map combined by IGS, and use our proposed       DESCRIPTION         
spatiotemporal network model to predict the global          DESCRIPTION         
ionospheric map of the next day.                            DESCRIPTION         
Contact address: wanghongyue@stu.cdut.edu.cn                DESCRIPTION         
  2023    07    12     0     0     0                        EPOCH OF FIRST MAP  
  2023    07    12    22     0     0                        EPOCH OF LAST MAP   
  7200                                                      INTERVAL            
    12                                                      # OF MAPS IN FILE   
  NONE                                                      MAPPING FUNCTION    
     0.0                                                    ELEVATION CUTOFF    
TEC prediction calculated as a spatiotemporal network model OBSERVABLES USED    
  6371.0                                                    BASE RADIUS         
     2                                                      MAP DIMENSION       
   450.0 450.0   0.0                                        HGT1 / HGT2 / DHGT  
    87.5 -87.5  -2.5                                        LAT1 / LAT2 / DLAT  
  -180.0 180.0   5.0                                        LON1 / LON2 / DLON  
    -1                                                      EXPONENT            
TEC values in 0.1 tec units;  9999, if no value available   COMMENT             
                                                            END OF HEADER       
[from data line 3861]
    10                                                      START OF TEC MAP    
  2023    07    12    18     0     0                        EPOCH OF CURRENT MAP
    87.5-180.0 180.0   5.0 450.0                            LAT/LON1/LON2/DLON/H
  172  173  173  173  171  172  173  175  175  176  176  177  175  175  176  176
  176  176  176  176  176  176  175  175  176  175  174  173  175  174  173  172
  174  173  173  172  172  172  171  170  171  171  171  171  171  172  172  173
  173  174  174  175  175  176  176  176  173  173  173  174  170  171  172  173
  172  173  173  173  173  174  175  175  172
    85.0-180.0 180.0   5.0 450.0                            LAT/LON1/LON2/DLON/H
  171  172  173  174  172  174  175  177  178  179  181  182  181  182  182  183
  183  184  183  183  182  181  180  179  179  178  176  174  175  174  172  170
  171  169  168  167  166  166  165  164  164  164  164  164  165  165  166  166
  168  168  169  169  171  172  172  172  171  171  171  171  168  169  170  171
  169  170  170  170  171  172  173  173  171
    82.5-180.0 180.0   5.0 450.0                            LAT/LON1/LON2/DLON/H
  167  169  171  173  172  174  176  178  179  181  182  184  185  186  187  187
  189  189  189  189  186  185  184  183  181  179  177  175  174  172  170  167
  168  166  164  162  161  161  160  159  158  158  158  159  159  159  160  161
  163  164  165  166  168  169  169  170  170  170  170  171  166  167  168  169
  165  166  167  167  165  167  168  169  167
    80.0-180.0 180.0   5.0 450.0                            LAT/LON1/LON2/DLON/H
  164  164  165  165  165  168  171  173  177  181  184  187  185  188  190  191
  191  192  192  192  192  190  188  186  185  182  179  176  177  175  173  170
  170  168  166  165  164  163  163  162  158  159  160  161  156  159  161  163
  161  163  165  167  166  167  168  169  169  169  169  169  169  169  169  169
  167  166  165  165  159  160  160  161  164
    77.5-180.0 180.0   5.0 450.0                            LAT/LON1/LON2/DLON/H
  163  163  164  165  164  167  170  172  175  180  183  186  184  187  190  192
  191  193  194  194  193  192  190  187  185  183  179  176  176  174  172  169
  169  168  167  166  164  164  163  162  159  160  161  161  158  160  162  163
  162  164  166  168  167  168  169  170  170  170  170  169  168  169  169  168
  165  165  164  164  160  160  160  161  163
    75.0-180.0 180.0   5.0 450.0                            LAT/LON1/LON2/DLON/H
  166  166  167  167  165  168  170  172  174  179  182  184  183  187  190  191
  192  194  196  196  195  194  193  190  188  185  182  178  178  176  174  171
  171  170  170  168  168  167  166  165  163  163  163  163  162  163  164  165
  165  166  168  169  168  169  169  170  170  170  169  169  168  168  168  168
  166  165  164  164  162  162  162  163  166
    72.5-180.0 180.0   5.0 450.0                            LAT/LON1/LON2/DLON/H
  170  170  171  172  168  171  172  173  174  178  180  182  182  185  187  189
  192  194  196  196  196  196  194  192  191  188  184  180  180  178  176  173
  175  174  174  173  173  172  171  169  168  168  167  166  166  166  167  167
  168  169  169  170  169  169  169  169  169  168  168  167  167  167  167  167
  168  168  167  166  168  167  167  167  170
    70.0-180.0 180.0   5.0 450.0                            LAT/LON1/LON2/DLON/H
  178  179  179  180  175  176  177  177  180  182  183  183  185  188  190  192
  194  196  198  198  200  199  197  194  194  191  186  181  178  176  175  173
  174  174  175  175  174  174  173  172  169  168  168  167  164  165  165  165
  165  166  165  164  162  162  161  160  158  158  158  158  161  162  164  167
  169  171  173  175  178  180  181  181  178
    67.5-180.0 180.0   5.0 450.0                            LAT/LON1/LON2/DLON/H
  185  187  188  189  185  185  185  185  186  188  189  189  188  191  194  195
  196  198  200  200  202  202  200  197  197  193  189  183  180  179  178  176
  179  180  180  180  180  180  178  176  173  173  172  170  168  168  168  166
  168  166  164  161  159  158  156  153  151  151  150  150  155  157  160  163
  167  171  174  177  182  185  187  187  185
    65.0-180.0 180.0   5.0 450.0                            LAT/LON1/LON2/DLON/H
  192  194  195  196  195  195  194  193  193  194  194  194  194  196  198  198
  199  201  202  203  204  204  202  200  199  195  191  186  183  183  182  181
  185  186  186  185  187  185  184  181  179  178  176  174  173  172  170  168
  170  166  162  157  155  152  149  145  143  142  142  142  146  149  153  158
  163  168  172  176  183  186  189  190  192
    62.5-180.0 180.0   5.0 450.0                            LAT/LON1/LON2/DLON/H
  196  198  200  202  203  202  201  199  198  199  199  198  200  201  202  201
  202  203  204  204  205  205  203  201  200  196  192  188  188  188  188  186
  191  192  191  190  192  191  188  186  185  183  181  179  178  176  173  169
  171  166  160  154  151  147  143  139  136  135  135  136  137  141  146  152
  157  163  169  174  183  187  190  192  196
    60.0-180.0 180.0   5.0 450.0                            LAT/LON1/LON2/DLON/H
  202  207  212  217  208  207  206  205  206  206  205  205  207  207  207  206
  207  207  207  208  206  206  205  204  200  197  195  194  192  193  193  195
  198  199  199  200  198  197  196  196  195  195  194  192  191  189  186  182
  177  173  167  161  149  146  141  137  130  129  129  128  132  135  138  142
  149  155  162  168  179  187  194  200  202
    57.5-180.0 180.0   5.0 450.0                            LAT/LON1/LON2/DLON/H
  200  207  213  218  213  212  210  209  210  209  208  207  209  210  210  208
  208  208  207  207  205  205  204  204  200  200  199  199  199  200  202  204
  206  207  207  207  205  205  204  204  203  203  202  200  197  195  191  185
  179  174  168  161  150  146  141  137  130  129  128  127  130  132  134  137
  140  147  153  159  169  178  187  194  200
    55.0-180.0 180.0   5.0 450.0                            LAT/LON1/LON2/DLON/H
  200  207  213  219  220  219  217  215  215  214  212  210  210  211  211  210
  209  208  208  207  204  204  203  204  201  203  205  206  206  209  212  214
  216  216  215  214  214  214  214  214  214  214  212  210  206  202  197  189
  183  178  171  163  154  150  145  140  133  132  131  130  131  132  133  134
  134  140  145  151  159  169  179  188  200
    52.5-180.0 180.0   5.0 450.0                            LAT/LON1/LON2/DLON/H
  200  207  214  220  227  226  224  222  219  217  215  212  211  212  211  210
  210  209  207  206  204  203  203  204  204  207  211  213  214  218  221  224
  224  224  223  221  222  223  224  224  223  223  221  218  213  209  202  193
  189  183  176  168  160  156  152  147  139  138  136  136  134  134  134  134
  131  136  140  145  152  162  172  181  200
    50.0-180.0 180.0   5.0 450.0                            LAT/LON1/LON2/DLON/H
  196  205  214  222  231  234  235  236  231  229  226  223  221  220  219  217
  215  212  209  206  208  207  207  207  210  214  218  222  223  227  230  233
  231  232  232  233  235  237  239  240  241  240  237  234  222  215  207  199
  188  182  175  169  165  160  156  152  147  144  142  140  139  136  132  129
  133  134  134  136  149  157  165  173  196
    47.5-180.0 180.0   5.0 450.0                            LAT/LON1/LON2/DLON/H
  200  209  219  228  240  244  247  249  245  241  237  232  231  228  225  222
  222  218  215  211  212  211  211  212  216  220  224  229  232  235  238  240
  238  240  242  244  246  249  250  251  252  250  246  240  227  221  213  204
  194  188  182  174  173  168  164  159  156  153  150  147  147  143  140  137
  138  138  138  139  151  159  167  174  200
    45.0-180.0 180.0   5.0 450.0                            LAT/LON1/LON2/DLON/H
  204  214  224  234  248  254  259  263  260  256  251  245  243  240  236  231
  232  228  224  221  219  219  220  222  225  229  234  238  241  245  247  248
  247  251  255  257  258  262  265  266  263  261  256  249  234  228  220  211
  201  195  189  182  180  176  171  166  163  160  157  155  154  150  147  144
  144  144  145  145  155  162  170  177  204
    42.5-180.0 180.0   5.0 450.0                            LAT/LON1/LON2/DLON/H
  206  216  227  238  253  262  269  275  273  270  265  260  256  252  248  243
  243  240  236  233  228  229  231  234  235  240  245  249  251  254  256  257
  258  264  269  273  272  277  281  282  273  271  266  258  242  236  229  221
  208  203  197  190  186  182  178  173  169  166  164  162  160  157  155  152
  151  152  152  152  162  168  175  181  206
    40.0-180.0 180.0   5.0 450.0                            LAT/LON1/LON2/DLON/H
  213  225  238  252  261  271  280  288  290  288  285  282  270  267  263  259
  256  252  249  245  241  242  243  245  250  255  261  267  269  274  280  287
  284  289  295  301  301  303  302  301  292  284  275  266  251  242  232  222
  215  208  201  193  190  187  185  182  176  177  177  178  169  168  166  164
  165  164  162  160  172  176  180  185  213
    37.5-180.0 180.0   5.0 450.0                            LAT/LON1/LON2/DLON/H
  219  230  241  254  265  275  285  294  299  300  299  297  289  286  281  275
  273  269  264  260  258  259  261  263  267  272  278  285  286  293  301  309
  310  318  325  331  332  332  329  323  312  304  293  281  266  256  244  232
  225  218  209  199  198  196  193  190  187  187  187  187  182  181  179  177
  177  175  172  169  177  181  185  188  219
    35.0-180.0 180.0   5.0 450.0                            LAT/LON1/LON2/DLON/H
  223  233  244  255  265  276  287  297  303  307  309  310  306  303  298  292
  289  285  281  277  275  277  280  283  285  291  297  304  308  317  327  338
  343  353  361  368  364  362  356  346  333  324  312  299  281  270  257  243
  232  224  214  203  201  200  197  194  193  194  194  194  191  191  190  187
  187  184  180  175  183  186  188  191  223
    32.5-180.0 180.0   5.0 450.0                            LAT/LON1/LON2/DLON/H
  227  237  248  259  265  277  289  300  304  311  316  320  320  318  315  310
  305  302  299  295  292  295  299  302  304  310  317  324  335  347  359  370
  377  389  399  406  393  389  381  369  353  343  331  317  293  281  267  252
  235  226  216  204  202  201  199  196  196  197  198  198  196  197  197  195
  193  190  185  180  190  192  193  194  227
    30.0-180.0 180.0   5.0 450.0                            LAT/LON1/LON2/DLON/H
  231  243  255  268  269  278  286  294  304  316  325  334  336  335  332  330
  322  321  319  317  313  319  325  329  330  338  347  356  369  383  398  414
  416  424  431  435  423  414  403  388  365  350  334  318  309  289  268  248
  237  223  210  197  197  195  194  194  192  196  199  202  196  195  193  191
  192  188  184  178  181  182  184  186  231
    27.5-180.0 180.0   5.0 450.0                            LAT/LON1/LON2/DLON/H
  230  244  257  269  271  281  290  298  309  322  333  342  350  351  351  349
  344  342  340  338  335  338  342  348  350  360  371  383  399  417  434  450
  456  460  462  461  448  434  417  398  373  356  337  318  303  282  261  241
  225  212  201  191  191  190  191  192  193  197  200  202  198  197  195  192
  191  187  183  178  179  181  184  186  230
    25.0-180.0 180.0   5.0 450.0                            LAT/LON1/LON2/DLON/H
  229  244  259  272  276  286  296  305  315  329  341  351  366  369  371  371
  370  368  365  362  360  362  365  371  372  385  398  412  427  448  466  483
  488  488  484  477  462  443  421  397  370  349  328  307  287  267  247  228
  209  199  190  184  181  182  184  187  189  192  195  197  195  193  190  187
  186  183  178  174  175  178  181  184  229
    22.5-180.0 180.0   5.0 450.0                            LAT/LON1/LON2/DLON/H
  224  242  258  274  279  291  303  313  323  337  349  360  383  388  391  393
  399  397  393  390  386  388  392  396  393  408  423  439  450  472  491  507
  509  504  495  483  463  440  414  388  356  334  312  290  265  246  227  210
  191  184  179  175  172  174  177  180  183  186  189  192  188  187  184  181
  180  177  173  170  174  176  179  183  224
    20.0-180.0 180.0   5.0 450.0                            LAT/LON1/LON2/DLON/H
  205  227  251  275  279  290  299  308  329  343  357  368  383  397  409  420
  412  414  416  417  412  412  413  414  416  429  444  461  479  496  513  528
  527  518  506  492  479  447  412  377  340  313  287  262  240  223  208  196
  177  170  166  163  159  161  164  167  170  172  173  174  172  171  170  168
  160  158  157  155  157  159  162  165  205
    17.5-180.0 180.0   5.0 450.0                            LAT/LON1/LON2/DLON/H
  198  221  245  271  279  292  304  314  332  348  362  375  392  410  426  439
  439  442  445  447  440  438  437  438  439  450  462  474  494  507  519  530
  524  513  500  484  466  432  396  361  321  292  265  242  226  208  194  185
  173  167  163  161  159  160  162  165  164  165  166  167  163  162  160  157
  151  150  149  149  149  151  154  157  198
    15.0-180.0 180.0   5.0 450.0                            LAT/LON1/LON2/DLON/H
  186  210  235  261  274  290  304  316  333  349  365  378  397  418  437  452
  458  463  467  470  464  461  459  461  462  470  479  486  503  511  519  524
  515  503  488  473  454  420  386  353  309  280  254  232  221  205  193  185
  177  172  168  167  162  162  163  164  160  160  160  160  154  151  149  146
  142  141  141  141  141  143  145  148  186
    12.5-180.0 180.0   5.0 450.0                            LAT/LON1/LON2/DLON/H
  175  198  224  250  267  284  299  313  332  349  365  379  401  424  444  462
  472  479  485  489  486  483  482  483  483  489  494  497  507  511  513  515
  503  490  476  462  445  414  382  353  307  279  255  234  227  213  202  195
  186  182  180  178  168  166  165  165  158  156  155  154  147  144  140  136
  134  133  133  133  134  135  137  139  175
    10.0-180.0 180.0   5.0 450.0                            LAT/LON1/LON2/DLON/H
  152  178  210  245  263  278  294  310  332  347  361  373  398  421  442  459
  474  486  495  501  499  498  498  498  502  503  503  502  512  512  510  505
  500  487  471  454  437  413  386  359  316  294  273  254  246  235  226  218
  204  198  191  185  182  178  174  172  162  156  151  145  134  130  126  122
  124  122  121  122  117  114  114  116  152
     7.5-180.0 180.0   5.0 450.0                            LAT/LON1/LON2/DLON/H
  142  168  201  236  258  275  292  310  331  347  361  374  393  414  434  452
  473  485  495  502  505  506  507  508  515  514  513  510  513  509  505  499
  491  479  466  451  445  422  397  371  341  320  299  279  274  262  250  239
  217  208  199  190  188  182  177  172  163  156  148  142  133  127  122  118
  117  115  114  115  106  106  108  111  142
     5.0-180.0 180.0   5.0 450.0                            LAT/LON1/LON2/DLON/H
  135  161  194  229  256  275  294  313  332  348  363  377  389  409  426  442
  464  476  486  494  504  507  510  512  525  524  522  518  514  508  502  495
  482  474  464  453  449  429  407  384  364  344  324  304  295  281  267  253
  223  212  200  188  187  180  174  168  161  152  144  136  131  125  119  114
  111  109  109  110   99  100  104  108  135
     2.5-180.0 180.0   5.0 450.0                            LAT/LON1/LON2/DLON/H
  133  159  191  226  259  279  299  318  337  354  369  383  391  407  422  437
  453  465  475  483  498  503  509  513  531  530  528  525  516  510  504  497
  474  469  463  456  446  429  411  393  380  361  342  323  308  292  276  259
  220  207  193  180  181  173  166  159  155  146  137  128  128  122  117  111
  106  106  106  107   94   97  101  107  133
