o1pg1940-20230714.23i
     1.0            IONOSPHERE MAPS     GNSS                IONEX VERSION / TYPE
IONINX V4.3         AIUB                14-Jul-23 09:19     PGM / RUN BY / DATE 
406 1-DAY PREDICTED IONOSPHERE MAPS FOR DAY 194, 2023       COMMENT             
We use the deep learning algorithm, based on the global     DESCRIPTION         
ionospheric map provided by CODE and the final global       DESCRIPTION         
ionospheric map combined by IGS, and use our proposed       DESCRIPTION         
spatiotemporal network model to predict the global          DESCRIPTION         
ionospheric map of the next day.                            DESCRIPTION         
Contact address: wanghongyue@stu.cdut.edu.cn                DESCRIPTION         
  2023    07    13     0     0     0                        EPOCH OF FIRST MAP  
  2023    07    13    22     0     0                        EPOCH OF LAST MAP   
  7200                                                      INTERVAL            
    12                                                      # OF MAPS IN FILE   
  NONE                                                      MAPPING FUNCTION    
     0.0                                                    ELEVATION CUTOFF    
TEC prediction calculated as a spatiotemporal network model OBSERVABLES USED    
  6371.0                                                    BASE RADIUS         
     2                                                      MAP DIMENSION       
   450.0 450.0   0.0                                        HGT1 / HGT2 / DHGT  
    87.5 -87.5  -2.5                                        LAT1 / LAT2 / DLAT  
  -180.0 180.0   5.0                                        LON1 / LON2 / DLON  
    -1                                                      EXPONENT            
TEC values in 0.1 tec units;  9999, if no value available   COMMENT             
                                                            END OF HEADER       
[from data line 2145]
     6                                                      START OF TEC MAP    
  2023    07    13    10     0     0                        EPOCH OF CURRENT MAP
    87.5-180.0 180.0   5.0 450.0                            LAT/LON1/LON2/DLON/H
  161  161  161  161  162  163  164  165  168  169  170  170  174  174  175  174
  176  177  177  177  178  178  178  178  176  176  176  175  173  173  173  172
  172  171  171  171  170  170  169  169  169  169  168  168  168  168  168  168
  168  168  167  167  165  165  165  165  163  163  164  164  164  164  165  165
  164  165  165  164  164  164  165  165  161
    85.0-180.0 180.0   5.0 450.0                            LAT/LON1/LON2/DLON/H
  158  159  160  160  161  163  164  166  168  170  170  171  175  175  175  175
  177  177  178  178  179  179  179  178  177  177  177  176  174  174  173  173
  172  172  171  171  171  170  169  169  168  168  167  167  166  166  165  165
  165  165  164  164  162  161  161  160  159  159  159  159  160  160  160  160
  160  160  160  159  160  161  161  161  158
    82.5-180.0 180.0   5.0 450.0                            LAT/LON1/LON2/DLON/H
  154  155  156  157  158  160  162  164  166  167  169  170  173  174  174  173
  175  176  176  176  177  177  177  176  176  176  175  174  173  173  172  171
  173  172  172  171  172  171  170  170  169  169  168  168  165  165  165  165
  164  164  163  163  161  160  159  159  158  157  157  156  159  158  158  158
  157  156  156  155  156  156  156  156  154
    80.0-180.0 180.0   5.0 450.0                            LAT/LON1/LON2/DLON/H
  151  151  151  150  151  153  155  157  160  162  163  163  166  166  167  166
  167  167  168  169  169  169  169  170  170  170  169  169  173  173  172  172
  176  176  176  176  178  178  178  177  172  173  173  172  168  169  170  170
  169  169  169  169  168  167  166  165  165  164  162  161  161  160  160  159
  157  155  154  152  153  152  151  151  151
    77.5-180.0 180.0   5.0 450.0                            LAT/LON1/LON2/DLON/H
  149  148  147  146  146  148  149  150  153  155  155  155  157  158  158  157
  157  158  159  160  159  160  161  162  161  162  162  162  166  167  168  169
  174  176  177  178  181  182  182  182  178  179  179  179  176  177  178  178
  177  178  178  179  178  178  177  176  176  175  174  172  170  170  168  167
  163  160  157  155  152  150  149  148  149
    75.0-180.0 180.0   5.0 450.0                            LAT/LON1/LON2/DLON/H
  148  147  145  144  142  143  144  144  146  147  146  145  148  148  148  147
  147  149  150  151  150  152  153  153  153  155  156  156  161  163  165  167
  174  177  180  182  186  188  188  188  187  187  187  187  186  187  188  189
  189  190  190  190  191  190  190  189  189  188  187  185  183  181  179  177
  171  168  164  160  154  151  149  147  148
    72.5-180.0 180.0   5.0 450.0                            LAT/LON1/LON2/DLON/H
  148  146  144  142  139  139  138  138  139  138  138  136  139  138  137  136
  138  139  140  141  142  144  145  145  147  148  150  151  156  159  163  165
  175  179  182  185  192  194  194  194  196  197  196  196  198  199  199  200
  202  202  202  202  203  202  201  200  201  200  199  196  195  192  189  186
  182  178  173  168  160  157  154  151  148
    70.0-180.0 180.0   5.0 450.0                            LAT/LON1/LON2/DLON/H
  154  150  146  141  134  134  134  134  131  130  129  129  131  132  132  133
  134  136  137  139  139  140  141  143  144  146  147  149  156  160  165  170
  177  182  188  193  196  199  201  203  204  206  208  208  209  211  212  212
  212  213  213  213  210  211  210  209  207  207  206  206  204  202  200  198
  193  188  182  177  171  167  161  155  154
    67.5-180.0 180.0   5.0 450.0                            LAT/LON1/LON2/DLON/H
  157  153  148  142  134  132  131  130  126  125  124  123  127  127  127  127
  130  132  134  136  137  139  141  143  144  147  149  151  157  163  169  174
  181  188  193  198  202  205  207  208  211  214  215  215  218  220  220  219
  220  219  217  214  212  212  210  208  208  209  209  208  209  208  207  205
  202  198  192  186  180  175  169  163  157
    65.0-180.0 180.0   5.0 450.0                            LAT/LON1/LON2/DLON/H
  159  154  148  141  133  130  127  125  122  121  120  119  123  123  123  123
  127  129  131  134  135  137  140  143  145  148  151  154  161  167  173  178
  186  193  199  203  207  210  213  214  218  220  222  222  227  228  227  226
  225  223  219  215  211  210  208  205  206  207  208  208  210  211  211  209
  208  205  199  194  187  182  176  169  159
    62.5-180.0 180.0   5.0 450.0                            LAT/LON1/LON2/DLON/H
  159  153  146  139  130  127  123  120  118  117  115  114  120  120  120  120
  123  126  128  131  132  135  139  142  146  150  153  156  165  172  178  183
  190  197  202  207  210  213  216  217  222  225  227  228  233  233  232  230
  227  224  219  214  208  207  204  200  202  204  205  206  209  211  211  211
  212  209  204  199  194  189  183  176  159
    60.0-180.0 180.0   5.0 450.0                            LAT/LON1/LON2/DLON/H
  160  152  143  134  121  115  110  106  103  103  104  106  107  109  110  113
  116  118  121  125  126  131  135  141  145  149  154  159  170  176  182  188
  198  204  209  214  217  221  224  228  232  235  237  238  241  239  236  231
  227  221  214  206  203  200  197  194  199  200  201  201  214  215  215  215
  222  219  216  212  210  203  196  188  160
    57.5-180.0 180.0   5.0 450.0                            LAT/LON1/LON2/DLON/H
  165  157  148  138  123  116  109  103   98   97   97   98  101  102  103  105
  110  112  115  119  123  128  133  139  145  151  157  163  174  181  187  193
  202  208  213  217  220  224  228  232  235  239  241  243  244  243  239  235
  228  223  216  209  205  203  200  197  204  205  206  206  219  220  221  220
  229  227  223  219  218  212  205  196  165
    55.0-180.0 180.0   5.0 450.0                            LAT/LON1/LON2/DLON/H
  171  163  154  144  128  120  111  104   96   93   92   92   95   95   96   97
  104  105  107  111  118  123  129  136  146  153  160  166  178  186  193  198
  207  212  217  220  225  230  234  239  242  245  248  250  251  249  246  240
  234  229  223  215  212  210  208  205  212  213  214  215  227  228  228  227
  237  234  231  226  228  222  215  207  171
    52.5-180.0 180.0   5.0 450.0                            LAT/LON1/LON2/DLON/H
  177  170  161  152  135  125  116  107   95   91   89   88   89   89   89   90
   97   97  100  103  114  119  125  133  146  155  163  170  182  190  197  203
  211  216  220  223  230  235  240  245  248  251  254  255  258  256  252  246
  242  237  231  225  222  221  220  218  222  224  226  227  235  236  237  235
  245  243  239  235  239  233  226  219  177
    50.0-180.0 180.0   5.0 450.0                            LAT/LON1/LON2/DLON/H
  185  178  171  163  147  137  127  117  102   96   92   89   86   85   84   84
   92   93   96  100  111  119  128  138  153  161  170  179  190  197  204  209
  219  224  229  234  241  247  254  259  263  265  266  268  270  267  264  261
  257  252  247  243  238  238  236  234  237  239  240  240  244  246  247  246
  254  252  249  246  242  236  229  223  185
    47.5-180.0 180.0   5.0 450.0                            LAT/LON1/LON2/DLON/H
  192  186  179  172  158  148  138  128  112  105   99   94   88   86   84   83
   92   93   96  101  115  122  132  143  160  169  177  186  196  203  209  214
  226  232  237  242  252  259  265  271  274  277  278  279  280  279  276  272
  270  266  260  253  253  251  248  244  248  249  250  250  256  257  258  258
  265  262  259  255  246  240  234  228  192
    45.0-180.0 180.0   5.0 450.0                            LAT/LON1/LON2/DLON/H
  195  190  184  178  168  159  150  140  124  116  109  102   93   90   87   85
   95   96  100  104  121  129  139  150  169  177  186  194  202  209  215  220
  231  239  246  252  262  270  277  283  286  290  293  293  294  293  291  288
  286  281  275  267  263  260  256  251  252  253  254  254  259  261  262  262
  269  267  263  259  248  243  237  231  195
    42.5-180.0 180.0   5.0 450.0                            LAT/LON1/LON2/DLON/H
  192  188  184  179  174  166  158  150  135  127  119  112   99   95   91   89
  100  102  105  110  128  137  147  158  177  185  194  201  206  213  219  224
  235  244  253  261  271  281  289  296  297  303  306  308  310  310  309  307
  303  298  292  284  273  270  265  259  256  257  258  258  265  267  268  269
  275  272  269  265  251  245  239  232  192
    40.0-180.0 180.0   5.0 450.0                            LAT/LON1/LON2/DLON/H
  185  182  180  178  166  164  161  157  148  140  132  125  112  108  103   98
  105  110  116  122  128  142  156  172  186  195  205  213  214  218  221  224
  241  249  257  266  287  296  305  315  324  328  331  335  333  333  332  331
  332  322  313  305  294  285  277  269  260  260  261  261  264  270  275  278
  276  273  269  265  253  236  221  208  185
    37.5-180.0 180.0   5.0 450.0                            LAT/LON1/LON2/DLON/H
  183  178  173  169  162  159  157  155  152  146  141  136  124  119  113  107
  111  115  120  125  134  147  161  176  193  202  211  219  220  224  227  231
  246  256  266  276  297  309  320  330  342  348  353  358  356  357  358  357
  357  349  340  330  315  306  297  288  278  276  274  272  281  283  285  286
  287  283  277  271  253  236  220  205  183
    35.0-180.0 180.0   5.0 450.0                            LAT/LON1/LON2/DLON/H
  184  177  170  165  158  156  154  153  154  151  148  145  135  130  123  117
  116  119  124  128  138  150  163  177  197  206  215  223  222  228  233  237
  248  262  275  286  307  321  334  344  359  367  374  379  379  382  383  383
  385  379  371  361  345  337  328  318  307  303  299  294  301  302  300  298
  298  292  285  276  254  236  219  204  184
    32.5-180.0 180.0   5.0 450.0                            LAT/LON1/LON2/DLON/H
  187  179  171  164  155  154  153  153  155  154  153  152  145  139  133  126
  120  123  126  130  140  151  163  176  197  206  215  223  222  230  237  243
  250  266  282  296  317  332  347  359  376  386  394  401  401  405  408  409
  414  410  404  395  384  378  369  359  346  342  336  328  329  328  325  320
  313  306  297  287  260  242  224  209  187
    30.0-180.0 180.0   5.0 450.0                            LAT/LON1/LON2/DLON/H
  205  194  182  171  160  156  154  152  154  152  152  152  150  143  135  128
  121  120  121  121  134  143  154  165  190  198  207  217  229  230  233  236
  255  268  282  296  323  340  356  373  389  399  409  420  422  428  435  442
  445  443  442  442  431  425  419  414  405  392  379  366  372  361  350  340
  331  317  302  288  271  254  238  224  205
    27.5-180.0 180.0   5.0 450.0                            LAT/LON1/LON2/DLON/H
  218  206  193  181  170  164  159  156  160  157  156  155  156  148  139  132
  125  123  122  122  135  143  154  165  189  199  208  219  226  230  235  240
  260  274  288  303  332  349  366  382  398  409  420  432  436  445  455  466
  474  479  484  488  483  482  478  472  461  447  431  414  414  397  379  362
  345  327  310  294  278  260  244  229  218
    25.0-180.0 180.0   5.0 450.0                            LAT/LON1/LON2/DLON/H
  235  223  211  198  187  180  174  169  170  166  163  161  163  154  145  137
  132  129  126  124  137  145  154  166  187  197  208  220  222  230  238  246
  265  281  296  310  340  356  373  389  403  414  425  437  445  458  472  485
  499  510  521  529  529  531  530  523  513  497  479  458  453  430  406  383
  356  336  317  299  283  265  249  234  235
    22.5-180.0 180.0   5.0 450.0                            LAT/LON1/LON2/DLON/H
  250  240  229  217  208  200  193  187  181  176  173  170  170  161  152  144
  139  135  131  128  140  147  156  166  180  192  205  218  219  230  242  252
  272  288  303  318  348  363  379  394  406  417  429  440  451  466  482  497
  516  532  547  558  565  569  568  562  553  537  516  494  484  458  430  402
  367  346  327  308  291  274  259  246  250
    20.0-180.0 180.0   5.0 450.0                            LAT/LON1/LON2/DLON/H
  263  254  242  230  232  224  215  206  198  191  183  176  173  166  158  150
  143  141  138  136  143  146  150  156  181  188  197  208  209  223  237  251
  276  297  318  338  367  381  395  407  414  427  440  451  457  474  491  507
  526  546  563  577  584  591  593  593  579  567  552  536  519  489  456  422
  387  361  336  312  296  283  272  263  263
    17.5-180.0 180.0   5.0 450.0                            LAT/LON1/LON2/DLON/H
  272  264  254  242  247  240  232  222  209  200  191  182  178  170  161  153
  149  145  142  139  145  147  151  157  178  186  196  207  216  230  244  259
  289  310  331  351  377  390  403  416  422  433  444  455  466  481  495  509
  528  546  562  573  578  585  588  587  574  565  553  538  526  496  464  429
  390  362  337  313  301  287  275  266  272
    15.0-180.0 180.0   5.0 450.0                            LAT/LON1/LON2/DLON/H
  272  265  257  247  253  247  240  231  216  205  195  184  182  173  164  155
  153  148  143  140  142  144  148  154  172  182  193  206  220  236  251  267
  301  323  343  363  390  402  415  428  434  443  452  463  475  487  499  511
  525  540  552  560  563  568  571  569  558  552  544  532  522  493  462  430
  388  360  335  313  305  290  277  267  272
    12.5-180.0 180.0   5.0 450.0                            LAT/LON1/LON2/DLON/H
  265  260  253  246  249  244  239  231  215  204  193  182  183  174  164  156
  155  150  144  140  140  142  146  151  165  177  189  203  223  240  257  273
  312  334  355  374  404  417  429  441  449  457  465  474  484  494  503  512
  518  529  537  543  544  548  548  545  540  536  529  520  510  483  454  425
  381  355  331  310  309  293  280  268  265
    10.0-180.0 180.0   5.0 450.0                            LAT/LON1/LON2/DLON/H
  264  257  251  246  237  231  226  222  207  199  191  183  174  167  161  154
  147  141  134  128  126  125  126  129  146  165  186  208  225  249  273  296
  329  352  373  392  417  434  448  459  462  474  483  490  492  501  509  515
  516  520  523  525  522  525  527  528  518  516  511  505  493  466  435  403
  377  358  341  325  309  296  285  277  264
     7.5-180.0 180.0   5.0 450.0                            LAT/LON1/LON2/DLON/H
  261  252  244  237  227  220  215  209  198  191  183  176  170  164  157  150
  145  138  131  124  119  118  118  121  141  161  183  207  233  256  280  303
  336  357  377  394  422  438  451  462  470  479  487  493  495  503  509  514
  513  517  520  523  516  519  520  521  516  513  506  497  484  456  424  390
  368  352  336  321  308  299  291  284  261
     5.0-180.0 180.0   5.0 450.0                            LAT/LON1/LON2/DLON/H
  263  252  242  234  220  212  205  199  188  180  173  167  164  158  151  145
  140  133  125  117  111  109  110  112  137  158  182  208  239  263  286  309
  338  359  377  393  419  434  447  459  467  476  482  487  491  497  503  508
  512  516  520  522  518  520  522  522  516  511  503  492  469  440  409  375
  356  342  329  317  304  298  294  289  263
     2.5-180.0 180.0   5.0 450.0                            LAT/LON1/LON2/DLON/H
  271  260  249  239  219  209  201  194  179  172  166  160  158  152  145  139
  135  127  119  111  103  101  102  105  134  157  182  209  245  269  292  315
  338  357  375  391  407  423  436  448  456  463  469  473  479  485  491  495
  510  515  520  522  526  529  530  530  517  510  500  489  449  421  390  360
  339  329  319  309  299  297  295  292  271
