o1pg2060-20230726.23i
     1.0            IONOSPHERE MAPS     GNSS                IONEX VERSION / TYPE
IONINX V4.3         AIUB                01-Aug-23 09:17     PGM / RUN BY / DATE 
406 1-DAY PREDICTED IONOSPHERE MAPS FOR DAY 206, 2023       COMMENT             
We use the deep learning algorithm, based on the global     DESCRIPTION         
ionospheric map provided by CODE and the final global       DESCRIPTION         
ionospheric map combined by IGS, and use our proposed       DESCRIPTION         
spatiotemporal network model to predict the global          DESCRIPTION         
ionospheric map of the next day.                            DESCRIPTION         
Contact address: wanghongyue@stu.cdut.edu.cn                DESCRIPTION         
  2023    07    25     0     0     0                        EPOCH OF FIRST MAP  
  2023    07    25    22     0     0                        EPOCH OF LAST MAP   
  7200                                                      INTERVAL            
    12                                                      # OF MAPS IN FILE   
  NONE                                                      MAPPING FUNCTION    
     0.0                                                    ELEVATION CUTOFF    
TEC prediction calculated as a spatiotemporal network model OBSERVABLES USED    
  6371.0                                                    BASE RADIUS         
     2                                                      MAP DIMENSION       
   450.0 450.0   0.0                                        HGT1 / HGT2 / DHGT  
    87.5 -87.5  -2.5                                        LAT1 / LAT2 / DLAT  
  -180.0 180.0   5.0                                        LON1 / LON2 / DLON  
    -1                                                      EXPONENT            
TEC values in 0.1 tec units;  9999, if no value available   COMMENT             
                                                            END OF HEADER       
[from data line 1287]
     4                                                      START OF TEC MAP    
  2023    07    25     6     0     0                        EPOCH OF CURRENT MAP
    87.5-180.0 180.0   5.0 450.0                            LAT/LON1/LON2/DLON/H
  189  188  188  188  187  187  187  188  190  190  190  191  195  195  195  194
  197  196  196  195  198  198  197  196  199  199  199  198  200  201  201  200
  198  199  199  199  194  195  195  195  192  192  192  192  191  191  191  191
  192  192  192  192  191  192  192  193  190  190  191  192  190  190  190  190
  189  189  188  187  187  188  188  187  189
    85.0-180.0 180.0   5.0 450.0                            LAT/LON1/LON2/DLON/H
  190  190  190  191  188  188  189  190  191  192  193  193  197  197  197  197
  199  199  198  197  199  198  197  196  197  197  196  195  196  196  196  196
  195  195  196  196  192  193  193  194  192  192  193  193  193  193  193  194
  195  195  195  195  194  194  194  195  192  192  192  192  192  191  190  190
  189  189  187  185  185  185  185  184  190
    82.5-180.0 180.0   5.0 450.0                            LAT/LON1/LON2/DLON/H
  190  190  191  192  187  188  189  190  190  191  192  193  197  197  197  196
  199  199  198  197  198  197  195  194  193  192  191  190  191  191  190  190
  191  192  192  192  191  191  192  193  193  194  195  195  197  197  198  198
  201  200  200  201  200  200  199  199  197  197  196  196  195  194  193  192
  190  189  187  185  182  182  181  180  190
    80.0-180.0 180.0   5.0 450.0                            LAT/LON1/LON2/DLON/H
  194  192  190  188  184  185  185  186  186  188  189  190  192  193  193  193
  193  193  192  192  192  190  188  186  187  185  182  181  183  183  182  183
  183  184  185  186  190  191  192  194  198  200  202  204  202  205  207  208
  209  210  212  212  213  213  213  211  213  212  210  208  209  207  204  201
  201  196  192  188  183  179  176  174  194
    77.5-180.0 180.0   5.0 450.0                            LAT/LON1/LON2/DLON/H
  196  194  192  190  182  183  183  182  181  182  183  182  185  186  186  185
  185  185  185  184  183  181  178  176  174  172  170  168  170  171  172  173
  175  178  181  183  188  191  194  196  201  205  208  210  211  214  217  220
  221  223  225  227  228  228  228  227  227  227  225  223  222  220  217  213
  212  206  201  195  189  185  180  177  196
    75.0-180.0 180.0   5.0 450.0                            LAT/LON1/LON2/DLON/H
  201  198  196  193  183  182  181  179  177  178  177  175  178  178  177  175
  178  177  177  175  174  172  169  166  163  161  159  156  159  161  163  165
  169  174  178  182  187  192  196  199  205  210  214  218  222  226  229  233
  236  238  240  242  243  244  244  243  243  242  241  239  237  235  231  227
  225  218  212  205  198  193  187  182  201
    72.5-180.0 180.0   5.0 450.0                            LAT/LON1/LON2/DLON/H
  205  202  200  196  186  183  180  177  175  174  171  169  170  169  167  165
  169  168  167  165  166  163  159  156  153  151  149  146  150  153  156  159
  165  171  177  182  187  193  199  203  209  215  219  224  231  235  239  243
  248  250  252  254  255  255  255  254  255  254  252  249  250  247  243  238
  238  231  224  216  209  203  197  191  205
    70.0-180.0 180.0   5.0 450.0                            LAT/LON1/LON2/DLON/H
  216  212  207  201  192  189  187  183  172  169  165  162  159  158  157  155
  158  159  159  158  155  153  151  148  141  140  139  137  141  145  150  156
  165  171  179  186  191  196  201  206  213  220  227  233  244  252  258  262
  266  270  271  271  264  265  264  262  256  256  254  252  255  252  249  245
  244  239  233  226  223  218  211  202  216
    67.5-180.0 180.0   5.0 450.0                            LAT/LON1/LON2/DLON/H
  223  219  213  207  198  194  190  185  174  170  165  160  157  155  152  149
  153  153  152  152  151  149  147  145  138  137  136  135  139  144  150  156
  167  175  183  191  196  203  209  214  220  228  235  241  254  261  266  270
  274  275  274  272  265  264  261  257  253  253  251  248  253  252  250  246
  248  244  239  232  233  228  221  212  223
    65.0-180.0 180.0   5.0 450.0                            LAT/LON1/LON2/DLON/H
  228  223  217  210  202  197  192  186  176  171  166  160  157  154  150  146
  150  149  148  146  147  145  143  141  135  134  134  134  140  146  152  158
  172  181  190  197  203  211  218  224  227  236  244  251  263  269  273  277
  281  279  276  271  263  260  255  250  247  246  245  242  246  246  245  243
  246  243  239  234  237  232  226  217  228
    62.5-180.0 180.0   5.0 450.0                            LAT/LON1/LON2/DLON/H
  229  224  218  211  205  199  192  186  179  173  167  161  159  155  150  145
  148  146  144  142  144  142  140  139  133  133  133  133  142  149  155  161
  177  187  195  204  208  217  225  232  233  243  252  259  270  276  280  282
  284  281  276  270  259  255  249  243  239  239  237  236  237  238  238  237
  241  239  237  233  240  236  229  221  229
    60.0-180.0 180.0   5.0 450.0                            LAT/LON1/LON2/DLON/H
  226  220  214  206  205  199  193  188  178  172  167  163  154  150  145  140
  138  136  135  134  129  129  129  129  126  126  128  130  141  148  155  164
  178  187  196  205  211  217  223  229  237  245  252  258  277  280  282  282
  286  281  275  268  256  252  247  241  231  231  230  228  229  230  230  230
  233  233  233  232  236  234  230  225  226
    57.5-180.0 180.0   5.0 450.0                            LAT/LON1/LON2/DLON/H
  231  226  219  212  210  203  195  188  180  173  167  160  154  149  143  138
  136  132  129  127  124  123  123  123  121  123  125  128  140  147  154  162
  176  186  195  204  213  220  227  234  241  250  257  264  281  285  287  287
  289  284  279  272  261  256  250  244  236  235  233  231  230  231  231  230
  232  233  233  232  239  238  235  231  231
    55.0-180.0 180.0   5.0 450.0                            LAT/LON1/LON2/DLON/H
  240  235  229  222  220  211  201  192  183  176  168  159  153  147  141  134
  134  129  124  120  119  117  117  117  118  120  123  126  138  146  153  161
  174  183  193  203  213  222  230  239  245  255  263  271  285  290  293  294
  296  292  288  281  271  267  261  256  246  245  242  240  236  235  234  232
  233  235  235  234  243  243  241  238  240
    52.5-180.0 180.0   5.0 450.0                            LAT/LON1/LON2/DLON/H
  252  247  242  234  231  221  210  199  188  179  169  160  153  146  138  131
  133  126  120  116  116  114  113  113  118  120  124  128  139  146  153  161
  170  180  190  200  213  223  233  242  248  258  268  275  289  295  298  299
  305  303  299  294  286  282  278  272  260  259  256  254  244  243  241  238
  237  239  239  238  248  249  248  245  252
    50.0-180.0 180.0   5.0 450.0                            LAT/LON1/LON2/DLON/H
  264  260  255  249  245  234  221  209  194  182  171  161  151  144  137  130
  129  125  121  120  117  117  118  120  125  127  129  133  137  143  149  154
  166  177  189  201  213  226  239  251  256  268  279  288  292  300  307  313
  310  312  312  312  302  299  295  290  280  276  271  265  261  257  252  247
  251  250  249  248  255  257  259  260  264
    47.5-180.0 180.0   5.0 450.0                            LAT/LON1/LON2/DLON/H
  281  277  272  267  265  253  240  226  207  194  180  165  153  145  137  130
  131  127  125  124  123  123  125  128  134  135  137  139  143  148  151  155
  166  178  190  203  218  231  243  255  263  274  283  291  298  307  314  320
  322  325  325  324  319  316  310  302  296  291  285  277  271  267  263  257
  262  261  260  258  265  268  270  271  281
    45.0-180.0 180.0   5.0 450.0                            LAT/LON1/LON2/DLON/H
  294  291  286  282  282  270  256  241  221  206  190  173  157  148  140  133
  136  133  131  132  134  134  136  140  147  147  148  148  151  153  155  157
  166  178  191  205  223  235  248  260  269  279  288  295  304  314  322  328
  334  338  339  338  333  329  323  314  308  302  295  287  277  274  270  266
  270  270  269  267  274  277  279  279  294
    42.5-180.0 180.0   5.0 450.0                            LAT/LON1/LON2/DLON/H
  301  299  296  292  292  281  268  253  233  217  199  181  163  154  146  138
  144  142  142  143  148  149  152  156  162  161  161  160  159  159  160  160
  166  179  193  208  226  240  253  265  274  285  294  301  312  323  332  340
  347  352  355  355  345  342  336  327  316  310  303  296  284  282  279  276
  281  281  280  277  286  288  289  288  301
    40.0-180.0 180.0   5.0 450.0                            LAT/LON1/LON2/DLON/H
  302  300  298  295  289  283  275  265  243  226  208  192  171  162  152  144
  150  152  156  160  160  164  169  174  174  174  173  171  170  166  162  158
  172  184  198  214  221  237  253  268  276  284  292  300  313  322  329  336
  357  360  361  363  368  360  351  344  338  328  318  310  301  298  295  293
  292  294  295  297  302  301  299  297  302
    37.5-180.0 180.0   5.0 450.0                            LAT/LON1/LON2/DLON/H
  312  305  297  289  283  276  267  257  244  229  215  200  181  172  162  154
  158  160  164  168  172  177  182  187  190  189  187  184  179  175  170  167
  175  188  202  218  227  243  260  275  283  293  301  309  322  332  341  347
  365  371  376  378  381  378  373  367  357  348  339  331  323  319  315  311
  313  314  315  316  319  317  313  309  312
    35.0-180.0 180.0   5.0 450.0                            LAT/LON1/LON2/DLON/H
  326  315  302  289  275  266  256  247  241  230  218  207  191  182  173  164
  165  168  172  177  183  188  194  199  204  202  199  196  187  182  178  175
  177  190  204  220  229  246  264  279  288  300  310  317  329  340  350  357
  371  381  389  393  399  401  401  398  391  384  376  368  356  351  346  341
  343  343  342  341  345  340  333  326  326
    32.5-180.0 180.0   5.0 450.0                            LAT/LON1/LON2/DLON/H
  342  328  312  295  269  259  249  239  237  228  220  212  201  192  183  175
  173  176  180  185  193  198  204  209  215  212  208  205  192  188  185  183
  177  190  205  221  230  248  266  283  294  307  318  326  336  349  359  367
  380  394  404  411  425  432  436  437  435  431  425  417  398  394  389  384
  382  381  380  377  382  374  365  354  342
    30.0-180.0 180.0   5.0 450.0                            LAT/LON1/LON2/DLON/H
  380  357  332  307  282  267  253  242  232  224  220  217  202  193  185  178
  173  175  178  182  197  206  215  222  221  218  215  211  204  194  184  176
  181  190  200  212  227  247  267  287  298  308  317  325  332  339  347  355
  374  391  408  424  443  457  470  484  488  482  477  472  462  448  436  427
  435  430  425  420  425  413  400  386  380
    27.5-180.0 180.0   5.0 450.0                            LAT/LON1/LON2/DLON/H
  423  397  367  337  303  282  262  245  238  228  221  217  211  202  194  187
  182  183  186  190  208  216  225  233  234  231  226  220  206  196  186  177
  177  185  195  206  225  246  266  287  297  307  317  326  330  340  350  360
  380  403  425  446  474  496  516  533  545  543  539  534  521  508  496  484
  483  479  474  469  464  456  445  432  423
    25.0-180.0 180.0   5.0 450.0                            LAT/LON1/LON2/DLON/H
  473  445  414  381  340  314  289  267  254  242  234  229  223  213  206  200
  193  194  196  199  220  228  235  244  244  239  233  227  204  194  184  174
  169  176  186  197  219  239  260  281  291  302  313  322  327  340  353  365
  386  414  442  466  499  528  553  572  588  590  589  584  571  560  548  534
  526  524  520  514  503  498  490  478  473
    22.5-180.0 180.0   5.0 450.0                            LAT/LON1/LON2/DLON/H
  520  494  464  430  386  357  329  303  279  267  257  250  237  228  221  215
  206  206  207  209  231  239  246  253  246  241  235  227  196  186  177  167
  159  166  175  186  209  229  250  272  283  295  306  316  324  340  355  369
  393  425  455  483  519  551  578  599  614  619  620  616  605  596  585  572
  561  560  556  549  541  538  530  518  520
    20.0-180.0 180.0   5.0 450.0                            LAT/LON1/LON2/DLON/H
  554  534  507  475  428  400  369  337  308  293  279  266  258  249  241  235
  228  228  228  228  242  249  255  260  253  238  221  204  177  163  149  135
  130  134  140  147  191  213  237  261  277  291  305  317  328  346  363  380
  404  437  467  494  529  555  577  595  609  615  618  619  616  610  603  597
  588  585  580  575  575  571  564  554  554
    17.5-180.0 180.0   5.0 450.0                            LAT/LON1/LON2/DLON/H
  574  559  535  506  466  438  408  376  341  324  307  292  279  267  258  250
  244  242  240  239  252  256  260  263  247  230  212  194  166  151  137  124
  116  120  126  135  180  202  227  252  269  285  299  314  332  351  369  387
  414  444  472  498  522  543  561  576  588  595  601  604  607  608  608  604
  598  597  595  590  590  588  582  573  574
    15.0-180.0 180.0   5.0 450.0                            LAT/LON1/LON2/DLON/H
  572  560  541  517  482  457  429  400  368  350  331  314  299  287  276  267
  259  255  251  248  257  258  259  260  235  217  198  179  150  136  122  109
  103  107  113  122  169  192  217  243  261  279  296  312  335  356  376  395
  424  450  475  499  514  528  540  551  562  570  577  582  590  598  603  605
  600  602  601  597  595  592  587  579  572
    12.5-180.0 180.0   5.0 450.0                            LAT/LON1/LON2/DLON/H
  553  544  530  512  478  457  433  408  384  366  348  331  316  303  292  282
  271  265  259  254  257  255  253  251  217  199  180  161  134  120  106   95
   92   96  102  110  160  183  209  235  255  275  294  313  339  362  383  404
  433  456  478  498  509  517  523  528  539  546  554  561  571  584  594  600
  597  600  600  597  593  589  583  574  553
    10.0-180.0 180.0   5.0 450.0                            LAT/LON1/LON2/DLON/H
  547  534  516  495  455  444  430  416  386  375  364  354  334  325  315  305
  283  272  259  246  246  234  221  208  192  175  158  142  116  106   96   88
   86   86   88   93  136  163  193  225  240  265  289  311  339  364  387  409
  441  460  477  492  501  506  511  516  515  523  533  543  555  565  575  583
  592  596  597  598  595  590  583  574  547
     7.5-180.0 180.0   5.0 450.0                            LAT/LON1/LON2/DLON/H
  523  502  477  450  421  407  394  381  369  361  353  344  338  330  321  312
  291  279  265  250  240  225  210  195  176  159  142  127  109   99   91   85
   80   81   84   89  130  156  186  218  239  262  285  308  339  365  388  409
  442  463  482  499  508  515  521  528  530  536  544  552  562  572  579  584
  593  597  600  600  593  588  580  570  523
     5.0-180.0 180.0   5.0 450.0                            LAT/LON1/LON2/DLON/H
  509  482  450  416  389  374  360  348  346  341  336  330  334  328  321  314
  294  281  265  248  232  216  198  181  162  146  131  118  104   96   90   85
   79   80   84   90  126  151  180  211  234  257  279  302  334  360  384  406
  443  465  486  505  525  534  543  552  557  563  568  574  574  582  587  588
  592  598  602  602  591  585  577  565  509
     2.5-180.0 180.0   5.0 450.0                            LAT/LON1/LON2/DLON/H
  509  477  440  402  366  351  337  324  324  321  318  316  324  319  314  308
  289  275  258  241  219  202  184  166  151  137  124  113  104   98   93   89
   81   83   88   94  121  145  173  204  226  249  272  296  325  352  377  401
  442  467  490  511  548  561  572  582  589  595  599  601  585  591  593  592
  588  596  601  603  593  587  578  566  509
