o1pg1980-2023.718.23i
     1.0            IONOSPHERE MAPS     GNSS                IONEX VERSION / TYPE
IONINX V4.3         AIUB                19-Jul-23 21:44     PGM / RUN BY / DATE 
406 1-DAY PREDICTED IONOSPHERE MAPS FOR DAY 198, 2023       COMMENT             
We use the deep learning algorithm, based on the global     DESCRIPTION         
ionospheric map provided by CODE and the final global       DESCRIPTION         
ionospheric map combined by IGS, and use our proposed       DESCRIPTION         
spatiotemporal network model to predict the global          DESCRIPTION         
ionospheric map of the next day.                            DESCRIPTION         
Contact address: wanghongyue@stu.cdut.edu.cn                DESCRIPTION         
  2023    07    17     0     0     0                        EPOCH OF FIRST MAP  
  2023    07    17    22     0     0                        EPOCH OF LAST MAP   
  7200                                                      INTERVAL            
    12                                                      # OF MAPS IN FILE   
  NONE                                                      MAPPING FUNCTION    
     0.0                                                    ELEVATION CUTOFF    
TEC prediction calculated as a spatiotemporal network model OBSERVABLES USED    
  6371.0                                                    BASE RADIUS         
     2                                                      MAP DIMENSION       
   450.0 450.0   0.0                                        HGT1 / HGT2 / DHGT  
    87.5 -87.5  -2.5                                        LAT1 / LAT2 / DLAT  
  -180.0 180.0   5.0                                        LON1 / LON2 / DLON  
    -1                                                      EXPONENT            
TEC values in 0.1 tec units;  9999, if no value available   COMMENT             
                                                            END OF HEADER       
[from data line 429]
     2                                                      START OF TEC MAP    
  2023    07    17     2     0     0                        EPOCH OF CURRENT MAP
    87.5-180.0 180.0   5.0 450.0                            LAT/LON1/LON2/DLON/H
  183  182  182  182  181  181  181  182  180  180  180  180  184  184  184  183
  182  182  181  180  180  179  178  176  175  174  173  171  174  173  173  171
  173  173  172  172  172  173  173  173  172  173  173  174  171  171  172  172
  169  170  170  170  168  168  169  169  166  168  169  170  169  171  172  172
  171  171  171  171  173  174  175  175  183
    85.0-180.0 180.0   5.0 450.0                            LAT/LON1/LON2/DLON/H
  186  186  187  187  185  186  186  187  185  186  186  187  190  190  190  189
  189  188  187  186  184  183  181  179  176  174  172  169  170  169  167  165
  166  166  165  165  166  167  167  167  167  168  169  170  168  169  170  171
  168  169  169  170  168  169  169  170  169  169  170  171  173  174  174  175
  174  174  174  173  175  176  176  176  186
    82.5-180.0 180.0   5.0 450.0                            LAT/LON1/LON2/DLON/H
  187  188  190  191  187  188  189  190  188  189  190  190  193  194  193  193
  193  192  191  190  187  185  183  180  176  173  170  166  165  163  161  159
  161  160  159  158  160  161  161  162  163  165  166  167  167  168  169  170
  169  169  170  171  170  171  171  172  173  173  173  174  178  178  178  178
  177  177  176  174  176  176  176  175  187
    80.0-180.0 180.0   5.0 450.0                            LAT/LON1/LON2/DLON/H
  192  191  190  189  189  191  193  194  192  195  197  198  198  199  200  200
  198  198  197  196  193  190  187  184  177  173  169  165  161  159  156  154
  154  153  153  153  157  158  159  161  164  166  168  170  172  174  176  177
  177  178  179  179  182  181  181  180  185  186  186  185  189  189  189  189
  184  182  180  178  177  177  176  176  192
    77.5-180.0 180.0   5.0 450.0                            LAT/LON1/LON2/DLON/H
  194  193  192  191  190  192  193  194  192  194  196  197  198  199  199  198
  197  198  197  195  191  188  185  181  174  170  165  161  157  154  152  149
  150  150  150  151  155  157  159  161  165  168  171  173  177  179  182  184
  186  187  189  190  193  193  194  194  198  199  199  199  200  200  200  199
  193  190  187  184  180  178  177  175  194
    75.0-180.0 180.0   5.0 450.0                            LAT/LON1/LON2/DLON/H
  200  199  198  197  193  194  195  195  194  196  196  196  198  199  198  197
  197  196  195  193  189  186  183  179  172  167  163  158  154  152  150  148
  149  150  150  151  156  158  160  162  168  171  175  178  183  186  190  193
  195  198  200  202  205  206  207  207  212  213  213  212  212  212  210  208
  203  200  196  191  186  183  181  178  200
    72.5-180.0 180.0   5.0 450.0                            LAT/LON1/LON2/DLON/H
  206  205  203  201  198  198  198  197  197  198  198  196  197  197  195  193
  194  193  191  189  187  183  179  175  170  166  161  156  154  152  150  148
  150  151  152  153  157  160  162  164  170  174  177  181  188  192  196  200
  204  207  210  212  215  216  217  217  222  223  222  221  222  220  218  215
  212  209  204  199  194  191  188  184  206
    70.0-180.0 180.0   5.0 450.0                            LAT/LON1/LON2/DLON/H
  214  212  209  205  203  204  204  204  200  200  200  199  197  195  192  189
  187  186  183  180  178  176  173  169  164  161  157  154  153  152  152  151
  152  153  155  156  160  162  165  167  172  177  183  190  192  199  206  212
  210  215  219  223  219  222  224  225  223  224  224  224  222  221  220  218
  212  209  205  201  199  196  191  186  214
    67.5-180.0 180.0   5.0 450.0                            LAT/LON1/LON2/DLON/H
  222  220  217  214  210  209  209  208  204  205  204  202  198  196  193  188
  184  182  179  176  175  173  169  166  163  159  156  152  153  152  152  151
  153  154  155  155  160  161  163  166  171  177  184  191  196  203  210  217
  217  221  224  227  224  226  227  227  225  226  226  225  225  225  223  222
  217  215  212  208  207  205  200  194  222
    65.0-180.0 180.0   5.0 450.0                            LAT/LON1/LON2/DLON/H
  229  226  223  219  216  214  213  211  209  209  208  206  202  199  194  189
  183  180  176  172  173  170  167  163  162  158  154  151  153  153  152  151
  154  154  154  154  158  159  161  163  169  176  184  191  199  207  215  222
  222  226  228  230  227  228  228  228  225  226  226  225  224  224  224  223
  219  218  216  213  213  210  206  200  229
    62.5-180.0 180.0   5.0 450.0                            LAT/LON1/LON2/DLON/H
  232  229  226  222  219  217  215  212  213  212  211  208  206  202  197  191
  183  179  175  171  172  169  165  162  161  157  154  150  155  154  153  152
  154  154  153  153  155  157  158  160  167  174  182  191  202  210  217  225
  225  228  231  233  226  227  227  227  223  224  224  224  221  222  222  222
  219  218  217  215  218  215  211  206  232
    60.0-180.0 180.0   5.0 450.0                            LAT/LON1/LON2/DLON/H
  234  231  226  220  220  217  215  213  212  213  213  214  208  204  199  194
  184  179  174  169  167  163  160  156  153  150  147  145  150  150  151  152
  152  150  149  148  146  146  147  149  155  165  175  186  199  209  220  231
  227  230  232  234  226  227  227  227  223  225  225  225  226  227  228  228
  222  223  224  223  222  223  222  220  234
    57.5-180.0 180.0   5.0 450.0                            LAT/LON1/LON2/DLON/H
  239  235  230  225  225  221  217  214  215  214  214  214  212  209  206  201
  191  185  180  175  171  167  162  158  153  150  148  146  153  152  151  151
  151  148  146  144  142  142  144  147  151  161  172  184  196  207  219  231
  229  233  236  238  232  232  232  232  229  229  229  229  229  229  229  229
  224  225  225  224  225  226  225  223  239
    55.0-180.0 180.0   5.0 450.0                            LAT/LON1/LON2/DLON/H
  248  245  240  235  234  228  223  218  219  218  217  215  217  215  212  208
  200  195  189  184  178  172  167  162  157  154  152  150  158  156  154  153
  151  147  144  142  138  139  142  146  148  158  170  183  193  206  219  231
  233  238  242  246  241  242  243  242  238  238  238  237  235  235  234  233
  228  229  229  228  229  230  230  228  248
    52.5-180.0 180.0   5.0 450.0                            LAT/LON1/LON2/DLON/H
  261  258  254  248  246  240  233  227  224  222  220  218  221  219  217  214
  210  205  199  193  186  180  174  168  164  162  159  157  165  162  159  156
  152  147  143  140  136  137  141  146  145  155  167  180  191  204  217  231
  237  244  250  255  253  255  257  257  250  250  250  249  244  243  242  240
  234  235  234  234  235  236  236  235  261
    50.0-180.0 180.0   5.0 450.0                            LAT/LON1/LON2/DLON/H
  274  272  269  266  260  253  246  240  231  229  226  225  225  225  225  224
  221  218  214  209  203  198  193  187  180  177  173  170  169  167  164  161
  151  148  144  141  139  141  143  145  142  151  160  169  186  202  217  233
  235  245  254  264  262  265  266  267  266  265  262  258  257  255  252  248
  247  247  247  247  245  247  249  250  274
    47.5-180.0 180.0   5.0 450.0                            LAT/LON1/LON2/DLON/H
  292  290  288  286  283  276  268  260  249  244  238  233  234  232  230  228
  228  225  221  217  212  207  202  198  193  189  185  180  180  177  172  166
  156  153  149  146  145  146  148  150  146  153  161  170  185  200  216  233
  239  250  260  271  275  277  278  277  282  279  274  269  267  265  262  259
  257  257  258  258  256  258  260  261  292
    45.0-180.0 180.0   5.0 450.0                            LAT/LON1/LON2/DLON/H
  309  308  307  306  304  298  290  280  267  261  253  245  242  240  237  234
  234  231  228  225  223  219  215  211  208  204  199  194  192  186  180  172
  162  159  156  153  152  153  155  157  150  157  164  171  183  199  216  234
  242  255  267  278  286  289  290  289  294  291  285  279  275  274  272  270
  268  269  270  271  271  272  274  274  309
    42.5-180.0 180.0   5.0 450.0                            LAT/LON1/LON2/DLON/H
  322  322  322  322  322  316  308  299  285  277  268  258  251  248  245  241
  242  239  236  234  234  231  228  225  222  218  213  207  201  194  186  178
  167  165  163  161  160  161  163  165  155  161  166  173  183  200  217  236
  246  261  274  287  296  300  302  302  304  300  296  290  283  283  283  281
  281  283  285  286  289  290  290  289  322
    40.0-180.0 180.0   5.0 450.0                            LAT/LON1/LON2/DLON/H
  342  341  341  340  337  334  331  325  310  300  289  279  263  259  253  247
  249  249  247  244  239  238  236  233  231  229  227  224  214  206  198  190
  189  183  177  172  175  173  171  169  162  165  170  175  177  193  211  230
  243  258  272  286  305  309  312  313  325  321  315  308  301  301  299  298
  296  300  303  306  315  317  318  320  342
    37.5-180.0 180.0   5.0 450.0                            LAT/LON1/LON2/DLON/H
  364  360  356  352  352  348  343  338  325  316  306  296  280  274  266  258
  255  254  251  248  244  244  242  240  243  241  238  235  228  220  213  205
  205  199  194  189  191  188  185  181  174  176  180  184  184  200  217  235
  246  262  277  290  309  316  321  322  332  331  326  319  315  316  315  315
  315  321  325  328  336  339  340  340  364
    35.0-180.0 180.0   5.0 450.0                            LAT/LON1/LON2/DLON/H
  388  383  376  370  366  362  357  351  337  330  323  315  297  289  280  271
  260  258  255  252  249  249  249  247  255  253  250  247  240  235  228  222
  220  215  211  206  206  203  198  193  186  188  190  193  190  205  221  237
  247  263  279  292  309  319  327  330  338  339  337  331  327  330  332  333
  335  341  347  350  363  365  366  364  388
    32.5-180.0 180.0   5.0 450.0                            LAT/LON1/LON2/DLON/H
  414  409  401  394  381  377  372  367  348  344  339  333  315  307  297  288
  266  264  261  258  253  254  254  254  265  263  260  257  250  246  243  238
  230  228  225  220  218  214  208  202  198  198  199  201  196  208  223  238
  246  262  278  292  309  322  331  337  343  347  347  344  340  346  350  353
  355  364  370  373  395  396  395  392  414
    30.0-180.0 180.0   5.0 450.0                            LAT/LON1/LON2/DLON/H
  453  442  431  420  407  399  391  383  373  368  362  354  338  325  310  294
  276  268  260  251  254  258  261  264  277  276  275  273  267  260  253  245
  246  240  234  227  227  223  218  211  208  206  204  201  200  206  215  224
  240  255  270  286  306  313  319  324  340  341  341  341  346  350  355  362
  360  372  383  393  410  418  423  426  453
    27.5-180.0 180.0   5.0 450.0                            LAT/LON1/LON2/DLON/H
  491  483  472  459  441  429  418  407  397  389  381  373  363  347  330  312
  289  279  269  260  263  267  270  275  293  291  289  286  276  268  259  250
  249  243  235  227  231  226  220  213  212  209  206  202  195  200  207  216
  230  246  263  280  298  309  318  325  339  344  347  348  355  363  371  379
  378  393  407  419  428  446  459  467  491
    25.0-180.0 180.0   5.0 450.0                            LAT/LON1/LON2/DLON/H
  533  528  520  508  488  473  459  445  432  422  411  402  391  373  353  334
  304  293  281  271  273  276  280  285  305  303  299  295  278  270  260  250
  246  238  230  221  226  221  215  208  208  204  199  195  185  189  195  202
  215  233  252  272  289  304  316  325  337  346  352  357  364  375  386  397
  395  413  429  442  449  473  493  506  533
    22.5-180.0 180.0   5.0 450.0                            LAT/LON1/LON2/DLON/H
  569  570  565  556  537  522  506  490  473  462  450  439  420  401  380  359
  322  309  296  284  284  287  292  296  308  306  302  296  272  263  253  241
  236  227  218  208  215  210  203  197  198  193  188  182  170  173  178  185
  199  218  239  261  280  298  314  326  336  348  358  366  373  389  403  416
  412  432  449  463  470  497  519  535  569
    20.0-180.0 180.0   5.0 450.0                            LAT/LON1/LON2/DLON/H
  597  603  603  598  578  566  552  535  510  497  482  465  443  423  400  376
  340  327  315  302  299  303  307  310  322  306  291  276  262  243  225  207
  204  199  193  187  185  183  180  176  169  163  158  153  145  146  149  154
  180  204  230  256  280  296  311  326  338  349  359  369  389  402  415  427
  439  458  476  492  491  515  537  555  597
    17.5-180.0 180.0   5.0 450.0                            LAT/LON1/LON2/DLON/H
  604  615  620  621  605  597  586  572  548  532  514  493  473  449  422  395
  362  345  329  313  315  314  314  314  315  297  280  263  241  223  205  189
  184  179  173  167  164  161  157  154  146  140  134  129  125  125  129  136
  167  193  221  250  282  298  315  332  351  363  374  386  406  420  433  446
  455  469  484  499  499  521  542  561  604
    15.0-180.0 180.0   5.0 450.0                            LAT/LON1/LON2/DLON/H
  597  612  621  627  617  614  607  596  578  561  541  518  495  469  440  411
  378  358  338  321  322  317  312  308  298  280  261  243  215  197  181  167
  163  157  151  146  145  141  137  134  127  119  113  107  106  108  113  121
  154  183  214  246  283  302  321  340  367  380  393  406  426  441  455  468
  473  484  495  506  507  525  542  558  597
    12.5-180.0 180.0   5.0 450.0                            LAT/LON1/LON2/DLON/H
  580  596  609  618  613  615  613  607  595  578  557  534  508  482  453  424
  390  368  347  327  324  315  306  298  275  256  236  218  187  171  157  145
  146  139  134  129  131  127  122  119  115  106   98   91   94   95  101  110
  144  174  208  242  285  306  327  348  383  399  414  428  446  462  476  489
  492  499  506  513  513  526  538  549  580
    10.0-180.0 180.0   5.0 450.0                            LAT/LON1/LON2/DLON/H
  564  581  594  602  597  604  608  609  585  573  556  537  506  481  449  414
  385  367  346  324  324  304  285  267  249  226  204  184  162  153  145  139
  136  131  127  124  111  108  105  102   95   90   86   84   81   83   88   96
  127  161  199  239  266  297  327  355  384  409  431  450  462  476  488  498
  511  518  524  530  532  540  548  556  564
     7.5-180.0 180.0   5.0 450.0                            LAT/LON1/LON2/DLON/H
  547  559  567  572  575  583  587  588  576  564  547  528  503  476  443  407
  382  362  340  317  309  288  267  249  223  201  181  165  149  142  136  133
  131  127  124  122  110  107  104  101   94   89   84   81   78   79   83   90
  122  155  192  232  265  295  325  354  390  416  439  458  479  494  506  515
  527  533  540  545  542  545  549  553  547
     5.0-180.0 180.0   5.0 450.0                            LAT/LON1/LON2/DLON/H
  543  549  551  551  555  561  565  565  559  547  532  513  490  462  429  394
  371  351  328  306  293  272  251  233  202  184  168  155  144  139  136  135
  133  130  128  127  113  110  106  103   95   90   85   81   76   77   80   86
  117  148  184  224  259  290  320  350  390  418  441  461  489  505  518  526
  536  545  552  558  554  554  554  554  543
     2.5-180.0 180.0   5.0 450.0                            LAT/LON1/LON2/DLON/H
  550  551  549  543  541  546  548  548  540  529  514  498  472  443  411  378
  356  334  313  291  275  254  235  217  190  175  163  154  148  145  144  145
  139  137  136  135  117  113  109  106   98   92   87   82   76   76   79   84
  112  142  177  216  252  284  316  346  385  413  438  459  489  506  520  529
  536  548  558  566  565  564  562  559  550
