o1pg1910.23i
     1.0            IONOSPHERE MAPS     GNSS                IONEX VERSION / TYPE
IONINX V4.3         AIUB                11-Jul-23 10:08     PGM / RUN BY / DATE 
406 1-DAY PREDICTED IONOSPHERE MAPS FOR DAY 191, 2023       COMMENT             
We use the deep learning algorithm, based on the global     DESCRIPTION         
ionospheric map provided by CODE and the final global       DESCRIPTION         
ionospheric map combined by IGS, and use our proposed       DESCRIPTION         
spatiotemporal network model to predict the global          DESCRIPTION         
ionospheric map of the next day.                            DESCRIPTION         
Contact address: wanghongyue@stu.cdut.edu.cn                DESCRIPTION         
  2023    07    10     0     0     0                        EPOCH OF FIRST MAP  
  2023    07    10    22     0     0                        EPOCH OF LAST MAP   
  7200                                                      INTERVAL            
    12                                                      # OF MAPS IN FILE   
  NONE                                                      MAPPING FUNCTION    
     0.0                                                    ELEVATION CUTOFF    
TEC prediction calculated as a spatiotemporal network model OBSERVABLES USED    
  6371.0                                                    BASE RADIUS         
     2                                                      MAP DIMENSION       
   450.0 450.0   0.0                                        HGT1 / HGT2 / DHGT  
    87.5 -87.5  -2.5                                        LAT1 / LAT2 / DLAT  
  -180.0 180.0   5.0                                        LON1 / LON2 / DLON  
    -1                                                      EXPONENT            
TEC values in 0.1 tec units;  9999, if no value available   COMMENT             
                                                            END OF HEADER       
     1                                                      START OF TEC MAP    
  2023    07    10     0     0     0                        EPOCH OF CURRENT MAP
    87.5-180.0 180.0   5.0 450.0                            LAT/LON1/LON2/DLON/H
  173  172  171  171  170  170  170  171  168  168  168  169  169  169  168  168
  167  167  167  167  165  164  164  163  160  159  158  157  155  155  154  153
  151  151  150  150  151  151  151  151  153  153  154  154  155  155  156  156
  156  157  157  158  156  157  158  159  156  157  158  159  158  159  160  161
  162  164  165  166  167  168  170  171  173
    85.0-180.0 180.0   5.0 450.0                            LAT/LON1/LON2/DLON/H
  173  172  173  173  172  173  174  175  174  174  175  176  175  175  174  174
  172  172  171  171  168  167  166  165  161  159  158  156  151  150  149  148
  144  144  143  143  143  144  144  144  146  147  148  149  151  152  152  154
  154  154  155  156  155  156  157  158  157  157  158  159  160  160  161  162
  163  165  166  166  168  169  170  171  173
    82.5-180.0 180.0   5.0 450.0                            LAT/LON1/LON2/DLON/H
  172  172  173  175  175  176  177  179  178  179  180  181  179  179  179  178
  176  175  175  174  171  169  168  166  160  158  156  153  147  146  144  142
  138  138  137  137  137  138  139  139  142  143  145  146  148  149  151  152
  152  153  154  156  156  157  158  159  159  159  160  161  163  163  164  164
  165  166  166  166  168  168  169  169  172
    80.0-180.0 180.0   5.0 450.0                            LAT/LON1/LON2/DLON/H
  175  175  175  175  180  182  184  185  183  186  188  188  189  189  189  187
  187  186  184  182  180  177  174  171  164  161  157  154  148  146  144  141
  138  138  137  138  136  138  140  142  142  145  148  150  151  154  157  160
  160  162  163  164  165  165  165  165  167  167  166  165  167  167  166  166
  168  167  166  164  167  168  170  171  175
    77.5-180.0 180.0   5.0 450.0                            LAT/LON1/LON2/DLON/H
  175  174  175  175  180  183  185  188  185  188  190  191  192  192  191  190
  189  188  186  183  181  178  174  171  163  160  156  152  146  144  142  140
  137  137  138  138  138  140  142  144  145  148  151  153  155  159  162  166
  166  168  170  172  172  173  173  174  177  177  177  177  178  178  177  177
  176  175  173  171  170  171  171  172  175
    75.0-180.0 180.0   5.0 450.0                            LAT/LON1/LON2/DLON/H
  176  176  176  177  180  183  186  189  187  190  192  194  195  194  193  191
  191  190  187  184  182  179  175  170  164  160  155  151  146  144  142  140
  139  139  140  140  142  143  145  146  149  151  154  157  160  164  167  171
  172  174  177  179  181  181  182  183  189  189  189  189  191  191  190  189
  188  186  183  180  177  176  176  175  176
    72.5-180.0 180.0   5.0 450.0                            LAT/LON1/LON2/DLON/H
  178  177  178  178  180  183  186  189  188  191  193  194  196  195  193  190
  192  190  186  182  183  179  174  169  164  160  155  150  147  145  143  141
  143  143  143  144  146  147  148  149  153  155  157  159  164  168  171  175
  177  180  182  185  187  188  189  190  198  199  199  199  203  202  201  199
  199  197  193  189  186  184  183  181  178
    70.0-180.0 180.0   5.0 450.0                            LAT/LON1/LON2/DLON/H
  183  181  180  178  179  182  185  187  190  193  196  198  198  197  195  193
  192  189  186  181  180  177  172  168  162  159  155  150  150  150  149  148
  150  152  153  154  152  153  153  152  153  154  156  158  161  166  171  176
  176  181  186  191  187  191  194  197  196  199  201  202  204  204  203  202
  201  199  196  193  192  191  188  184  183
    67.5-180.0 180.0   5.0 450.0                            LAT/LON1/LON2/DLON/H
  190  189  187  185  183  185  187  188  191  195  198  200  199  199  197  194
  192  190  186  183  181  178  175  171  166  162  158  153  154  154  153  152
  156  157  157  157  155  155  154  153  151  152  154  155  158  163  168  173
  175  180  185  190  189  193  197  200  201  204  207  209  211  212  212  211
  211  209  207  204  203  202  199  195  190
    65.0-180.0 180.0   5.0 450.0                            LAT/LON1/LON2/DLON/H
  199  197  194  192  188  188  189  189  193  197  199  200  200  200  199  196
  193  191  188  185  184  181  177  174  170  165  161  156  159  158  157  156
  161  162  161  160  158  156  154  151  148  149  150  152  155  159  164  169
  173  178  182  188  188  193  198  202  204  208  211  214  216  218  218  218
  218  217  216  213  212  211  208  204  199
    62.5-180.0 180.0   5.0 450.0                            LAT/LON1/LON2/DLON/H
  206  203  201  198  192  191  190  189  194  197  198  199  202  201  200  197
  195  192  189  187  187  184  181  178  174  170  165  161  164  164  162  161
  167  166  164  161  159  156  152  149  145  146  146  148  150  154  159  164
  168  173  178  184  185  191  197  202  203  209  214  218  217  220  221  222
  221  222  221  219  220  219  216  212  206
    60.0-180.0 180.0   5.0 450.0                            LAT/LON1/LON2/DLON/H
  218  216  213  209  201  199  196  194  197  199  200  202  201  201  200  199
  194  192  190  189  185  183  182  179  178  174  169  164  168  166  164  163
  168  165  161  157  154  149  145  140  134  134  135  135  138  141  145  149
  156  163  170  177  176  184  192  198  199  205  210  214  222  224  226  226
  229  230  229  228  226  227  227  224  218
    57.5-180.0 180.0   5.0 450.0                            LAT/LON1/LON2/DLON/H
  226  225  222  220  211  207  203  199  201  201  202  202  203  204  205  204
  199  198  197  196  193  192  190  188  186  182  178  174  178  176  173  170
  174  169  163  157  154  149  145  141  134  134  134  135  134  137  141  146
  153  161  168  177  178  186  194  202  203  209  213  217  224  226  226  226
  229  229  229  227  227  229  229  227  226
    55.0-180.0 180.0   5.0 450.0                            LAT/LON1/LON2/DLON/H
  236  236  235  233  225  219  213  208  207  206  205  204  206  208  209  209
  206  206  205  204  202  201  199  198  194  192  189  185  190  187  183  178
  181  174  166  159  156  151  147  144  136  136  137  138  133  136  140  145
  152  160  169  178  182  191  199  207  209  214  219  222  227  228  228  227
  230  230  230  228  230  232  232  232  236
    52.5-180.0 180.0   5.0 450.0                            LAT/LON1/LON2/DLON/H
  247  248  248  246  240  234  226  219  214  212  210  207  210  212  213  214
  213  213  213  212  212  210  209  207  204  202  200  196  201  197  192  187
  187  178  169  160  159  155  151  148  139  139  140  141  134  137  141  146
  152  161  170  180  186  196  206  214  214  220  225  229  230  231  230  229
  231  232  232  230  234  236  237  237  247
    50.0-180.0 180.0   5.0 450.0                            LAT/LON1/LON2/DLON/H
  260  263  266  267  258  251  243  235  229  224  220  215  214  215  217  217
  217  219  221  222  223  223  222  221  215  214  212  209  204  200  195  190
  184  177  169  162  157  154  151  149  146  145  143  141  137  136  137  138
  138  148  158  169  183  195  207  218  217  223  227  229  230  230  229  227
  228  229  228  227  234  237  241  243  260
    47.5-180.0 180.0   5.0 450.0                            LAT/LON1/LON2/DLON/H
  271  275  278  280  274  269  261  253  246  240  233  226  223  223  223  223
  224  226  227  228  228  228  228  227  223  222  219  216  213  208  201  194
  190  183  176  168  166  164  161  158  154  152  150  147  141  141  141  142
  142  151  162  174  190  202  213  224  227  231  234  236  237  237  235  233
  233  234  234  233  238  241  245  248  271
    45.0-180.0 180.0   5.0 450.0                            LAT/LON1/LON2/DLON/H
  280  284  288  292  289  285  279  272  264  256  248  239  234  233  232  230
  232  233  234  235  236  236  236  235  233  231  228  224  220  214  206  197
  193  188  182  176  175  174  171  169  164  161  158  155  147  147  148  149
  146  155  166  178  195  207  218  229  234  238  240  242  242  242  241  239
  240  241  242  242  245  249  253  256  280
    42.5-180.0 180.0   5.0 450.0                            LAT/LON1/LON2/DLON/H
  286  291  296  300  300  298  294  289  280  273  264  255  246  244  242  240
  241  242  243  244  245  246  246  245  242  240  236  231  224  217  208  199
  195  191  186  182  184  183  182  180  173  170  167  163  154  155  156  158
  152  162  173  185  199  211  223  234  239  243  246  248  246  247  248  247
  247  250  251  252  256  260  263  265  286
    40.0-180.0 180.0   5.0 450.0                            LAT/LON1/LON2/DLON/H
  296  303  310  317  311  314  316  315  307  298  289  279  258  257  255  252
  251  254  256  257  259  259  258  254  248  246  242  236  228  222  215  208
  207  204  201  199  199  196  193  190  187  183  179  174  166  164  163  161
  153  161  169  178  194  208  221  234  249  255  260  262  254  255  256  254
  256  260  264  266  271  275  278  282  296
    37.5-180.0 180.0   5.0 450.0                            LAT/LON1/LON2/DLON/H
  311  314  319  323  325  328  329  331  325  318  310  302  279  276  273  268
  266  269  270  269  272  271  269  265  257  253  248  242  233  228  221  215
  216  215  213  211  213  211  208  203  200  196  191  186  176  173  170  168
  157  164  171  178  194  210  225  238  253  262  267  270  261  264  265  263
  268  273  277  279  285  290  294  297  311
    35.0-180.0 180.0   5.0 450.0                            LAT/LON1/LON2/DLON/H
  326  328  330  333  336  339  341  343  341  336  331  324  301  297  293  287
  282  284  284  283  284  283  279  274  265  260  254  247  237  232  228  223
  223  224  224  223  226  224  220  215  212  208  203  197  185  181  177  173
  159  164  171  177  191  207  223  237  255  264  272  275  266  270  272  271
  277  283  288  290  300  306  310  312  326
    32.5-180.0 180.0   5.0 450.0                            LAT/LON1/LON2/DLON/H
  344  346  347  348  347  351  354  357  354  352  349  345  323  320  314  308
  299  300  300  298  295  293  289  283  272  266  260  252  240  237  234  231
  227  230  232  233  235  233  229  224  223  218  213  206  193  187  182  177
  158  163  167  172  186  203  218  232  253  265  273  278  268  274  278  279
  285  293  298  301  318  324  327  329  344
    30.0-180.0 180.0   5.0 450.0                            LAT/LON1/LON2/DLON/H
  362  367  371  376  371  375  380  383  374  373  371  368  354  346  337  327
  327  323  319  312  304  302  298  291  279  271  263  254  254  247  240  235
  241  240  238  237  244  243  242  239  238  233  226  218  201  191  180  168
  163  160  159  159  177  192  209  225  247  253  258  262  272  274  275  276
  281  292  301  309  325  335  342  348  362
    27.5-180.0 180.0   5.0 450.0                            LAT/LON1/LON2/DLON/H
  381  388  393  396  394  397  401  405  400  399  398  395  384  375  364  353
  348  341  334  325  314  310  305  299  287  279  269  260  257  250  243  236
  241  239  236  233  241  241  239  237  238  233  226  219  198  186  175  163
  151  148  147  148  166  182  200  217  240  249  256  262  267  272  275  278
  282  295  307  317  331  347  361  371  381
    25.0-180.0 180.0   5.0 450.0                            LAT/LON1/LON2/DLON/H
  401  410  416  419  419  423  427  430  430  430  427  424  416  406  395  382
  370  361  350  339  323  317  310  304  291  282  273  263  256  248  241  233
  234  231  227  224  229  229  228  227  229  224  218  211  188  177  165  153
  137  134  134  136  153  169  187  206  229  240  250  258  260  267  274  280
  285  300  313  325  339  360  378  392  401
    22.5-180.0 180.0   5.0 450.0                            LAT/LON1/LON2/DLON/H
  417  428  437  442  444  448  452  455  461  460  458  454  447  437  425  411
  392  380  367  352  333  325  317  309  289  280  270  260  248  240  233  225
  222  218  213  209  213  213  213  213  215  210  204  198  174  163  152  141
  122  120  121  123  139  156  174  194  213  227  239  250  253  264  274  283
  290  306  320  333  348  371  392  408  417
    20.0-180.0 180.0   5.0 450.0                            LAT/LON1/LON2/DLON/H
  426  438  448  455  455  463  469  473  480  482  483  481  477  465  450  436
  417  399  380  359  346  332  318  304  294  277  261  247  238  223  209  197
  192  187  183  180  186  186  186  186  180  178  175  171  156  146  136  126
  110  106  103  100  113  133  157  182  209  224  239  253  259  269  279  289
  302  316  331  343  361  379  397  413  426
    17.5-180.0 180.0   5.0 450.0                            LAT/LON1/LON2/DLON/H
  433  447  458  467  468  478  485  491  499  503  505  504  501  491  477  462
  446  425  402  378  361  342  324  306  293  272  252  234  224  207  193  180
  175  170  165  162  165  164  164  164  158  155  152  149  139  130  121  112
   99   95   93   91  105  125  150  177  206  222  238  254  268  280  291  302
  319  332  345  357  372  388  404  418  433
    15.0-180.0 180.0   5.0 450.0                            LAT/LON1/LON2/DLON/H
  435  450  463  474  472  484  493  500  510  516  519  519  519  511  500  485
  473  450  424  398  374  352  329  308  289  265  242  220  209  192  176  164
  162  156  151  148  150  148  147  147  140  137  133  130  124  115  107  101
   90   87   85   84   99  119  143  171  203  220  238  255  276  290  304  316
  337  349  361  371  383  396  407  418  435
    12.5-180.0 180.0   5.0 450.0                            LAT/LON1/LON2/DLON/H
  435  451  465  477  470  483  494  502  512  518  522  524  530  525  515  503
  494  469  442  415  383  358  332  308  281  255  229  206  195  177  162  149
  153  147  142  139  143  140  139  138  130  125  121  117  113  105   98   93
   84   80   78   77   94  114  138  164  198  217  236  255  281  298  314  329
  353  365  376  385  392  401  409  416  435
    10.0-180.0 180.0   5.0 450.0                            LAT/LON1/LON2/DLON/H
  450  460  468  472  476  485  493  499  518  525  530  532  533  533  529  522
  499  478  452  423  396  363  330  296  271  243  217  193  169  158  150  146
  150  146  143  142  142  139  136  133  124  120  116  113  103   98   94   90
   80   75   72   71   79  102  131  164  191  219  248  276  284  307  328  347
  362  375  387  398  411  416  422  429  450
     7.5-180.0 180.0   5.0 450.0                            LAT/LON1/LON2/DLON/H
  459  467  473  476  474  481  485  489  508  513  517  518  524  525  522  515
  501  480  454  425  390  356  321  286  257  230  205  183  166  158  153  152
  156  153  151  151  150  146  142  138  127  122  117  112  104   97   91   86
   76   71   67   64   70   92  121  155  186  214  242  270  286  310  331  351
  370  385  399  409  421  426  431  435  459
     5.0-180.0 180.0   5.0 450.0                            LAT/LON1/LON2/DLON/H
  472  479  482  483  475  478  479  480  495  499  501  501  508  510  508  502
  491  471  447  418  376  342  307  273  243  218  196  178  167  162  161  163
  167  164  163  164  161  156  150  145  132  125  119  113  104   96   89   82
   73   66   62   58   60   82  111  146  179  206  235  263  283  309  333  354
  371  391  407  419  431  435  439  441  472
     2.5-180.0 180.0   5.0 450.0                            LAT/LON1/LON2/DLON/H
  486  492  495  494  479  480  478  476  485  487  487  487  490  492  491  486
  473  454  431  406  352  320  287  256  230  209  191  176  171  170  173  178
  178  177  177  178  170  164  158  151  136  129  122  115  105   96   88   81
   69   62   56   53   52   74  103  137  169  197  226  255  275  303  329  352
  366  389  409  424  437  443  447  449  486
