o1pg2060-20230726.23i
     1.0            IONOSPHERE MAPS     GNSS                IONEX VERSION / TYPE
IONINX V4.3         AIUB                01-Aug-23 09:17     PGM / RUN BY / DATE 
406 1-DAY PREDICTED IONOSPHERE MAPS FOR DAY 206, 2023       COMMENT             
We use the deep learning algorithm, based on the global     DESCRIPTION         
ionospheric map provided by CODE and the final global       DESCRIPTION         
ionospheric map combined by IGS, and use our proposed       DESCRIPTION         
spatiotemporal network model to predict the global          DESCRIPTION         
ionospheric map of the next day.                            DESCRIPTION         
Contact address: wanghongyue@stu.cdut.edu.cn                DESCRIPTION         
  2023    07    25     0     0     0                        EPOCH OF FIRST MAP  
  2023    07    25    22     0     0                        EPOCH OF LAST MAP   
  7200                                                      INTERVAL            
    12                                                      # OF MAPS IN FILE   
  NONE                                                      MAPPING FUNCTION    
     0.0                                                    ELEVATION CUTOFF    
TEC prediction calculated as a spatiotemporal network model OBSERVABLES USED    
  6371.0                                                    BASE RADIUS         
     2                                                      MAP DIMENSION       
   450.0 450.0   0.0                                        HGT1 / HGT2 / DHGT  
    87.5 -87.5  -2.5                                        LAT1 / LAT2 / DLAT  
  -180.0 180.0   5.0                                        LON1 / LON2 / DLON  
    -1                                                      EXPONENT            
TEC values in 0.1 tec units;  9999, if no value available   COMMENT             
                                                            END OF HEADER       
[from data line 4719]
    12                                                      START OF TEC MAP    
  2023    07    25    22     0     0                        EPOCH OF CURRENT MAP
    87.5-180.0 180.0   5.0 450.0                            LAT/LON1/LON2/DLON/H
  181  180  180  181  181  181  182  184  182  182  182  182  185  185  184  184
  187  187  187  186  188  187  186  185  185  183  181  179  179  178  177  175
  174  173  172  171  172  172  172  171  174  174  174  174  177  177  177  178
  177  177  177  178  176  176  176  176  172  172  171  172  169  170  171  172
  168  170  170  171  168  169  169  170  181
    85.0-180.0 180.0   5.0 450.0                            LAT/LON1/LON2/DLON/H
  182  182  183  184  184  186  187  189  188  188  189  190  192  192  192  192
  194  194  194  193  194  193  192  190  189  187  185  182  180  178  176  173
  171  169  168  166  166  166  165  165  166  167  167  167  170  170  171  171
  172  172  173  173  173  173  172  172  169  169  169  169  168  168  169  170
  168  169  169  169  167  168  168  168  182
    82.5-180.0 180.0   5.0 450.0                            LAT/LON1/LON2/DLON/H
  181  183  184  186  187  189  191  193  192  194  195  196  198  198  198  198
  200  200  200  199  199  198  196  194  192  190  186  183  180  177  174  171
  168  166  164  162  161  160  160  160  160  161  161  162  163  164  165  167
  167  168  169  170  170  170  170  171  168  168  168  168  167  167  168  168
  167  167  167  167  166  166  166  166  181
    80.0-180.0 180.0   5.0 450.0                            LAT/LON1/LON2/DLON/H
  180  181  181  182  187  190  193  197  197  201  203  205  204  205  205  205
  208  208  208  207  208  206  203  201  197  194  190  186  182  179  176  173
  170  168  167  166  163  164  164  165  160  162  164  165  163  166  168  170
  171  172  174  176  175  176  176  176  174  174  174  174  172  173  174  174
  175  174  173  172  168  169  169  170  180
    77.5-180.0 180.0   5.0 450.0                            LAT/LON1/LON2/DLON/H
  181  181  182  183  186  190  194  198  198  202  205  208  208  209  210  209
  212  212  212  211  210  208  205  202  197  194  189  185  180  177  174  172
  169  168  167  166  164  164  164  164  161  162  163  164  163  165  167  169
  169  171  173  175  175  175  176  177  177  178  178  179  177  178  178  179
  178  177  176  175  169  170  170  171  181
    75.0-180.0 180.0   5.0 450.0                            LAT/LON1/LON2/DLON/H
  185  185  186  187  189  193  197  200  201  205  209  211  213  214  214  214
  216  217  216  214  213  211  208  203  199  194  190  185  181  178  175  173
  171  170  169  168  167  167  166  165  163  163  163  164  164  165  167  168
  169  171  173  175  174  175  176  178  180  181  182  183  182  183  183  184
  183  182  181  180  173  174  174  175  185
    72.5-180.0 180.0   5.0 450.0                            LAT/LON1/LON2/DLON/H
  190  191  191  192  192  196  200  203  204  208  211  213  216  217  217  216
  219  219  218  215  215  212  208  203  199  195  190  184  182  179  177  174
  174  174  173  172  171  170  169  168  165  165  165  164  164  165  167  168
  168  169  171  174  172  173  175  176  181  183  184  185  186  186  187  186
  188  187  186  184  179  180  180  180  190
    70.0-180.0 180.0   5.0 450.0                            LAT/LON1/LON2/DLON/H
  199  200  200  199  198  202  206  209  207  213  217  220  220  221  221  220
  221  219  216  213  212  209  205  200  196  192  187  182  177  175  174  172
  172  173  174  173  172  172  170  168  164  163  161  159  158  159  158  158
  161  163  165  167  165  169  172  176  177  180  183  186  189  190  191  192
  195  195  194  194  189  191  192  191  199
    67.5-180.0 180.0   5.0 450.0                            LAT/LON1/LON2/DLON/H
  210  210  210  209  207  210  213  215  214  219  223  225  224  226  225  224
  223  222  219  215  215  212  208  203  199  194  189  183  177  176  175  173
  175  176  175  174  174  172  169  165  160  159  156  153  153  152  152  151
  155  156  157  159  159  162  165  169  173  177  180  184  189  192  194  196
  199  200  201  201  197  200  202  202  210
    65.0-180.0 180.0   5.0 450.0                            LAT/LON1/LON2/DLON/H
  219  220  219  219  216  218  220  221  220  224  228  230  230  231  230  228
  227  225  222  219  219  216  212  208  203  198  193  187  182  180  178  176
  180  179  177  174  175  172  167  162  157  154  151  148  147  146  145  144
  148  148  149  150  150  153  157  161  166  170  175  180  186  190  194  198
  200  203  205  206  204  207  210  211  219
    62.5-180.0 180.0   5.0 450.0                            LAT/LON1/LON2/DLON/H
  227  227  226  225  224  224  225  225  225  228  230  232  235  235  234  231
  231  229  226  222  223  220  216  212  208  203  198  192  188  186  184  181
  185  183  180  176  177  171  165  159  154  150  147  144  142  140  138  138
  141  141  141  142  142  145  149  154  158  164  170  176  181  187  193  198
  200  204  207  210  209  213  216  218  227
    60.0-180.0 180.0   5.0 450.0                            LAT/LON1/LON2/DLON/H
  233  236  238  238  230  230  230  230  229  232  235  239  244  242  240  238
  242  239  235  233  234  231  228  225  224  217  211  206  202  199  196  194
  195  191  186  182  176  170  164  158  147  143  139  136  130  127  124  122
  124  123  122  122  129  133  138  143  151  159  166  174  179  186  192  198
  199  204  209  212  212  219  225  229  233
    57.5-180.0 180.0   5.0 450.0                            LAT/LON1/LON2/DLON/H
  238  241  243  244  238  236  234  233  232  234  236  239  244  244  243  241
  244  242  239  237  241  239  236  234  232  228  224  220  216  214  210  207
  206  200  193  185  179  172  166  160  148  144  139  136  128  124  121  119
  119  118  118  119  126  130  136  142  151  159  167  175  180  186  193  199
  201  206  210  214  213  221  227  232  238
    55.0-180.0 180.0   5.0 450.0                            LAT/LON1/LON2/DLON/H
  244  248  250  251  248  245  242  239  237  238  239  240  244  245  245  244
  247  246  244  243  247  246  245  244  242  240  238  235  233  230  227  222
  219  210  200  189  183  177  170  164  151  147  142  138  128  124  121  118
  115  115  116  117  125  130  136  142  152  160  169  177  182  189  195  201
  204  209  214  217  216  224  230  235  244
    52.5-180.0 180.0   5.0 450.0                            LAT/LON1/LON2/DLON/H
  250  255  257  258  260  256  252  248  243  243  243  242  244  246  246  246
  250  250  249  248  253  253  253  253  252  253  253  251  249  246  242  236
  229  218  205  192  188  182  175  170  154  150  145  141  129  125  122  119
  115  115  116  119  126  132  138  145  155  164  172  181  186  193  199  205
  208  214  218  221  221  228  234  239  250
    50.0-180.0 180.0   5.0 450.0                            LAT/LON1/LON2/DLON/H
  257  264  269  274  272  270  268  266  259  255  251  247  249  248  246  244
  249  248  247  246  257  258  260  262  260  263  265  267  260  259  256  252
  240  230  217  204  191  186  179  173  164  159  154  150  140  135  130  127
  121  119  119  120  125  129  135  143  152  162  172  183  196  204  211  218
  224  227  231  234  228  235  241  246  257
    47.5-180.0 180.0   5.0 450.0                            LAT/LON1/LON2/DLON/H
  267  273  279  285  287  287  285  283  278  271  264  258  257  254  251  248
  252  251  249  248  257  259  262  265  266  269  271  272  271  267  261  254
  244  233  220  206  197  191  184  177  169  164  159  153  143  138  134  131
  125  123  123  124  128  132  138  145  158  167  178  189  204  212  219  227
  232  236  240  243  239  245  251  256  267
    45.0-180.0 180.0   5.0 450.0                            LAT/LON1/LON2/DLON/H
  275  282  289  295  301  302  303  302  297  290  282  273  267  264  260  255
  257  255  254  253  260  263  267  271  274  277  279  280  279  273  265  254
  245  234  222  209  202  196  189  182  176  170  164  158  150  145  142  139
  131  129  128  129  129  133  139  147  161  171  181  193  211  219  227  235
  242  247  251  254  251  257  263  268  275
    42.5-180.0 180.0   5.0 450.0                            LAT/LON1/LON2/DLON/H
  280  288  295  302  312  315  317  318  315  308  300  291  280  276  271  266
  263  262  261  261  266  270  275  280  282  286  288  288  283  276  265  253
  242  233  222  211  205  200  194  188  181  176  170  163  158  154  151  149
  139  137  136  136  131  135  141  148  163  172  183  195  216  226  235  244
  252  258  263  267  265  271  276  280  280
    40.0-180.0 180.0   5.0 450.0                            LAT/LON1/LON2/DLON/H
  294  301  309  316  324  331  337  342  340  333  325  318  305  297  288  279
  271  268  265  262  276  280  285  290  295  297  298  297  290  280  269  257
  250  241  232  223  216  210  204  198  195  189  183  178  172  168  165  161
  154  149  144  139  137  138  140  143  157  173  192  210  223  236  249  262
  260  268  275  281  276  283  289  294  294
    37.5-180.0 180.0   5.0 450.0                            LAT/LON1/LON2/DLON/H
  308  312  318  324  334  341  348  355  357  352  347  342  328  319  309  299
  289  285  282  278  291  296  301  306  309  309  309  308  295  285  274  264
  257  250  242  234  229  224  218  211  210  204  199  193  189  184  179  175
  166  160  154  147  142  143  145  147  160  176  195  214  229  243  256  269
  270  279  286  292  291  299  305  308  308
    35.0-180.0 180.0   5.0 450.0                            LAT/LON1/LON2/DLON/H
  322  326  329  334  342  350  358  367  370  370  368  365  352  344  334  323
  309  306  302  298  308  314  319  323  324  324  323  321  302  294  285  276
  265  261  256  250  243  239  233  226  228  223  218  213  207  201  195  189
  178  171  163  154  147  148  149  151  161  177  195  214  232  247  261  273
  279  289  297  303  304  312  318  321  322
    32.5-180.0 180.0   5.0 450.0                            LAT/LON1/LON2/DLON/H
  338  342  346  349  352  361  370  380  383  386  387  388  378  370  361  351
  331  328  325  321  327  333  338  341  340  339  338  336  311  305  299  292
  275  274  271  267  257  254  249  242  247  243  238  232  223  217  210  202
  188  179  170  159  151  151  152  153  161  177  194  212  235  250  265  278
  287  299  308  315  320  327  332  334  338
    30.0-180.0 180.0   5.0 450.0                            LAT/LON1/LON2/DLON/H
  351  359  366  373  367  377  388  398  398  409  417  424  407  400  391  381
  361  356  349  342  346  352  357  360  362  358  353  347  336  323  310  297
  292  285  277  270  271  268  265  261  259  256  253  249  232  225  217  208
  192  185  176  167  161  160  158  157  166  178  189  202  238  250  261  272
  293  304  313  320  330  339  346  352  351
    27.5-180.0 180.0   5.0 450.0                            LAT/LON1/LON2/DLON/H
  366  376  384  391  387  397  407  417  422  433  443  452  439  432  424  414
  395  386  377  367  368  371  373  375  379  374  368  362  348  335  321  308
  303  294  285  276  279  276  273  270  270  267  263  259  241  233  223  213
  195  187  178  169  162  160  159  157  164  175  186  198  235  250  263  275
  292  305  316  324  328  344  357  365  366
    25.0-180.0 180.0   5.0 450.0                            LAT/LON1/LON2/DLON/H
  381  394  404  412  411  421  431  441  449  460  470  480  474  468  460  450
  432  422  409  397  392  392  391  391  392  387  381  374  352  339  327  314
  305  295  284  273  275  273  270  267  269  266  263  259  242  233  222  211
  193  185  176  167  160  158  155  153  157  167  179  191  226  243  258  273
  287  303  316  326  326  346  364  376  381
    22.5-180.0 180.0   5.0 450.0                            LAT/LON1/LON2/DLON/H
  394  410  422  432  436  446  456  465  479  489  498  506  510  504  496  486
  471  458  444  428  417  413  411  408  400  395  388  381  347  336  324  312
  298  286  274  263  264  262  260  258  260  257  254  250  235  225  214  202
  188  180  171  162  156  153  149  146  147  157  168  180  212  231  249  267
  280  298  313  325  324  347  367  383  394
    20.0-180.0 180.0   5.0 450.0                            LAT/LON1/LON2/DLON/H
  396  412  426  438  446  459  470  479  495  508  520  529  540  537  532  527
  502  488  471  454  449  439  429  419  415  400  386  373  351  333  317  301
  285  271  258  246  237  234  231  230  230  230  230  230  212  205  196  188
  166  160  153  145  135  133  131  129  121  131  143  157  192  218  244  271
  285  299  312  324  331  351  370  388  396
    17.5-180.0 180.0   5.0 450.0                            LAT/LON1/LON2/DLON/H
  401  418  433  447  456  470  483  493  511  526  539  550  562  565  564  560
  541  524  505  485  474  458  442  428  415  396  378  361  339  317  298  279
  263  248  234  223  210  206  204  204  203  202  203  204  192  184  177  171
  152  146  138  131  126  123  121  119  112  122  134  147  184  211  239  267
  285  300  314  326  337  357  376  393  401
    15.0-180.0 180.0   5.0 450.0                            LAT/LON1/LON2/DLON/H
  401  419  436  451  459  474  487  499  519  535  550  561  576  584  588  586
  574  556  536  514  499  478  457  438  414  391  369  349  324  299  277  257
  244  228  214  204  191  187  185  186  181  180  180  182  172  166  160  156
  138  131  124  117  118  114  111  109  104  113  125  138  174  202  231  260
  286  302  317  331  345  365  382  398  401
    12.5-180.0 180.0   5.0 450.0                            LAT/LON1/LON2/DLON/H
  403  421  438  453  458  473  487  499  519  535  550  562  582  594  601  603
  597  581  560  538  518  494  470  448  409  384  360  337  308  281  257  236
  230  214  201  191  182  178  177  178  169  167  167  168  156  151  147  145
  127  120  113  106  112  107  103  100   97  105  116  129  163  192  222  253
  284  303  320  335  354  372  389  403  403
    10.0-180.0 180.0   5.0 450.0                            LAT/LON1/LON2/DLON/H
  430  440  449  456  472  483  493  502  521  537  552  564  585  600  611  617
  612  599  580  559  530  505  477  450  416  384  353  322  290  270  253  238
  231  217  206  199  187  181  177  176  168  164  160  158  153  146  140  135
  122  114  107  100   97   93   92   92   91   96  104  114  150  183  219  256
  275  299  322  343  357  376  396  416  430
     7.5-180.0 180.0   5.0 450.0                            LAT/LON1/LON2/DLON/H
  442  452  460  467  472  481  489  497  513  527  540  552  577  593  606  614
  616  606  590  570  540  514  487  459  422  389  355  323  292  272  256  244
  235  224  217  213  204  199  195  193  184  177  171  165  159  150  142  133
  120  111  102   94   91   88   87   87   84   89   97  107  144  177  213  251
  279  305  328  350  374  395  414  431  442
     5.0-180.0 180.0   5.0 450.0                            LAT/LON1/LON2/DLON/H
  459  468  476  483  481  487  493  498  507  518  528  539  564  580  592  602
  605  597  585  568  540  516  491  464  429  395  362  331  301  284  271  261
  252  246  243  243  231  227  223  220  205  196  186  177  166  155  144  133
  119  109   99   90   86   83   82   82   77   82   90  100  137  170  207  245
  280  308  334  357  392  413  432  448  459
     2.5-180.0 180.0   5.0 450.0                            LAT/LON1/LON2/DLON/H
  478  488  497  503  497  501  505  508  506  514  523  530  548  562  574  583
  584  579  569  557  531  510  488  465  433  402  371  342  315  302  293  285
  277  275  276  279  261  257  253  249  225  214  201  188  172  159  146  133
  117  106   96   87   82   80   79   80   71   76   83   93  128  162  199  238
  275  307  335  361  406  428  447  462  478
