o1pg2100-20230730.23i
     1.0            IONOSPHERE MAPS     GNSS                IONEX VERSION / TYPE
IONINX V4.3         AIUB                01-Aug-23 09:22     PGM / RUN BY / DATE 
406 1-DAY PREDICTED IONOSPHERE MAPS FOR DAY 210, 2023       COMMENT             
We use the deep learning algorithm, based on the global     DESCRIPTION         
ionospheric map provided by CODE and the final global       DESCRIPTION         
ionospheric map combined by IGS, and use our proposed       DESCRIPTION         
spatiotemporal network model to predict the global          DESCRIPTION         
ionospheric map of the next day.                            DESCRIPTION         
Contact address: wanghongyue@stu.cdut.edu.cn                DESCRIPTION         
  2023    07    29     0     0     0                        EPOCH OF FIRST MAP  
  2023    07    29    22     0     0                        EPOCH OF LAST MAP   
  7200                                                      INTERVAL            
    12                                                      # OF MAPS IN FILE   
  NONE                                                      MAPPING FUNCTION    
     0.0                                                    ELEVATION CUTOFF    
TEC prediction calculated as a spatiotemporal network model OBSERVABLES USED    
  6371.0                                                    BASE RADIUS         
     2                                                      MAP DIMENSION       
   450.0 450.0   0.0                                        HGT1 / HGT2 / DHGT  
    87.5 -87.5  -2.5                                        LAT1 / LAT2 / DLAT  
  -180.0 180.0   5.0                                        LON1 / LON2 / DLON  
    -1                                                      EXPONENT            
TEC values in 0.1 tec units;  9999, if no value available   COMMENT             
                                                            END OF HEADER       
[from data line 3861]
    10                                                      START OF TEC MAP    
  2023    07    29    18     0     0                        EPOCH OF CURRENT MAP
    87.5-180.0 180.0   5.0 450.0                            LAT/LON1/LON2/DLON/H
  185  185  186  187  184  185  187  188  188  189  190  191  189  189  189  190
  190  190  190  191  190  190  189  189  190  189  188  187  189  188  187  186
  188  187  186  185  185  185  184  184  184  184  184  184  185  186  186  186
  189  189  190  190  192  192  192  192  189  190  190  190  187  188  188  189
  188  189  189  188  189  190  190  191  185
    85.0-180.0 180.0   5.0 450.0                            LAT/LON1/LON2/DLON/H
  182  183  185  186  185  187  189  191  192  193  194  196  195  196  196  197
  198  198  198  198  197  196  195  194  195  193  191  190  190  189  187  185
  185  184  183  181  181  180  179  178  178  177  177  177  178  178  179  179
  182  182  183  183  186  186  186  186  185  185  186  186  183  183  184  185
  183  184  184  184  185  186  187  188  182
    82.5-180.0 180.0   5.0 450.0                            LAT/LON1/LON2/DLON/H
  178  180  182  185  184  186  188  191  193  194  196  198  200  201  201  202
  204  205  205  204  202  201  200  198  198  196  193  191  190  188  186  183
  183  181  179  177  176  175  174  172  172  172  172  172  171  172  173  173
  175  176  177  177  181  181  181  181  182  182  182  183  178  179  180  181
  177  178  178  178  178  179  181  182  178
    80.0-180.0 180.0   5.0 450.0                            LAT/LON1/LON2/DLON/H
  173  173  173  174  175  178  182  185  189  193  197  200  198  201  203  205
  205  206  206  206  207  205  202  200  201  197  194  191  194  191  188  186
  185  182  180  179  176  175  175  174  170  171  171  172  167  169  171  173
  171  173  175  177  175  176  178  178  180  180  180  180  181  181  180  180
  178  177  176  176  169  169  170  172  173
    77.5-180.0 180.0   5.0 450.0                            LAT/LON1/LON2/DLON/H
  172  172  172  173  173  176  179  182  187  191  195  198  197  200  203  206
  206  207  209  209  208  207  205  203  202  199  196  192  193  191  188  185
  184  182  180  179  176  176  175  174  170  171  171  172  168  170  172  173
  171  173  175  177  175  176  177  178  179  179  179  179  179  178  178  177
  175  174  173  172  168  168  168  169  172
    75.0-180.0 180.0   5.0 450.0                            LAT/LON1/LON2/DLON/H
  175  175  176  177  175  177  180  182  185  190  193  196  197  200  203  206
  207  210  211  212  211  211  209  207  206  203  199  194  195  193  190  187
  185  184  183  181  179  178  177  176  173  173  173  173  171  172  174  175
  173  174  176  177  175  175  176  176  177  177  177  176  176  176  175  175
  173  172  171  170  168  168  168  169  175
    72.5-180.0 180.0   5.0 450.0                            LAT/LON1/LON2/DLON/H
  180  181  181  182  179  181  183  184  185  188  191  194  195  198  201  203
  207  210  211  212  214  213  212  209  209  206  202  197  198  195  192  189
  189  188  187  185  184  183  181  179  177  177  176  175  174  175  175  176
  175  175  175  176  174  174  173  173  174  173  172  172  172  172  172  171
  173  172  171  170  172  171  171  171  180
    70.0-180.0 180.0   5.0 450.0                            LAT/LON1/LON2/DLON/H
  188  190  191  191  187  188  189  190  191  194  195  196  198  202  205  208
  210  214  217  219  220  220  219  217  216  212  208  202  197  194  192  190
  189  189  189  188  188  186  184  182  181  180  179  178  176  177  177  176
  175  175  174  173  166  166  166  165  160  160  161  161  164  165  167  168
  172  175  177  178  182  185  187  188  188
    67.5-180.0 180.0   5.0 450.0                            LAT/LON1/LON2/DLON/H
  196  198  200  201  198  198  199  199  199  201  202  203  203  207  210  213
  214  218  221  224  225  225  224  222  220  216  211  206  199  198  196  193
  195  195  195  193  194  192  190  186  184  184  182  180  179  178  177  175
  175  173  170  167  161  159  158  156  151  151  151  152  156  158  160  163
  169  173  176  178  184  188  191  192  196
    65.0-180.0 180.0   5.0 450.0                            LAT/LON1/LON2/DLON/H
  202  205  207  209  209  209  209  208  207  209  210  210  211  214  216  218
  220  223  226  229  230  230  229  228  224  220  215  209  204  203  201  199
  202  202  201  199  200  198  195  191  189  188  185  183  182  180  177  174
  174  170  165  159  154  151  148  145  140  140  140  141  145  148  152  156
  163  167  172  175  182  187  191  193  202
    62.5-180.0 180.0   5.0 450.0                            LAT/LON1/LON2/DLON/H
  205  208  211  213  217  217  217  216  214  215  215  215  219  220  222  222
  225  228  230  232  233  234  233  231  227  223  218  213  209  209  207  205
  208  208  207  205  205  202  199  195  193  191  189  186  184  181  177  172
  172  166  159  152  147  143  138  135  131  130  131  133  134  138  143  149
  156  161  167  172  181  186  190  193  205
    60.0-180.0 180.0   5.0 450.0                            LAT/LON1/LON2/DLON/H
  209  217  224  231  223  223  223  223  223  224  224  224  227  229  229  229
  232  234  236  238  237  237  237  236  232  228  224  220  215  214  213  213
  214  213  212  211  211  208  204  201  203  200  197  193  193  188  182  175
  171  165  158  150  140  136  132  128  123  122  122  122  127  130  133  136
  142  149  155  162  172  181  190  196  209
    57.5-180.0 180.0   5.0 450.0                            LAT/LON1/LON2/DLON/H
  207  215  223  231  227  227  228  228  228  228  228  227  230  232  233  233
  234  236  238  239  238  238  238  237  233  231  229  227  222  223  223  223
  224  223  221  219  219  216  214  212  212  209  206  202  199  193  186  178
  172  165  157  149  140  135  131  127  122  121  121  121  124  125  128  130
  133  139  146  152  161  171  181  190  207
    55.0-180.0 180.0   5.0 450.0                            LAT/LON1/LON2/DLON/H
  204  214  223  230  234  234  234  234  232  232  231  230  232  234  235  235
  237  238  239  240  238  238  238  238  235  236  236  235  231  233  234  234
  234  232  230  228  229  227  225  224  223  221  217  213  207  200  192  182
  175  168  160  151  144  139  135  131  126  124  124  124  125  125  126  128
  127  133  138  144  152  162  173  182  204
    52.5-180.0 180.0   5.0 450.0                            LAT/LON1/LON2/DLON/H
  203  213  222  231  240  241  241  241  236  236  235  234  233  235  236  236
  238  238  239  239  238  238  238  239  238  241  243  244  240  243  244  245
  244  242  239  236  239  238  237  236  233  231  228  223  215  207  198  188
  181  173  165  156  150  146  142  138  133  132  131  131  129  128  128  128
  125  129  134  139  146  157  167  176  203
    50.0-180.0 180.0   5.0 450.0                            LAT/LON1/LON2/DLON/H
  200  211  222  233  244  248  250  253  249  247  245  242  243  244  244  243
  245  244  243  241  242  242  241  241  243  246  249  252  248  251  254  255
  250  250  249  248  250  251  252  252  251  248  243  238  226  217  208  198
  182  176  169  162  155  151  147  144  141  140  139  138  138  134  132  129
  132  132  133  134  143  151  159  167  200
    47.5-180.0 180.0   5.0 450.0                            LAT/LON1/LON2/DLON/H
  205  216  227  239  254  259  263  266  264  260  256  252  254  252  250  249
  253  250  248  246  245  245  244  245  248  252  255  258  256  259  260  261
  256  257  257  257  258  260  260  260  259  255  249  241  229  221  211  200
  189  182  175  167  164  160  155  152  151  149  148  147  147  144  141  139
  140  140  140  141  151  158  166  173  205
    45.0-180.0 180.0   5.0 450.0                            LAT/LON1/LON2/DLON/H
  209  221  233  246  263  270  276  281  278  275  270  266  266  264  261  258
  263  260  257  255  252  252  252  254  256  260  263  267  265  267  268  267
  264  267  268  269  270  272  273  273  269  264  257  247  236  227  217  206
  196  189  181  174  171  167  163  159  159  158  156  156  156  153  150  148
  149  149  149  149  160  167  173  180  209
    42.5-180.0 180.0   5.0 450.0                            LAT/LON1/LON2/DLON/H
  212  224  237  250  269  279  288  294  292  289  286  281  280  277  273  270
  273  270  268  266  260  261  262  265  265  269  273  277  274  275  276  275
  274  278  282  284  284  287  289  288  279  273  265  256  244  235  225  214
  204  197  189  181  177  173  170  166  166  165  164  163  164  162  160  158
  159  159  159  159  171  176  182  187  212
    40.0-180.0 180.0   5.0 450.0                            LAT/LON1/LON2/DLON/H
  215  230  247  265  274  286  297  307  308  307  305  303  292  291  289  286
  286  284  281  279  272  273  274  276  280  283  286  290  295  296  299  303
  300  303  307  312  309  308  305  303  296  286  276  266  251  241  230  219
  212  203  194  186  184  182  180  178  173  175  177  179  172  171  171  170
  173  172  171  170  179  185  192  199  215
    37.5-180.0 180.0   5.0 450.0                            LAT/LON1/LON2/DLON/H
  220  234  250  267  278  290  302  313  318  319  319  318  312  309  306  302
  303  300  296  293  289  290  291  293  297  299  303  308  309  313  318  325
  324  330  336  342  340  338  333  326  319  309  298  285  270  258  246  233
  225  215  206  196  193  192  190  187  184  186  188  189  185  184  182  180
  184  182  179  177  183  189  195  200  220
    35.0-180.0 180.0   5.0 450.0                            LAT/LON1/LON2/DLON/H
  222  236  251  267  277  291  303  316  321  325  328  330  328  325  322  317
  319  316  313  309  306  308  310  312  315  318  323  328  331  338  346  355
  356  366  374  380  374  371  364  354  345  334  322  308  291  277  263  248
  236  226  216  204  201  199  197  195  195  197  198  198  196  195  192  189
  193  190  186  182  188  192  196  200  222
    32.5-180.0 180.0   5.0 450.0                            LAT/LON1/LON2/DLON/H
  224  238  253  269  276  290  305  318  321  329  335  340  342  341  338  334
  334  333  330  327  324  327  330  333  334  338  344  350  358  369  380  391
  393  406  416  423  409  405  397  385  373  362  348  334  310  295  280  263
  245  235  223  211  207  206  204  201  204  205  207  207  206  205  202  199
  202  197  192  188  195  197  199  202  224
    30.0-180.0 180.0   5.0 450.0                            LAT/LON1/LON2/DLON/H
  231  247  264  282  279  290  301  313  318  331  343  353  356  357  357  356
  353  352  352  352  347  353  358  363  364  370  376  383  397  409  421  435
  441  449  457  461  445  439  430  417  390  378  365  350  336  312  289  266
  257  241  227  214  213  213  213  215  207  212  216  220  210  208  205  202
  200  195  188  181  186  186  187  189  231
    27.5-180.0 180.0   5.0 450.0                            LAT/LON1/LON2/DLON/H
  231  249  266  283  281  293  305  317  325  339  352  364  371  374  376  377
  376  375  375  374  373  376  380  386  389  397  406  416  432  449  466  481
  489  494  497  497  481  470  455  437  413  397  380  362  344  319  294  269
  257  243  230  219  219  220  221  222  218  222  225  228  220  217  213  209
  204  198  191  184  185  186  188  189  231
    25.0-180.0 180.0   5.0 450.0                            LAT/LON1/LON2/DLON/H
  232  251  269  286  287  300  313  326  333  348  362  375  389  393  397  399
  405  404  402  402  402  404  407  413  415  427  439  452  467  487  507  523
  530  531  528  522  504  487  466  443  419  400  379  358  337  312  287  262
  249  238  227  218  218  220  222  223  220  224  226  228  222  219  214  208
  203  197  190  184  185  186  188  190  232
    22.5-180.0 180.0   5.0 450.0                            LAT/LON1/LON2/DLON/H
  230  250  269  287  292  306  321  335  344  359  374  387  408  415  420  423
  436  435  434  432  432  434  437  442  440  454  469  484  496  519  539  556
  559  554  546  534  512  490  464  438  411  389  366  343  318  293  269  245
  236  228  221  214  214  217  219  221  219  222  224  226  219  216  211  205
  201  195  189  183  188  189  190  193  230
    20.0-180.0 180.0   5.0 450.0                            LAT/LON1/LON2/DLON/H
  220  244  270  297  294  307  320  331  351  368  383  398  414  429  443  456
  450  455  459  462  458  460  462  464  471  484  499  515  536  554  572  589
  583  576  565  552  535  504  468  432  403  375  348  322  297  277  259  245
  220  216  213  212  197  200  203  206  213  215  215  214  206  204  202  198
  183  181  179  177  175  177  180  183  220
    17.5-180.0 180.0   5.0 450.0                            LAT/LON1/LON2/DLON/H
  214  239  267  295  297  312  326  339  356  374  390  405  425  444  461  476
  480  486  491  495  487  486  486  489  494  506  519  531  553  569  583  595
  584  575  562  547  524  487  448  410  374  344  315  290  272  253  238  227
  214  211  209  209  197  199  201  204  207  207  206  205  196  194  190  186
  175  173  172  171  171  173  175  179  214
    15.0-180.0 180.0   5.0 450.0                            LAT/LON1/LON2/DLON/H
  202  227  256  285  294  312  328  342  359  377  394  409  431  454  474  491
  501  508  514  519  510  508  508  511  517  527  537  546  564  576  586  592
  577  566  552  535  511  472  431  392  351  319  290  266  256  239  227  220
  214  212  211  213  200  200  201  203  202  200  197  195  185  181  177  172
  164  163  163  162  165  167  169  172  202
    12.5-180.0 180.0   5.0 450.0                            LAT/LON1/LON2/DLON/H
  188  214  242  271  289  307  325  340  361  379  396  411  437  461  482  501
  516  524  531  537  530  529  529  532  536  545  551  557  568  576  581  584
  566  554  539  523  500  460  420  383  336  304  277  254  248  235  226  222
  219  218  219  221  204  203  203  203  198  194  190  186  174  169  164  159
  154  153  153  153  160  161  163  165  188
    10.0-180.0 180.0   5.0 450.0                            LAT/LON1/LON2/DLON/H
  161  191  227  268  285  303  321  339  358  377  394  409  437  462  486  506
  525  537  545  551  542  543  544  546  552  555  558  560  575  578  577  574
  565  549  531  512  489  456  420  385  333  307  283  264  257  250  245  243
  234  232  231  230  224  219  215  211  200  190  181  172  158  152  146  140
  137  135  134  134  134  132  133  137  161
     7.5-180.0 180.0   5.0 450.0                            LAT/LON1/LON2/DLON/H
  149  179  217  259  281  301  321  341  361  380  397  414  436  459  481  501
  527  539  548  555  553  554  556  559  568  570  571  571  576  574  571  566
  555  542  526  510  496  465  432  399  359  334  312  291  290  281  273  267
  253  248  242  235  230  224  217  211  200  188  177  166  153  146  139  133
  126  124  123  124  119  120  123  127  149
     5.0-180.0 180.0   5.0 450.0                            LAT/LON1/LON2/DLON/H
  139  170  208  251  279  301  323  345  365  384  402  419  436  457  476  494
  521  532  542  549  557  560  564  568  581  583  583  581  577  573  567  560
  544  535  524  511  500  473  445  417  388  366  345  325  322  311  300  290
  267  257  247  236  232  223  215  207  197  184  171  159  150  142  135  128
  118  116  116  116  108  110  115  121  139
     2.5-180.0 180.0   5.0 450.0                            LAT/LON1/LON2/DLON/H
  134  165  204  247  282  306  329  353  373  393  411  428  441  458  475  490
  513  523  532  539  555  561  566  572  589  591  591  589  581  575  567  560
  535  530  523  514  498  477  454  432  415  395  376  357  347  334  321  308
  271  258  244  230  228  218  208  199  190  176  163  151  148  139  132  125
  113  111  111  112  102  105  110  117  134
