o1pg2040-20230724.23i
     1.0            IONOSPHERE MAPS     GNSS                IONEX VERSION / TYPE
IONINX V4.3         AIUB                01-Aug-23 09:11     PGM / RUN BY / DATE 
406 1-DAY PREDICTED IONOSPHERE MAPS FOR DAY 204, 2023       COMMENT             
We use the deep learning algorithm, based on the global     DESCRIPTION         
ionospheric map provided by CODE and the final global       DESCRIPTION         
ionospheric map combined by IGS, and use our proposed       DESCRIPTION         
spatiotemporal network model to predict the global          DESCRIPTION         
ionospheric map of the next day.                            DESCRIPTION         
Contact address: wanghongyue@stu.cdut.edu.cn                DESCRIPTION         
  2023    07    23     0     0     0                        EPOCH OF FIRST MAP  
  2023    07    23    22     0     0                        EPOCH OF LAST MAP   
  7200                                                      INTERVAL            
    12                                                      # OF MAPS IN FILE   
  NONE                                                      MAPPING FUNCTION    
     0.0                                                    ELEVATION CUTOFF    
TEC prediction calculated as a spatiotemporal network model OBSERVABLES USED    
  6371.0                                                    BASE RADIUS         
     2                                                      MAP DIMENSION       
   450.0 450.0   0.0                                        HGT1 / HGT2 / DHGT  
    87.5 -87.5  -2.5                                        LAT1 / LAT2 / DLAT  
  -180.0 180.0   5.0                                        LON1 / LON2 / DLON  
    -1                                                      EXPONENT            
TEC values in 0.1 tec units;  9999, if no value available   COMMENT             
                                                            END OF HEADER       
[from data line 3861]
    10                                                      START OF TEC MAP    
  2023    07    23    18     0     0                        EPOCH OF CURRENT MAP
    87.5-180.0 180.0   5.0 450.0                            LAT/LON1/LON2/DLON/H
  187  188  188  189  186  187  189  190  191  191  192  193  191  191  191  192
  192  192  192  192  192  192  191  191  192  191  190  189  191  190  189  188
  190  189  189  187  188  188  187  186  187  187  187  187  188  189  189  189
  191  191  192  191  193  194  194  194  191  191  191  192  189  189  190  191
  190  191  191  191  191  192  193  193  187
    85.0-180.0 180.0   5.0 450.0                            LAT/LON1/LON2/DLON/H
  186  187  188  190  187  189  191  193  194  196  197  198  198  198  199  199
  200  201  201  201  199  199  198  197  196  195  193  191  192  190  188  186
  187  186  184  183  183  182  181  180  180  180  180  180  181  182  182  182
  185  185  185  186  189  189  189  189  188  188  188  188  185  186  187  188
  186  187  187  187  188  189  190  191  186
    82.5-180.0 180.0   5.0 450.0                            LAT/LON1/LON2/DLON/H
  182  184  187  189  187  189  191  194  195  197  199  200  202  203  204  204
  207  207  207  207  205  204  203  201  199  197  195  192  191  189  187  184
  185  183  181  178  178  177  176  174  174  174  174  174  175  176  176  177
  180  180  180  181  185  185  185  185  186  186  186  187  182  183  184  185
  181  182  183  183  182  183  185  186  182
    80.0-180.0 180.0   5.0 450.0                            LAT/LON1/LON2/DLON/H
  178  178  178  179  180  183  186  188  193  197  200  203  201  204  206  208
  209  209  209  209  211  208  205  203  202  199  196  192  194  192  189  187
  186  184  182  181  179  178  178  177  174  174  175  176  172  174  176  178
  176  178  180  182  180  181  182  183  185  185  185  184  185  185  184  183
  182  181  180  179  173  173  174  175  178
    77.5-180.0 180.0   5.0 450.0                            LAT/LON1/LON2/DLON/H
  177  177  177  178  178  181  184  186  191  195  199  201  200  204  206  208
  209  211  212  212  211  210  208  205  203  200  197  193  193  191  189  186
  185  184  183  181  179  179  178  177  174  175  175  176  173  175  176  178
  176  178  180  181  180  181  182  182  184  184  184  183  183  183  182  181
  179  178  177  176  172  172  173  174  177
    75.0-180.0 180.0   5.0 450.0                            LAT/LON1/LON2/DLON/H
  180  181  181  182  180  182  185  187  190  194  197  200  200  204  207  209
  211  213  215  215  214  213  212  209  207  204  200  195  195  193  191  188
  187  187  186  184  183  182  181  180  177  178  178  177  175  177  178  179
  178  179  180  181  180  181  181  181  182  182  182  182  181  181  180  180
  179  177  176  175  174  174  174  175  180
    72.5-180.0 180.0   5.0 450.0                            LAT/LON1/LON2/DLON/H
  185  186  187  187  184  186  188  189  189  193  196  198  199  202  204  206
  211  213  215  216  216  216  214  211  210  207  203  198  198  196  194  191
  191  190  190  188  188  187  185  184  182  181  181  180  179  179  180  180
  180  180  180  181  180  179  179  179  179  179  178  178  178  178  177  177
  180  179  178  177  178  178  178  178  185
    70.0-180.0 180.0   5.0 450.0                            LAT/LON1/LON2/DLON/H
  193  194  195  196  192  193  194  194  197  199  200  201  202  206  209  211
  213  216  219  220  221  221  219  217  216  212  207  202  197  195  193  190
  191  191  191  190  190  188  187  184  183  182  181  179  179  179  179  178
  178  179  178  177  171  172  172  171  165  166  166  166  169  171  173  175
  178  181  183  185  189  192  194  194  193
    67.5-180.0 180.0   5.0 450.0                            LAT/LON1/LON2/DLON/H
  202  204  205  206  203  203  204  203  205  206  207  207  207  211  213  215
  216  219  222  223  225  225  224  221  219  215  210  205  199  198  196  194
  196  196  196  194  195  194  191  188  187  185  183  181  182  181  179  177
  179  177  174  171  166  165  163  161  157  156  157  157  161  164  167  170
  176  180  183  186  191  195  198  199  202
    65.0-180.0 180.0   5.0 450.0                            LAT/LON1/LON2/DLON/H
  208  211  213  214  214  214  214  213  213  214  214  214  214  217  218  219
  221  223  225  227  229  229  227  225  222  218  213  208  203  203  201  199
  202  202  201  200  201  199  196  193  191  190  187  184  185  183  180  176
  179  175  170  164  160  157  154  151  146  146  146  147  151  154  158  163
  170  175  180  184  190  195  199  200  208
    62.5-180.0 180.0   5.0 450.0                            LAT/LON1/LON2/DLON/H
  212  215  218  220  223  223  222  220  219  220  220  219  222  223  224  223
  226  227  229  230  231  231  230  228  225  221  216  211  209  208  207  205
  207  208  207  205  205  203  200  197  196  194  191  188  189  185  181  176
  179  172  165  158  155  150  146  142  138  137  137  139  141  145  150  157
  163  169  175  180  189  194  198  201  212
    60.0-180.0 180.0   5.0 450.0                            LAT/LON1/LON2/DLON/H
  215  222  229  236  229  228  228  228  228  229  228  228  230  231  230  229
  232  233  234  236  234  234  233  232  227  223  219  216  212  211  211  211
  213  212  212  212  210  208  206  204  204  202  200  198  197  193  187  181
  179  173  165  158  149  145  142  138  131  131  131  132  134  138  142  146
  151  158  165  172  182  190  198  205  215
    57.5-180.0 180.0   5.0 450.0                            LAT/LON1/LON2/DLON/H
  212  220  228  236  233  233  232  232  233  232  232  230  232  234  234  232
  233  234  235  236  234  233  233  232  227  225  224  222  218  219  220  220
  221  221  220  219  218  216  215  214  213  212  209  206  203  199  192  184
  180  173  165  157  150  145  141  137  131  131  131  131  132  135  137  141
  143  149  156  162  171  181  190  198  212
    55.0-180.0 180.0   5.0 450.0                            LAT/LON1/LON2/DLON/H
  210  219  228  236  239  239  239  238  237  237  235  233  233  235  235  234
  235  235  235  236  233  233  233  233  228  229  230  230  226  228  230  231
  231  230  229  227  227  227  226  225  225  224  221  217  212  207  199  190
  184  177  168  160  154  150  145  141  136  135  135  135  134  135  137  139
  137  143  149  154  162  172  182  191  210
    52.5-180.0 180.0   5.0 450.0                            LAT/LON1/LON2/DLON/H
  208  218  227  236  245  245  245  245  241  240  238  236  234  235  235  234
  236  235  235  235  233  232  232  233  230  233  236  238  234  238  240  242
  240  239  237  235  238  238  238  237  236  235  232  227  221  215  206  196
  190  183  174  165  161  157  153  149  144  143  142  142  139  139  139  140
  134  139  145  149  156  166  176  186  208
    50.0-180.0 180.0   5.0 450.0                            LAT/LON1/LON2/DLON/H
  205  215  225  235  248  251  254  256  253  251  248  245  244  244  243  242
  242  240  238  235  237  235  235  234  235  239  242  246  243  247  250  251
  248  248  248  248  250  252  253  254  254  252  249  244  232  224  216  206
  192  186  179  173  165  162  158  155  152  151  150  149  148  145  142  139
  142  142  143  144  154  162  170  178  205
    47.5-180.0 180.0   5.0 450.0                            LAT/LON1/LON2/DLON/H
  210  220  231  242  257  262  266  269  267  264  259  255  254  252  250  248
  250  247  243  240  240  239  238  238  240  244  248  252  252  255  257  258
  254  256  258  258  261  263  264  264  265  261  256  249  237  229  219  209
  198  192  185  177  174  170  166  162  162  160  158  157  157  154  150  148
  148  148  148  149  160  168  175  183  210
    45.0-180.0 180.0   5.0 450.0                            LAT/LON1/LON2/DLON/H
  214  225  237  249  266  273  279  284  282  278  273  269  267  264  261  257
  261  257  253  250  247  246  246  247  248  252  256  260  260  263  265  265
  263  267  270  272  274  277  279  279  276  272  265  256  244  235  225  214
  205  198  191  183  181  178  174  170  170  168  167  165  165  162  159  156
  155  155  155  155  167  174  181  188  214
    42.5-180.0 180.0   5.0 450.0                            LAT/LON1/LON2/DLON/H
  217  228  240  253  271  281  290  297  294  292  288  284  280  277  273  269
  272  268  264  261  255  255  256  258  258  262  266  270  269  272  273  273
  272  278  283  287  288  292  294  295  287  282  274  263  251  243  233  222
  212  205  198  189  187  183  180  176  176  175  173  172  171  169  166  164
  163  163  163  163  175  182  188  193  217
    40.0-180.0 180.0   5.0 450.0                            LAT/LON1/LON2/DLON/H
  221  235  251  268  277  288  298  307  311  310  308  305  294  292  289  285
  285  281  277  273  267  266  267  268  272  275  279  282  287  290  295  300
  297  301  307  313  312  312  311  309  303  293  282  272  257  246  235  223
  220  212  204  196  194  193  191  190  184  184  185  186  179  177  176  173
  175  174  172  170  180  187  194  200  221
    37.5-180.0 180.0   5.0 450.0                            LAT/LON1/LON2/DLON/H
  225  238  253  268  281  292  303  313  321  322  322  320  314  311  306  301
  302  297  292  288  284  284  284  286  289  291  295  301  302  307  314  322
  321  329  336  343  343  342  338  331  324  314  302  289  274  262  249  235
  230  222  213  204  202  201  200  198  194  195  195  195  192  189  186  183
  185  182  179  176  183  189  195  201  225
    35.0-180.0 180.0   5.0 450.0                            LAT/LON1/LON2/DLON/H
  227  239  253  268  280  292  304  316  324  328  331  332  331  328  323  318
  318  314  310  305  302  303  304  306  307  311  315  321  323  331  341  351
  353  364  373  380  375  373  367  357  348  337  324  309  292  278  264  248
  240  231  221  210  208  207  206  204  204  205  205  204  202  200  196  192
  194  190  186  182  188  192  196  200  227
    32.5-180.0 180.0   5.0 450.0                            LAT/LON1/LON2/DLON/H
  228  240  255  270  278  292  306  318  325  332  338  343  346  344  341  337
  334  332  328  324  321  323  325  327  328  332  337  344  351  362  375  387
  390  403  414  422  408  404  396  384  372  361  347  331  308  294  278  261
  247  238  227  216  213  212  211  209  211  213  213  213  212  209  206  202
  203  198  193  189  195  197  199  202  228
    30.0-180.0 180.0   5.0 450.0                            LAT/LON1/LON2/DLON/H
  233  247  263  279  281  291  302  313  324  337  348  359  359  360  359  358
  353  351  350  348  345  349  353  357  357  362  369  377  387  399  413  428
  432  441  449  454  438  432  423  410  384  372  358  344  330  309  287  266
  255  241  228  216  216  216  217  219  216  219  223  226  216  214  212  208
  203  197  191  183  187  187  188  189  233
    27.5-180.0 180.0   5.0 450.0                            LAT/LON1/LON2/DLON/H
  231  247  263  279  282  294  305  316  329  343  357  368  374  377  378  378
  375  374  372  370  369  371  374  379  381  389  398  409  422  439  456  473
  479  484  488  489  473  461  446  429  404  389  371  353  335  313  290  268
  254  242  230  220  221  222  224  226  225  228  230  233  227  224  220  215
  209  203  196  188  189  189  190  190  231
    25.0-180.0 180.0   5.0 450.0                            LAT/LON1/LON2/DLON/H
  230  248  265  282  286  299  312  324  334  350  365  377  391  396  399  401
  404  402  399  397  397  398  400  405  407  418  431  444  457  477  497  514
  520  520  518  514  495  478  457  435  410  391  370  349  328  306  283  262
  247  237  228  220  222  224  226  228  227  230  232  234  230  227  222  217
  211  205  198  191  191  191  191  192  230
    22.5-180.0 180.0   5.0 450.0                            LAT/LON1/LON2/DLON/H
  226  245  264  283  289  303  318  332  342  359  373  386  410  417  421  425
  435  433  431  427  426  427  430  434  432  446  461  476  487  509  530  547
  549  544  537  527  504  482  457  431  402  380  358  335  310  289  267  247
  236  229  223  217  219  222  224  226  226  229  231  232  229  225  221  215
  210  205  198  192  195  194  195  196  226
    20.0-180.0 180.0   5.0 450.0                            LAT/LON1/LON2/DLON/H
  211  235  262  289  290  302  314  325  349  366  382  396  415  430  444  457
  450  454  456  458  453  452  453  454  459  472  486  503  522  541  560  579
  573  566  556  544  527  495  460  422  396  368  340  314  287  269  253  240
  221  217  214  213  205  208  210  213  218  220  220  220  210  209  207  203
  193  191  188  185  183  184  186  189  211
    17.5-180.0 180.0   5.0 450.0                            LAT/LON1/LON2/DLON/H
  203  229  257  286  290  306  320  332  353  371  388  403  423  444  463  478
  480  485  489  492  483  480  479  480  483  495  507  520  540  557  573  586
  575  567  555  540  520  483  443  403  369  337  308  282  262  245  230  220
  213  209  208  208  203  204  207  209  211  211  210  209  199  197  194  190
  183  182  180  178  178  180  182  184  203
    15.0-180.0 180.0   5.0 450.0                            LAT/LON1/LON2/DLON/H
  191  217  246  276  287  304  320  335  354  374  391  407  428  454  476  494
  501  508  514  518  509  505  503  503  508  517  527  535  553  566  577  586
  571  561  547  531  511  470  429  388  346  313  283  257  245  229  217  210
  209  207  207  208  202  203  204  206  203  202  199  198  186  183  179  175
  171  170  168  167  171  172  174  176  191
    12.5-180.0 180.0   5.0 450.0                            LAT/LON1/LON2/DLON/H
  178  204  233  263  280  299  317  333  355  375  393  409  432  460  484  505
  516  525  533  538  532  529  527  527  530  537  543  548  559  568  575  579
  562  551  537  521  502  461  420  381  330  298  269  244  236  223  214  210
  211  210  211  213  204  203  203  203  198  194  190  187  175  170  165  160
  160  158  157  156  164  165  166  167  178
    10.0-180.0 180.0   5.0 450.0                            LAT/LON1/LON2/DLON/H
  153  182  217  257  276  293  312  331  352  372  390  406  433  460  485  506
  524  537  547  554  547  546  545  546  550  553  555  557  571  574  574  571
  563  547  529  511  492  457  420  383  327  298  272  249  243  235  229  226
  222  220  220  219  216  212  209  206  197  188  180  171  159  153  147  141
  141  137  136  135  133  131  132  135  153
     7.5-180.0 180.0   5.0 450.0                            LAT/LON1/LON2/DLON/H
  141  170  207  248  270  290  310  331  354  374  392  409  431  456  479  500
  525  538  549  557  557  557  558  560  568  569  570  569  575  573  569  565
  553  540  524  507  497  464  429  394  351  323  298  275  274  263  254  248
  239  234  229  224  221  215  210  205  195  185  175  165  153  146  139  132
  128  125  124  123  117  118  120  124  141
     5.0-180.0 180.0   5.0 450.0                            LAT/LON1/LON2/DLON/H
  131  161  198  240  267  289  312  334  357  377  396  413  430  452  473  492
  517  531  542  552  560  563  567  570  583  584  583  580  578  573  566  560
  544  534  522  509  499  470  440  409  379  354  331  309  306  294  283  273
  253  245  236  227  223  216  208  202  192  181  169  159  149  141  133  126
  119  116  115  115  106  108  112  117  131
     2.5-180.0 180.0   5.0 450.0                            LAT/LON1/LON2/DLON/H
  127  157  194  235  270  293  317  340  364  384  404  421  434  453  471  487
  508  521  532  542  557  564  570  576  593  594  592  589  583  576  568  560
  537  530  522  512  497  473  448  423  407  385  364  344  335  322  308  296
  260  249  237  225  221  212  204  196  187  175  163  152  147  138  130  122
  114  111  110  110  101  103  107  113  127
