o1pg2040-20230724.23i
     1.0            IONOSPHERE MAPS     GNSS                IONEX VERSION / TYPE
IONINX V4.3         AIUB                01-Aug-23 09:11     PGM / RUN BY / DATE 
406 1-DAY PREDICTED IONOSPHERE MAPS FOR DAY 204, 2023       COMMENT             
We use the deep learning algorithm, based on the global     DESCRIPTION         
ionospheric map provided by CODE and the final global       DESCRIPTION         
ionospheric map combined by IGS, and use our proposed       DESCRIPTION         
spatiotemporal network model to predict the global          DESCRIPTION         
ionospheric map of the next day.                            DESCRIPTION         
Contact address: wanghongyue@stu.cdut.edu.cn                DESCRIPTION         
  2023    07    23     0     0     0                        EPOCH OF FIRST MAP  
  2023    07    23    22     0     0                        EPOCH OF LAST MAP   
  7200                                                      INTERVAL            
    12                                                      # OF MAPS IN FILE   
  NONE                                                      MAPPING FUNCTION    
     0.0                                                    ELEVATION CUTOFF    
TEC prediction calculated as a spatiotemporal network model OBSERVABLES USED    
  6371.0                                                    BASE RADIUS         
     2                                                      MAP DIMENSION       
   450.0 450.0   0.0                                        HGT1 / HGT2 / DHGT  
    87.5 -87.5  -2.5                                        LAT1 / LAT2 / DLAT  
  -180.0 180.0   5.0                                        LON1 / LON2 / DLON  
    -1                                                      EXPONENT            
TEC values in 0.1 tec units;  9999, if no value available   COMMENT             
                                                            END OF HEADER       
[from data line 2574]
     7                                                      START OF TEC MAP    
  2023    07    23    12     0     0                        EPOCH OF CURRENT MAP
    87.5-180.0 180.0   5.0 450.0                            LAT/LON1/LON2/DLON/H
  174  174  175  175  175  176  178  179  183  184  185  185  190  190  191  190
  192  193  193  193  193  193  193  193  191  191  191  191  188  188  188  188
  187  187  187  187  185  184  184  183  184  183  182  181  184  183  183  182
  185  185  185  184  182  183  183  183  180  181  181  181  178  178  178  178
  178  179  180  179  178  179  180  180  174
    85.0-180.0 180.0   5.0 450.0                            LAT/LON1/LON2/DLON/H
  171  172  172  174  174  176  178  180  184  185  186  187  192  192  192  192
  194  194  195  195  195  195  195  195  193  193  192  192  189  189  189  188
  187  186  186  185  184  183  182  181  181  180  179  177  180  179  178  177
  180  179  178  178  177  177  176  176  176  176  176  175  175  174  173  173
  175  175  175  174  175  175  176  176  171
    82.5-180.0 180.0   5.0 450.0                            LAT/LON1/LON2/DLON/H
  166  167  169  171  172  174  177  180  182  184  185  186  190  191  191  191
  193  193  194  194  195  195  195  194  193  192  192  191  189  188  188  187
  187  186  185  184  183  182  181  180  180  178  177  175  177  176  174  173
  176  175  174  173  175  174  173  173  175  174  173  173  174  172  171  170
  172  172  171  170  170  170  170  170  166
    80.0-180.0 180.0   5.0 450.0                            LAT/LON1/LON2/DLON/H
  165  164  163  163  166  168  170  172  175  177  178  179  181  183  183  184
  185  185  185  185  187  186  186  186  188  187  187  187  191  191  190  190
  193  192  191  190  190  189  188  186  184  183  182  181  178  178  178  178
  180  180  180  180  181  181  180  180  181  180  179  178  176  174  172  170
  170  168  165  163  166  164  163  162  165
    77.5-180.0 180.0   5.0 450.0                            LAT/LON1/LON2/DLON/H
  161  160  160  159  162  164  165  167  168  170  171  171  173  175  175  175
  176  176  177  178  178  178  179  179  180  181  181  182  186  188  189  190
  193  194  194  194  194  193  192  190  188  188  187  186  183  183  184  184
  187  187  187  188  190  190  190  191  192  191  189  188  185  183  180  177
  174  171  168  164  162  160  158  156  161
    75.0-180.0 180.0   5.0 450.0                            LAT/LON1/LON2/DLON/H
  160  159  158  156  158  159  161  161  162  163  163  162  165  166  166  166
  167  168  169  170  170  171  172  172  173  175  176  178  184  186  189  191
  195  197  198  199  199  199  198  197  196  195  194  193  192  193  193  194
  197  197  198  199  203  203  203  203  205  203  202  200  197  194  190  186
  182  177  172  167  162  159  156  153  160
    72.5-180.0 180.0   5.0 450.0                            LAT/LON1/LON2/DLON/H
  159  157  156  154  154  155  156  156  155  155  155  154  156  156  156  156
  158  159  160  161  162  164  165  166  167  170  172  174  181  185  189  192
  197  201  203  205  206  206  205  204  205  204  203  202  203  203  204  204
  208  209  209  209  214  214  214  213  217  215  213  210  209  204  199  194
  190  185  179  173  166  162  158  154  159
    70.0-180.0 180.0   5.0 450.0                            LAT/LON1/LON2/DLON/H
  157  156  154  152  151  152  153  154  152  152  151  151  153  154  155  156
  158  160  161  163  164  166  167  168  170  173  176  178  185  190  196  201
  202  207  210  213  213  213  212  211  212  213  212  211  211  214  215  215
  215  217  219  220  216  218  219  220  217  217  216  215  212  208  204  199
  196  189  181  173  167  163  157  151  157
    67.5-180.0 180.0   5.0 450.0                            LAT/LON1/LON2/DLON/H
  158  156  154  151  149  149  149  149  148  148  148  148  150  151  153  154
  157  159  161  163  164  166  168  170  171  174  177  179  186  192  198  203
  206  211  215  218  218  219  218  216  218  219  219  217  220  221  222  221
  222  223  223  221  218  220  220  219  219  219  219  218  217  214  210  206
  203  196  188  180  172  167  161  154  158
    65.0-180.0 180.0   5.0 450.0                            LAT/LON1/LON2/DLON/H
  157  154  151  148  145  144  144  144  143  144  144  144  148  149  151  152
  156  159  161  164  165  167  169  171  173  176  179  181  188  195  200  205
  210  215  219  221  221  222  222  220  223  224  224  223  227  228  227  226
  227  226  223  220  218  219  218  217  219  220  220  220  220  218  215  211
  208  201  193  185  175  170  163  157  157
    62.5-180.0 180.0   5.0 450.0                            LAT/LON1/LON2/DLON/H
  155  151  147  144  140  139  138  137  139  139  140  140  146  148  149  151
  156  159  162  165  165  168  170  173  175  178  181  183  191  197  203  207
  212  217  221  223  222  223  224  223  226  227  228  227  232  232  230  228
  228  225  221  217  216  216  215  213  218  219  221  221  221  220  218  215
  211  204  197  189  180  174  167  161  155
    60.0-180.0 180.0   5.0 450.0                            LAT/LON1/LON2/DLON/H
  149  144  139  135  127  125  123  123  124  126  129  133  138  142  146  152
  155  159  163  168  162  165  168  171  175  178  181  184  193  199  205  211
  216  221  225  229  228  229  230  231  234  235  235  234  236  234  231  228
  227  224  220  216  212  213  214  214  215  218  221  222  228  228  226  225
  222  215  207  199  188  179  170  160  149
    57.5-180.0 180.0   5.0 450.0                            LAT/LON1/LON2/DLON/H
  149  144  138  133  124  120  118  116  116  117  120  123  130  134  140  146
  152  156  161  166  163  166  170  173  176  181  184  188  197  204  210  215
  221  225  228  231  231  232  234  235  238  239  240  240  239  238  235  231
  227  225  222  218  214  216  217  218  222  225  227  230  236  235  233  230
  229  221  213  203  191  182  172  162  149
    55.0-180.0 180.0   5.0 450.0                            LAT/LON1/LON2/DLON/H
  152  146  140  134  125  120  115  112  110  111  112  115  121  126  132  138
  148  152  157  162  163  167  170  174  178  184  189  193  202  209  215  221
  227  230  233  236  236  238  240  243  244  246  247  247  245  243  240  235
  230  228  226  223  221  224  226  228  234  238  240  242  248  247  244  240
  238  230  221  211  196  187  177  167  152
    52.5-180.0 180.0   5.0 450.0                            LAT/LON1/LON2/DLON/H
  158  151  145  138  129  122  116  112  107  106  107  109  114  118  124  131
  143  147  152  158  162  166  171  175  181  188  194  199  208  215  221  227
  233  236  238  240  243  245  248  251  251  253  254  254  250  248  245  240
  236  235  233  231  232  236  239  241  250  253  256  258  261  259  255  250
  247  239  230  220  205  196  186  176  158
    50.0-180.0 180.0   5.0 450.0                            LAT/LON1/LON2/DLON/H
  166  160  154  149  135  127  120  114  108  104  101  100  105  110  116  124
  137  144  152  161  164  168  174  179  188  194  200  205  217  224  231  236
  238  243  248  252  256  261  265  269  269  269  267  265  264  261  256  252
  250  249  247  247  247  253  257  259  262  267  270  270  274  271  267  260
  256  245  233  221  204  194  184  174  166
    47.5-180.0 180.0   5.0 450.0                            LAT/LON1/LON2/DLON/H
  177  171  166  161  148  140  132  125  117  111  107  104  106  109  115  122
  140  147  156  166  170  175  181  187  196  202  208  213  225  231  237  242
  246  251  257  262  268  273  277  280  281  280  277  274  272  269  265  260
  260  259  258  256  259  264  267  269  272  276  277  277  282  278  273  267
  262  251  239  227  209  199  190  181  177
    45.0-180.0 180.0   5.0 450.0                            LAT/LON1/LON2/DLON/H
  184  180  175  171  160  153  145  137  127  121  115  110  109  112  116  122
  143  151  161  171  179  184  191  197  205  211  216  221  231  237  242  247
  252  259  266  272  281  287  291  295  295  294  291  287  284  281  277  272
  271  270  269  266  267  270  273  273  274  277  278  278  280  276  271  266
  261  251  240  228  212  203  194  185  184
    42.5-180.0 180.0   5.0 450.0                            LAT/LON1/LON2/DLON/H
  187  184  181  177  169  163  156  148  138  131  124  118  114  116  119  124
  148  156  166  177  187  194  200  207  212  218  224  228  234  240  245  250
  256  265  274  282  293  301  307  311  310  309  307  302  300  298  294  289
  284  284  282  279  274  276  278  278  276  277  278  278  278  275  271  266
  259  250  240  230  215  207  199  191  187
    40.0-180.0 180.0   5.0 450.0                            LAT/LON1/LON2/DLON/H
  182  180  178  178  165  163  160  156  149  142  135  128  123  126  129  132
  147  161  176  192  200  208  215  222  226  230  232  234  242  246  250  253
  270  281  292  305  318  324  331  338  340  337  334  332  326  321  316  312
  305  299  293  288  284  281  278  275  275  274  273  272  269  265  259  253
  248  239  229  219  215  205  196  188  182
    37.5-180.0 180.0   5.0 450.0                            LAT/LON1/LON2/DLON/H
  183  179  176  174  164  162  160  158  155  150  144  139  133  135  138  140
  151  165  180  196  207  216  223  230  235  238  239  241  247  252  257  262
  280  295  309  324  341  351  359  366  370  369  366  363  358  352  346  340
  330  324  317  309  299  295  292  288  286  284  281  277  277  270  263  255
  254  244  234  223  218  207  198  189  183
    35.0-180.0 180.0   5.0 450.0                            LAT/LON1/LON2/DLON/H
  185  180  175  172  162  161  159  159  157  154  151  148  142  143  144  146
  154  167  183  199  212  221  229  236  241  244  245  247  251  258  265  272
  290  309  327  344  363  376  386  393  399  399  398  395  391  385  379  371
  361  354  346  337  323  319  314  309  306  302  297  290  288  280  271  261
  260  249  238  227  219  208  199  190  185
    32.5-180.0 180.0   5.0 450.0                            LAT/LON1/LON2/DLON/H
  187  181  175  171  160  160  159  159  159  157  156  154  149  149  149  150
  155  168  183  199  214  224  232  239  244  247  250  251  256  265  274  284
  302  324  345  365  386  401  413  422  431  432  431  429  426  421  413  404
  396  389  380  370  359  355  350  343  337  332  325  317  307  298  288  277
  272  261  249  238  227  216  205  196  187
    30.0-180.0 180.0   5.0 450.0                            LAT/LON1/LON2/DLON/H
  202  194  186  179  163  160  158  156  158  157  156  154  149  146  142  140
  149  161  175  190  207  220  232  244  247  250  254  257  266  276  287  300
  322  346  372  398  415  427  439  451  458  458  459  461  456  449  443  440
  428  423  418  416  406  402  398  394  385  375  364  352  336  322  310  299
  289  274  260  248  251  234  220  209  202
    27.5-180.0 180.0   5.0 450.0                            LAT/LON1/LON2/DLON/H
  219  209  199  189  174  168  163  158  164  160  157  154  150  146  142  140
  149  161  175  190  209  222  235  247  248  253  259  264  270  284  299  313
  341  366  392  417  438  451  462  473  481  484  488  492  488  485  483  483
  476  474  473  471  467  463  458  450  438  423  406  387  363  346  329  314
  306  290  276  264  262  247  233  222  219
    25.0-180.0 180.0   5.0 450.0                            LAT/LON1/LON2/DLON/H
  238  228  216  205  191  182  174  166  170  165  159  155  152  147  143  140
  151  163  176  191  212  225  238  251  249  257  265  272  276  294  312  329
  358  383  407  431  452  464  475  484  491  496  503  509  510  512  514  516
  518  520  522  521  523  518  509  497  479  459  435  410  380  360  340  321
  317  302  289  277  272  258  246  235  238
    22.5-180.0 180.0   5.0 450.0                            LAT/LON1/LON2/DLON/H
  254  244  233  221  209  198  188  177  178  170  162  156  153  148  144  141
  154  165  178  193  214  227  240  254  248  259  269  279  284  306  327  346
  375  398  421  443  462  472  481  489  493  500  508  515  521  527  532  537
  549  555  559  559  565  558  547  531  504  479  451  420  387  366  344  322
  325  312  300  288  283  272  261  251  254
    20.0-180.0 180.0   5.0 450.0                            LAT/LON1/LON2/DLON/H
  268  263  256  248  232  222  210  197  183  173  164  155  150  146  143  140
  152  164  179  196  219  228  237  247  256  263  270  278  285  311  337  363
  385  409  432  454  471  478  485  491  495  506  518  528  520  533  546  558
  564  577  588  596  591  582  569  553  524  492  457  420  404  384  364  344
  331  320  309  300  290  280  270  261  268
    17.5-180.0 180.0   5.0 450.0                            LAT/LON1/LON2/DLON/H
  272  268  261  253  245  235  223  210  191  180  168  158  149  144  140  137
  149  161  177  195  217  226  236  248  254  264  274  284  301  327  354  380
  403  425  446  467  471  476  482  490  496  506  516  528  528  540  551  562
  570  584  594  600  590  580  565  545  509  473  436  398  380  360  340  322
  316  305  296  289  289  281  273  266  272
    15.0-180.0 180.0   5.0 450.0                            LAT/LON1/LON2/DLON/H
  265  262  256  249  247  238  227  214  194  181  169  157  148  142  137  134
  143  156  172  191  210  221  234  248  251  265  279  292  315  342  369  395
  417  437  457  476  477  482  487  494  502  510  519  530  531  541  551  560
  566  579  588  591  579  565  548  526  486  449  410  373  356  335  316  300
  300  290  283  278  286  279  272  266  265
    12.5-180.0 180.0   5.0 450.0                            LAT/LON1/LON2/DLON/H
  251  248  243  237  239  231  221  210  191  178  166  153  145  138  133  129
  138  150  167  186  203  216  231  247  250  268  285  301  329  355  382  408
  430  448  466  484  489  494  499  506  514  520  528  536  532  540  547  554
  556  566  572  573  563  547  526  503  463  424  386  350  333  313  295  280
  284  275  269  266  279  272  267  262  251
    10.0-180.0 180.0   5.0 450.0                            LAT/LON1/LON2/DLON/H
  234  231  229  226  212  207  202  197  175  166  156  147  140  135  130  126
  126  139  155  173  191  208  227  247  250  275  298  322  349  380  408  433
  451  466  478  489  499  510  519  526  532  539  544  547  539  544  549  551
  556  560  561  559  546  527  505  484  449  415  381  349  330  310  291  274
  274  270  268  268  274  271  268  266  234
     7.5-180.0 180.0   5.0 450.0                            LAT/LON1/LON2/DLON/H
  219  213  209  205  191  186  181  176  166  157  148  141  136  131  127  123
  120  132  148  166  185  203  222  243  258  284  309  333  368  396  422  447
  462  476  489  500  513  524  533  542  549  552  553  552  542  543  543  543
  546  548  549  547  531  516  498  479  451  417  385  354  340  318  298  280
  274  269  266  265  271  268  265  262  219
     5.0-180.0 180.0   5.0 450.0                            LAT/LON1/LON2/DLON/H
  211  202  195  189  174  168  162  158  154  146  138  132  130  126  122  118
  112  124  140  158  179  198  219  241  267  295  321  347  383  409  434  457
  469  484  497  508  521  533  544  553  557  556  554  550  540  537  533  531
  537  538  538  537  523  512  499  484  461  430  401  373  359  336  315  296
  280  274  269  267  270  266  263  258  211
     2.5-180.0 180.0   5.0 450.0                            LAT/LON1/LON2/DLON/H
  212  201  191  183  165  158  151  146  144  137  131  126  125  121  117  114
  106  117  133  151  174  195  217  240  275  305  334  361  395  420  444  466
  472  487  501  513  522  535  547  557  557  554  549  543  534  528  522  518
  531  531  531  529  522  516  507  498  475  449  423  398  380  357  336  316
  287  280  275  271  272  267  262  256  212
