o1pg1970-20230717.23i
     1.0            IONOSPHERE MAPS     GNSS                IONEX VERSION / TYPE
IONINX V4.3         AIUB                17-Jul-23 09:13     PGM / RUN BY / DATE 
406 1-DAY PREDICTED IONOSPHERE MAPS FOR DAY 197, 2023       COMMENT             
We use the deep learning algorithm, based on the global     DESCRIPTION         
ionospheric map provided by CODE and the final global       DESCRIPTION         
ionospheric map combined by IGS, and use our proposed       DESCRIPTION         
spatiotemporal network model to predict the global          DESCRIPTION         
ionospheric map of the next day.                            DESCRIPTION         
Contact address: wanghongyue@stu.cdut.edu.cn                DESCRIPTION         
  2023    07    16     0     0     0                        EPOCH OF FIRST MAP  
  2023    07    16    22     0     0                        EPOCH OF LAST MAP   
  7200                                                      INTERVAL            
    12                                                      # OF MAPS IN FILE   
  NONE                                                      MAPPING FUNCTION    
     0.0                                                    ELEVATION CUTOFF    
TEC prediction calculated as a spatiotemporal network model OBSERVABLES USED    
  6371.0                                                    BASE RADIUS         
     2                                                      MAP DIMENSION       
   450.0 450.0   0.0                                        HGT1 / HGT2 / DHGT  
    87.5 -87.5  -2.5                                        LAT1 / LAT2 / DLAT  
  -180.0 180.0   5.0                                        LON1 / LON2 / DLON  
    -1                                                      EXPONENT            
TEC values in 0.1 tec units;  9999, if no value available   COMMENT             
                                                            END OF HEADER       
[from data line 1287]
     4                                                      START OF TEC MAP    
  2023    07    16     6     0     0                        EPOCH OF CURRENT MAP
    87.5-180.0 180.0   5.0 450.0                            LAT/LON1/LON2/DLON/H
  175  174  174  174  173  173  174  175  175  175  176  176  180  180  180  179
  180  180  179  179  181  181  180  180  182  182  182  182  184  185  185  185
  184  185  186  186  182  183  183  183  182  182  182  182  181  181  181  182
  183  183  184  184  183  184  184  185  183  184  184  185  184  185  185  185
  185  185  185  184  184  184  184  184  175
    85.0-180.0 180.0   5.0 450.0                            LAT/LON1/LON2/DLON/H
  175  175  175  176  173  174  175  176  176  177  178  179  182  182  182  182
  183  183  182  181  182  181  180  179  180  180  179  179  180  181  181  181
  181  182  182  183  180  181  181  181  181  182  182  182  183  183  183  184
  186  186  186  186  185  185  185  185  184  184  184  184  183  183  183  183
  183  183  182  181  181  181  181  180  175
    82.5-180.0 180.0   5.0 450.0                            LAT/LON1/LON2/DLON/H
  173  174  175  176  171  172  174  175  174  176  177  178  182  182  182  182
  183  183  183  182  181  180  179  177  176  175  174  173  174  175  175  175
  177  178  179  179  179  179  180  180  182  183  183  184  186  186  186  187
  189  189  190  190  188  188  188  188  186  186  185  185  184  184  183  182
  182  181  180  178  176  176  176  175  173
    80.0-180.0 180.0   5.0 450.0                            LAT/LON1/LON2/DLON/H
  175  174  172  171  168  169  170  170  171  173  175  175  176  178  178  178
  177  177  176  175  176  173  171  169  171  168  166  165  168  168  168  169
  171  171  172  174  179  179  180  181  186  187  189  190  190  192  193  194
  195  196  197  197  197  197  196  195  196  195  194  192  193  191  189  187
  187  184  181  178  174  172  171  170  175
    77.5-180.0 180.0   5.0 450.0                            LAT/LON1/LON2/DLON/H
  176  174  173  171  166  166  167  166  166  167  168  168  169  170  171  170
  170  170  169  168  167  165  162  159  159  157  155  152  156  157  158  159
  163  166  169  171  176  179  181  183  189  191  193  195  198  201  203  205
  206  207  208  209  208  208  208  207  206  206  205  203  201  200  198  195
  193  189  186  182  177  175  172  170  176
    75.0-180.0 180.0   5.0 450.0                            LAT/LON1/LON2/DLON/H
  179  177  175  173  165  165  164  162  161  162  162  160  162  162  162  160
  162  162  161  159  159  157  154  150  148  146  144  142  146  148  150  152
  158  162  167  170  176  180  184  186  193  196  200  202  208  211  214  217
  218  220  221  222  220  220  220  219  218  218  216  215  212  210  208  205
  203  198  193  188  184  180  177  173  179
    72.5-180.0 180.0   5.0 450.0                            LAT/LON1/LON2/DLON/H
  181  179  177  174  165  164  161  159  158  157  155  153  154  153  151  149
  154  152  151  149  151  148  144  140  139  137  135  133  137  140  144  147
  154  160  166  171  176  181  186  190  197  201  205  209  217  220  223  227
  229  230  231  232  230  230  229  228  227  226  225  222  222  220  217  213
  213  208  202  196  194  189  185  180  181
    70.0-180.0 180.0   5.0 450.0                            LAT/LON1/LON2/DLON/H
  193  189  184  178  171  169  167  164  155  152  149  146  145  144  143  141
  144  144  144  144  141  139  137  134  128  127  126  125  129  134  139  146
  154  161  168  175  179  184  188  193  200  207  212  217  228  234  239  243
  244  246  246  245  237  237  235  232  226  226  225  224  223  222  221  219
  216  213  209  205  204  201  195  189  193
    67.5-180.0 180.0   5.0 450.0                            LAT/LON1/LON2/DLON/H
  199  194  189  183  176  173  169  165  156  152  149  144  142  140  138  135
  139  138  138  137  136  134  132  130  125  124  123  123  127  133  140  146
  157  165  173  180  185  191  197  201  208  215  221  227  239  245  249  252
  255  254  252  248  240  238  234  230  225  225  223  221  223  223  222  221
  221  219  216  212  213  210  205  198  199
    65.0-180.0 180.0   5.0 450.0                            LAT/LON1/LON2/DLON/H
  203  199  193  186  180  176  172  167  158  154  149  144  142  138  135  130
  134  133  132  131  132  130  128  127  121  121  121  121  128  134  141  148
  162  171  179  187  191  199  206  211  216  224  231  237  250  255  258  260
  263  260  256  250  241  237  232  226  221  221  219  217  218  220  220  219
  221  220  218  215  218  215  210  203  203
    62.5-180.0 180.0   5.0 450.0                            LAT/LON1/LON2/DLON/H
  206  201  195  188  183  178  173  167  160  155  150  144  143  138  133  128
  132  130  128  126  128  126  124  123  119  119  119  120  130  137  144  150
  168  177  185  193  198  206  213  220  223  232  240  246  258  263  266  268
  269  265  259  252  241  235  229  222  217  216  215  213  212  214  215  216
  218  219  218  216  223  219  214  208  206
    60.0-180.0 180.0   5.0 450.0                            LAT/LON1/LON2/DLON/H
  209  202  194  186  185  179  173  167  158  152  147  143  136  132  127  122
  121  119  119  118  114  114  115  116  111  113  115  118  128  136  145  154
  168  177  186  195  200  206  212  217  227  235  242  248  267  270  273  274
  274  269  264  257  243  237  231  225  218  217  215  212  215  216  216  216
  221  222  222  221  226  224  221  216  209
    57.5-180.0 180.0   5.0 450.0                            LAT/LON1/LON2/DLON/H
  217  211  203  195  193  186  178  170  161  155  148  142  137  132  126  121
  120  117  114  113  110  109  109  110  108  110  113  116  127  135  144  153
  167  177  186  195  202  209  216  223  231  240  248  255  271  276  279  280
  279  275  269  263  249  244  237  231  225  223  220  217  220  220  219  218
  222  223  223  222  230  229  227  224  217
    55.0-180.0 180.0   5.0 450.0                            LAT/LON1/LON2/DLON/H
  229  224  217  209  206  197  187  178  167  159  151  144  137  131  125  119
  119  114  111  108  105  104  104  104  105  107  111  115  126  134  143  152
  165  175  185  195  204  212  220  228  236  246  254  262  277  282  285  286
  287  284  279  273  261  256  250  243  237  234  231  228  228  227  225  222
  225  225  225  224  234  235  234  232  229
    52.5-180.0 180.0   5.0 450.0                            LAT/LON1/LON2/DLON/H
  243  238  232  224  220  210  199  188  173  164  155  147  137  131  124  118
  118  113  108  104  103  101  101  101  105  107  111  116  126  134  142  151
  161  172  182  192  204  214  223  232  239  250  259  266  281  287  290  292
  297  295  291  286  277  273  267  261  252  249  246  242  238  235  233  229
  230  230  230  229  241  242  242  241  243
    50.0-180.0 180.0   5.0 450.0                            LAT/LON1/LON2/DLON/H
  253  250  245  239  237  226  214  202  185  174  162  151  142  134  127  121
  119  114  110  107  105  104  103  105  110  112  114  117  124  131  138  145
  159  171  184  197  208  220  232  243  251  263  272  281  288  296  302  307
  306  306  305  304  297  293  288  281  275  270  263  254  254  250  244  237
  239  238  237  236  246  249  251  253  253
    47.5-180.0 180.0   5.0 450.0                            LAT/LON1/LON2/DLON/H
  270  267  263  257  257  246  233  219  200  186  171  157  145  137  129  122
  122  117  114  113  112  110  111  112  120  121  122  124  130  136  141  146
  160  172  185  199  215  227  239  249  260  271  279  287  296  304  310  315
  318  319  318  316  313  308  301  292  291  284  276  267  265  260  255  249
  251  251  250  248  256  259  262  264  270
    45.0-180.0 180.0   5.0 450.0                            LAT/LON1/LON2/DLON/H
  282  280  276  271  274  262  249  234  214  199  182  165  151  142  133  125
  127  124  121  121  122  122  122  125  133  133  133  134  137  141  144  147
  160  173  187  201  221  233  245  256  268  278  287  294  303  312  319  324
  329  331  332  330  326  321  313  303  300  293  285  275  271  267  262  257
  261  261  260  258  266  268  271  272  282
    42.5-180.0 180.0   5.0 450.0                            LAT/LON1/LON2/DLON/H
  288  287  284  280  283  272  260  245  226  210  192  173  157  148  139  130
  134  132  131  131  135  136  137  140  147  146  145  145  144  146  147  148
  160  174  188  204  225  239  251  263  274  285  294  301  310  321  330  336
  340  344  346  345  337  332  325  316  307  301  293  284  276  273  270  266
  272  272  271  269  278  279  280  281  288
    40.0-180.0 180.0   5.0 450.0                            LAT/LON1/LON2/DLON/H
  286  286  285  282  280  275  267  258  236  219  202  185  166  156  147  138
  142  143  145  148  148  150  153  156  159  157  154  151  151  148  145  143
  161  177  195  213  223  239  255  270  283  291  298  305  321  328  333  338
  352  353  353  353  357  349  340  332  327  317  308  299  293  291  289  287
  282  284  286  288  294  293  292  292  286
    37.5-180.0 180.0   5.0 450.0                            LAT/LON1/LON2/DLON/H
  293  288  282  275  272  266  258  249  237  222  207  193  175  165  156  147
  149  150  152  155  159  162  166  169  174  171  167  164  159  155  152  150
  163  179  197  216  229  246  262  277  291  300  308  314  330  338  344  348
  360  365  367  366  369  365  359  353  347  338  328  319  314  311  308  305
  302  304  305  306  309  308  306  305  293
    35.0-180.0 180.0   5.0 450.0                            LAT/LON1/LON2/DLON/H
  304  294  283  272  263  255  247  239  234  222  211  200  186  176  166  158
  157  159  161  164  171  175  178  182  187  184  179  175  165  161  158  157
  164  180  198  217  232  250  267  282  297  307  316  323  337  346  352  356
  365  373  378  379  383  384  383  379  377  369  361  352  342  339  335  332
  326  328  329  329  332  330  326  322  304
    32.5-180.0 180.0   5.0 450.0                            LAT/LON1/LON2/DLON/H
  317  305  291  277  255  247  239  232  230  221  213  205  196  187  178  169
  167  168  171  174  182  186  190  193  198  193  189  184  169  166  164  163
  164  180  198  217  233  252  269  285  302  314  324  332  342  352  359  364
  372  382  389  393  404  409  412  413  415  410  403  395  376  375  372  368
  357  359  359  358  364  360  354  348  317
    30.0-180.0 180.0   5.0 450.0                            LAT/LON1/LON2/DLON/H
  351  331  309  287  266  254  244  234  224  218  214  212  196  187  179  172
  169  171  174  177  188  194  201  206  203  197  191  185  181  171  163  155
  164  175  190  206  226  247  268  290  308  317  326  334  339  344  349  355
  371  384  396  409  426  436  447  459  460  453  446  440  433  420  408  400
  402  398  394  391  397  392  385  375  351
    27.5-180.0 180.0   5.0 450.0                            LAT/LON1/LON2/DLON/H
  390  366  340  313  284  266  250  236  229  221  216  213  205  196  188  182
  177  179  181  185  198  204  211  217  214  208  201  194  183  173  164  157
  160  171  185  201  224  245  267  289  306  316  326  334  334  342  349  357
  373  391  408  425  450  468  485  498  507  504  499  492  483  471  460  449
  442  439  437  433  431  430  425  418  390
    25.0-180.0 180.0   5.0 450.0                            LAT/LON1/LON2/DLON/H
  435  409  381  351  314  291  270  251  241  231  225  222  216  208  200  195
  189  189  191  194  210  216  222  228  222  216  209  201  181  172  163  155
  153  163  176  192  217  238  260  282  300  310  321  330  330  340  350  360
  376  399  421  442  472  496  517  533  546  546  544  538  528  519  508  497
  483  482  480  476  469  470  468  461  435
    22.5-180.0 180.0   5.0 450.0                            LAT/LON1/LON2/DLON/H
  477  453  425  395  351  326  301  278  259  249  242  238  229  221  214  210
  201  201  202  203  222  227  232  237  224  219  212  204  174  166  158  150
  144  153  166  181  206  227  249  271  290  302  313  324  326  339  352  364
  383  410  435  459  491  519  542  560  573  577  576  572  565  558  550  540
  521  521  519  515  508  510  509  503  477
    20.0-180.0 180.0   5.0 450.0                            LAT/LON1/LON2/DLON/H
  517  494  465  430  385  359  331  302  276  264  254  246  242  234  228  223
  218  217  217  216  235  239  242  245  233  217  200  183  157  144  132  121
  119  123  131  140  189  212  238  264  285  298  311  323  332  348  364  379
  394  425  454  479  505  528  549  565  582  586  588  589  590  583  576  569
  562  559  555  550  553  552  548  541  517
    17.5-180.0 180.0   5.0 450.0                            LAT/LON1/LON2/DLON/H
  539  518  491  458  413  386  356  326  296  282  270  259  254  245  237  232
  230  227  225  224  240  243  245  247  225  209  191  174  147  134  121  110
  104  108  116  127  176  200  227  254  278  293  307  321  338  356  373  390
  410  438  465  490  509  526  542  556  570  575  579  582  590  591  590  586
  582  581  579  575  575  574  570  562  539
    15.0-180.0 180.0   5.0 450.0                            LAT/LON1/LON2/DLON/H
  541  523  499  470  425  398  370  341  312  296  283  271  265  256  248  243
  238  234  231  228  240  241  241  242  211  194  177  160  133  119  107   97
   90   94  102  113  164  188  216  244  271  288  305  321  345  365  384  403
  426  452  476  498  512  523  532  542  554  559  565  571  582  589  595  595
  592  594  594  590  589  585  579  571  541
    12.5-180.0 180.0   5.0 450.0                            LAT/LON1/LON2/DLON/H
  528  513  492  469  422  397  371  345  321  306  293  280  274  265  258  253
  245  240  235  231  235  235  234  233  192  176  159  143  118  105   93   83
   78   82   90  101  154  178  206  235  265  285  305  323  352  374  396  416
  441  464  485  505  515  520  524  528  539  545  552  558  570  583  592  598
  595  598  599  597  596  589  580  569  528
    10.0-180.0 180.0   5.0 450.0                            LAT/LON1/LON2/DLON/H
  523  502  476  448  401  382  363  344  321  312  304  297  289  282  276  269
  253  244  234  223  224  213  201  189  173  157  142  127  105   95   85   78
   77   77   81   89  132  162  194  227  249  275  299  322  353  380  404  426
  456  474  489  502  508  512  515  518  518  527  536  545  556  567  576  582
  591  593  593  591  592  584  574  563  523
     7.5-180.0 180.0   5.0 450.0                            LAT/LON1/LON2/DLON/H
  506  479  449  416  379  359  340  323  312  304  298  292  291  285  279  272
  257  246  234  222  213  200  187  174  154  139  125  111   96   87   79   73
   69   71   76   85  127  155  186  220  248  272  296  319  353  381  405  427
  459  480  497  512  518  523  527  531  535  542  549  555  565  574  580  582
  591  594  595  593  586  580  571  560  506
     5.0-180.0 180.0   5.0 450.0                            LAT/LON1/LON2/DLON/H
  498  467  432  396  362  342  324  308  303  297  292  288  292  286  280  274
  258  246  232  218  201  187  173  159  138  125  112  101   90   82   76   72
   67   69   76   85  121  148  179  212  243  267  290  314  347  375  400  423
  459  481  501  518  532  540  546  551  560  565  568  571  573  579  582  580
  584  589  591  590  577  572  565  555  498
     2.5-180.0 180.0   5.0 450.0                            LAT/LON1/LON2/DLON/H
  500  467  430  391  353  334  317  302  297  292  288  286  288  283  278  272
  255  242  227  211  188  173  159  144  127  115  104   96   89   83   79   76
   69   72   79   89  117  143  173  205  236  259  283  307  337  365  392  416
  456  480  501  520  549  560  568  575  585  588  590  589  576  579  579  574
  571  578  582  583  569  566  560  551  500
