o1pg1940-20230714.23i
     1.0            IONOSPHERE MAPS     GNSS                IONEX VERSION / TYPE
IONINX V4.3         AIUB                14-Jul-23 09:19     PGM / RUN BY / DATE 
406 1-DAY PREDICTED IONOSPHERE MAPS FOR DAY 194, 2023       COMMENT             
We use the deep learning algorithm, based on the global     DESCRIPTION         
ionospheric map provided by CODE and the final global       DESCRIPTION         
ionospheric map combined by IGS, and use our proposed       DESCRIPTION         
spatiotemporal network model to predict the global          DESCRIPTION         
ionospheric map of the next day.                            DESCRIPTION         
Contact address: wanghongyue@stu.cdut.edu.cn                DESCRIPTION         
  2023    07    13     0     0     0                        EPOCH OF FIRST MAP  
  2023    07    13    22     0     0                        EPOCH OF LAST MAP   
  7200                                                      INTERVAL            
    12                                                      # OF MAPS IN FILE   
  NONE                                                      MAPPING FUNCTION    
     0.0                                                    ELEVATION CUTOFF    
TEC prediction calculated as a spatiotemporal network model OBSERVABLES USED    
  6371.0                                                    BASE RADIUS         
     2                                                      MAP DIMENSION       
   450.0 450.0   0.0                                        HGT1 / HGT2 / DHGT  
    87.5 -87.5  -2.5                                        LAT1 / LAT2 / DLAT  
  -180.0 180.0   5.0                                        LON1 / LON2 / DLON  
    -1                                                      EXPONENT            
TEC values in 0.1 tec units;  9999, if no value available   COMMENT             
                                                            END OF HEADER       
[from data line 3003]
     8                                                      START OF TEC MAP    
  2023    07    13    14     0     0                        EPOCH OF CURRENT MAP
    87.5-180.0 180.0   5.0 450.0                            LAT/LON1/LON2/DLON/H
  167  167  168  168  167  167  169  170  172  173  173  173  173  173  173  173
  172  173  173  173  172  172  172  172  170  170  170  169  169  168  167  167
  168  168  167  166  168  168  167  166  169  169  168  168  169  170  170  170
  171  171  171  171  169  169  170  170  168  169  169  170  168  169  169  169
  170  170  171  170  167  168  169  169  167
    85.0-180.0 180.0   5.0 450.0                            LAT/LON1/LON2/DLON/H
  163  164  165  167  166  168  170  171  173  174  175  175  176  176  176  176
  176  176  176  176  176  176  175  175  174  173  173  171  170  169  168  167
  167  166  165  163  164  163  162  161  163  163  162  162  163  164  164  164
  165  165  166  166  164  165  165  165  165  165  166  166  165  166  166  165
  165  166  166  165  164  165  166  167  163
    82.5-180.0 180.0   5.0 450.0                            LAT/LON1/LON2/DLON/H
  156  158  161  163  164  166  168  170  171  172  174  175  175  176  176  176
  177  177  177  177  178  177  177  176  176  175  173  172  171  169  168  166
  166  165  163  161  161  160  159  158  159  159  158  158  158  158  159  159
  161  161  161  161  161  161  161  161  163  163  163  163  163  163  163  162
  160  160  160  159  159  159  160  161  156
    80.0-180.0 180.0   5.0 450.0                            LAT/LON1/LON2/DLON/H
  155  155  156  157  158  161  164  167  167  169  170  172  170  171  172  173
  172  173  174  175  175  174  174  175  175  173  172  172  175  173  171  170
  171  169  167  165  163  162  161  160  157  158  158  159  156  159  161  162
  160  161  163  164  162  162  162  162  163  163  162  161  160  159  158  157
  154  152  151  150  151  152  152  153  155
    77.5-180.0 180.0   5.0 450.0                            LAT/LON1/LON2/DLON/H
  149  150  151  152  153  156  158  161  161  163  165  165  164  166  167  168
  166  168  170  171  170  171  171  172  171  171  171  170  173  172  171  169
  171  170  168  167  165  164  163  161  159  159  160  160  159  161  163  165
  163  165  166  168  166  167  167  167  167  166  166  165  161  160  159  156
  151  149  147  146  145  144  144  144  149
    75.0-180.0 180.0   5.0 450.0                            LAT/LON1/LON2/DLON/H
  147  147  148  148  149  152  154  155  156  157  159  159  159  161  162  162
  161  164  166  167  166  168  169  170  170  170  170  170  173  173  173  172
  173  173  172  171  169  168  167  165  164  164  164  164  165  166  168  169
  170  171  172  173  172  173  173  172  172  171  170  168  164  162  160  157
  150  148  146  143  141  140  139  138  147
    72.5-180.0 180.0   5.0 450.0                            LAT/LON1/LON2/DLON/H
  145  145  145  146  147  149  150  151  151  152  153  153  153  155  156  156
  157  159  161  162  163  165  166  167  169  170  170  170  175  175  175  174
  177  177  177  176  176  174  172  170  171  170  170  169  172  173  174  175
  176  177  177  178  178  178  177  177  176  174  172  170  166  164  161  157
  152  149  146  143  142  140  138  136  145
    70.0-180.0 180.0   5.0 450.0                            LAT/LON1/LON2/DLON/H
  140  140  141  141  141  144  147  151  150  151  153  155  154  155  157  158
  159  161  163  165  165  168  170  171  173  175  175  176  177  179  180  181
  179  180  181  181  179  178  177  175  176  176  176  176  175  177  179  181
  178  180  182  183  179  180  180  180  175  174  172  171  166  163  160  157
  151  148  144  141  140  139  137  134  140
    67.5-180.0 180.0   5.0 450.0                            LAT/LON1/LON2/DLON/H
  139  140  140  140  140  143  146  149  149  151  153  155  155  157  158  160
  160  163  165  167  168  170  172  174  176  177  178  178  179  181  182  183
  183  185  185  185  184  183  182  179  181  181  181  180  180  182  184  185
  183  185  185  185  181  182  181  180  177  176  174  172  169  166  163  159
  154  151  148  144  142  140  137  134  139
    65.0-180.0 180.0   5.0 450.0                            LAT/LON1/LON2/DLON/H
  138  137  137  137  138  141  143  146  148  151  153  156  158  160  161  162
  163  166  168  170  170  173  175  177  178  179  180  180  181  184  186  186
  188  189  190  189  189  188  186  184  186  186  186  185  186  188  188  189
  188  188  188  187  183  183  182  180  178  177  175  173  170  167  164  160
  156  153  149  145  143  141  137  134  138
    62.5-180.0 180.0   5.0 450.0                            LAT/LON1/LON2/DLON/H
  135  134  133  133  136  138  140  142  147  150  153  156  160  162  164  165
  166  169  171  173  172  174  176  178  180  181  182  182  185  187  189  189
  191  192  192  192  192  191  189  187  190  190  189  189  190  191  191  191
  191  190  189  188  184  183  182  180  179  178  177  175  170  167  164  161
  157  154  150  146  145  142  138  135  135
    60.0-180.0 180.0   5.0 450.0                            LAT/LON1/LON2/DLON/H
  128  128  127  127  125  127  130  135  140  145  152  159  162  163  165  167
  167  167  168  168  169  172  175  178  181  183  185  187  188  190  193  196
  197  198  200  201  199  198  198  197  199  198  198  197  196  196  196  194
  194  194  192  190  191  191  189  188  188  187  185  182  180  177  173  168
  163  159  154  149  145  141  138  133  128
    57.5-180.0 180.0   5.0 450.0                            LAT/LON1/LON2/DLON/H
  126  124  124  123  121  122  125  128  135  140  146  154  160  163  166  168
  169  169  170  170  170  173  176  179  181  185  188  191  192  196  199  202
  202  203  204  204  202  202  202  202  203  204  203  202  200  201  201  199
  197  197  197  195  196  197  196  195  197  195  193  189  189  183  177  170
  163  158  152  146  141  137  133  130  126
    55.0-180.0 180.0   5.0 450.0                            LAT/LON1/LON2/DLON/H
  124  123  122  121  118  118  120  123  130  135  141  148  157  161  165  168
  170  171  171  172  171  174  176  179  183  188  192  196  198  202  206  209
  209  209  209  209  208  208  209  209  210  211  211  209  207  208  207  205
  202  204  204  203  206  206  206  205  208  206  203  199  198  191  183  174
  164  158  152  145  138  134  131  128  124
    52.5-180.0 180.0   5.0 450.0                            LAT/LON1/LON2/DLON/H
  125  123  121  120  117  116  117  119  125  130  136  143  153  157  162  166
  170  171  171  172  171  174  177  179  185  191  196  201  204  208  212  215
  216  215  215  214  215  216  216  217  217  217  217  215  214  214  213  210
  210  212  212  211  217  218  219  218  219  217  214  210  205  197  188  178
  167  160  154  147  139  135  132  129  125
    50.0-180.0 180.0   5.0 450.0                            LAT/LON1/LON2/DLON/H
  128  125  122  119  117  116  117  119  127  132  138  145  155  160  166  172
  171  173  175  176  179  180  182  184  194  199  205  209  214  218  223  226
  226  226  226  226  231  229  228  227  230  228  225  223  226  224  223  222
  226  227  228  229  228  231  232  232  231  228  223  217  211  203  193  183
  175  167  158  150  140  137  135  133  128
    47.5-180.0 180.0   5.0 450.0                            LAT/LON1/LON2/DLON/H
  134  130  127  125  122  122  122  123  130  134  140  147  158  163  169  175
  179  181  183  185  186  188  190  192  201  206  211  216  221  225  230  233
  234  235  236  238  242  242  241  240  241  240  238  234  233  233  233  232
  234  235  237  237  237  238  238  236  235  231  226  219  216  207  198  188
  180  172  163  154  145  142  139  137  134
    45.0-180.0 180.0   5.0 450.0                            LAT/LON1/LON2/DLON/H
  139  136  133  131  128  128  128  129  134  138  144  151  163  168  173  180
  189  192  194  196  197  199  201  203  209  214  219  224  227  232  237  240
  242  246  250  253  256  258  259  258  255  255  253  249  245  246  246  246
  244  246  247  246  242  242  241  237  235  230  225  219  216  208  200  191
  186  178  169  161  152  148  145  143  139
    42.5-180.0 180.0   5.0 450.0                            LAT/LON1/LON2/DLON/H
  142  140  137  135  131  132  133  134  139  144  149  156  168  174  180  186
  199  202  205  208  207  210  212  214  217  222  227  231  233  238  243  246
  252  258  264  269  272  275  278  278  270  270  268  264  259  261  262  261
  257  258  259  258  247  246  243  239  232  228  223  217  214  208  202  195
  193  185  177  169  160  156  152  149  142
    40.0-180.0 180.0   5.0 450.0                            LAT/LON1/LON2/DLON/H
  148  145  144  143  135  136  137  138  143  149  157  164  170  180  189  198
  207  212  216  219  218  221  223  225  229  234  238  242  248  253  260  267
  274  281  290  300  308  308  309  310  304  300  295  291  282  281  279  278
  276  273  269  266  256  250  243  236  231  226  221  215  215  212  208  205
  201  195  189  182  180  173  166  161  148
    37.5-180.0 180.0   5.0 450.0                            LAT/LON1/LON2/DLON/H
  153  149  145  142  134  136  137  139  145  154  163  173  182  192  201  209
  219  223  227  230  230  233  235  237  242  246  250  254  260  267  275  285
  294  306  319  331  342  344  344  342  336  331  325  319  308  305  302  298
  294  290  284  278  265  258  250  241  235  229  223  215  222  219  215  211
  212  206  200  193  187  180  173  167  153
    35.0-180.0 180.0   5.0 450.0                            LAT/LON1/LON2/DLON/H
  158  152  147  142  132  134  136  139  144  154  166  178  191  201  210  218
  227  231  235  238  239  242  245  246  253  257  261  266  273  283  294  305
  320  336  353  368  378  381  381  379  370  365  358  350  335  331  326  319
  314  308  301  291  275  267  257  247  238  232  225  216  225  223  220  215
  218  213  206  199  192  184  177  170  158
    32.5-180.0 180.0   5.0 450.0                            LAT/LON1/LON2/DLON/H
  163  156  149  144  131  132  135  138  142  153  167  181  198  208  217  226
  232  237  241  245  245  249  252  254  263  267  272  277  288  301  314  328
  347  368  387  405  414  418  418  415  403  398  390  381  361  356  349  341
  334  327  317  306  289  280  269  257  244  238  230  222  229  227  225  221
  221  217  211  204  197  189  182  175  163
    30.0-180.0 180.0   5.0 450.0                            LAT/LON1/LON2/DLON/H
  172  165  156  148  133  133  134  136  138  152  168  184  199  209  219  229
  233  238  242  246  244  251  257  261  269  276  283  292  309  327  346  366
  383  405  427  447  448  450  450  448  434  425  417  408  392  381  372  363
  363  353  343  333  317  303  289  275  260  250  241  233  236  231  227  224
  227  222  216  212  214  205  196  188  172
    27.5-180.0 180.0   5.0 450.0                            LAT/LON1/LON2/DLON/H
  182  173  163  153  140  137  135  134  137  150  165  180  198  209  220  231
  235  241  246  250  252  258  264  269  278  287  297  307  325  347  370  392
  413  435  456  474  474  475  474  471  456  447  439  431  412  402  393  384
  386  375  364  353  338  322  305  287  270  259  248  238  237  232  227  224
  226  221  216  212  217  210  202  194  182
    25.0-180.0 180.0   5.0 450.0                            LAT/LON1/LON2/DLON/H
  191  182  172  161  149  144  140  136  136  147  161  176  197  210  222  234
  239  246  251  256  261  267  272  278  288  299  311  323  341  367  393  417
  439  458  477  492  490  489  486  482  470  462  454  447  431  422  414  405
  408  397  385  373  353  334  314  293  273  260  248  237  234  228  224  221
  219  215  212  209  214  208  202  195  191
    22.5-180.0 180.0   5.0 450.0                            LAT/LON1/LON2/DLON/H
  196  188  178  168  158  151  145  140  136  146  158  172  197  210  223  236
  244  251  258  263  269  276  282  289  297  311  325  339  357  385  412  437
  456  473  488  499  496  494  489  484  476  469  462  456  445  437  430  422
  424  414  402  389  361  340  318  294  271  258  246  234  229  224  221  218
  211  209  207  206  210  205  200  196  196
    20.0-180.0 180.0   5.0 450.0                            LAT/LON1/LON2/DLON/H
  193  188  182  175  159  156  152  147  143  146  152  160  189  207  226  245
  248  256  263  270  279  285  291  297  302  318  335  354  373  401  430  456
  475  486  495  503  501  495  489  483  479  475  472  468  457  454  452  450
  451  439  425  411  371  345  320  296  275  257  242  229  232  225  219  214
  210  206  202  198  202  199  196  193  193
    17.5-180.0 180.0   5.0 450.0                            LAT/LON1/LON2/DLON/H
  192  187  181  174  165  162  158  153  144  147  151  158  187  205  225  245
  250  260  268  276  285  292  299  306  313  331  349  367  392  417  442  465
  476  484  490  496  488  483  478  475  479  476  474  473  470  468  466  464
  468  452  435  416  373  344  316  290  269  251  235  223  225  218  212  207
  204  199  196  193  199  195  191  188  192
    15.0-180.0 180.0   5.0 450.0                            LAT/LON1/LON2/DLON/H
  183  178  173  166  163  160  156  151  142  143  147  152  184  203  223  243
  251  262  272  282  290  298  307  316  327  346  365  383  410  431  451  471
  476  481  484  488  481  477  475  475  481  480  480  481  480  479  477  475
  477  458  437  414  375  343  313  284  268  250  235  224  223  215  208  203
  199  195  191  188  195  189  184  179  183
    12.5-180.0 180.0   5.0 450.0                            LAT/LON1/LON2/DLON/H
  172  167  162  156  154  151  148  144  138  138  141  145  181  200  220  241
  251  263  275  287  295  305  316  327  343  363  381  399  426  443  459  474
  477  479  481  482  480  479  480  482  485  487  489  491  487  485  484  482
  477  456  432  407  375  341  309  279  271  254  240  229  222  214  208  202
  196  191  186  183  191  184  177  170  172
    10.0-180.0 180.0   5.0 450.0                            LAT/LON1/LON2/DLON/H
  155  150  146  142  134  132  131  131  128  128  131  135  162  184  207  231
  241  256  269  282  282  298  313  328  343  366  388  409  434  450  464  476
  484  486  486  486  482  487  491  493  493  498  501  501  490  489  485  477
  474  451  425  397  370  345  321  299  281  266  252  241  229  221  213  205
  201  195  190  186  180  171  163  157  155
     7.5-180.0 180.0   5.0 450.0                            LAT/LON1/LON2/DLON/H
  145  139  134  129  121  119  118  118  119  120  124  130  157  180  205  230
  242  257  271  284  288  305  321  336  359  383  405  426  449  462  473  484
  487  489  491  493  498  501  504  506  508  508  506  501  492  488  480  471
  462  440  414  388  365  343  322  302  290  276  262  250  233  224  214  204
  199  193  187  183  174  166  160  153  145
     5.0-180.0 180.0   5.0 450.0                            LAT/LON1/LON2/DLON/H
  139  132  125  119  110  107  106  107  107  109  114  122  151  175  200  226
  240  257  272  285  293  311  329  344  375  400  423  443  463  474  483  492
  491  496  499  503  511  514  515  516  514  509  501  492  482  474  464  452
  439  418  395  372  354  337  320  305  296  282  269  256  235  224  213  202
  197  190  184  178  167  160  154  148  139
     2.5-180.0 180.0   5.0 450.0                            LAT/LON1/LON2/DLON/H
  139  130  122  116  106  103  101  101   98  101  108  117  146  170  195  222
  238  256  271  285  298  318  337  353  389  415  438  459  475  485  493  500
  496  503  509  514  517  519  521  521  510  500  488  475  460  450  438  425
  406  387  368  349  339  326  315  304  294  281  269  257  232  220  208  196
  192  185  178  172  161  155  149  143  139
