o1pg2100-20230730.23i
     1.0            IONOSPHERE MAPS     GNSS                IONEX VERSION / TYPE
IONINX V4.3         AIUB                01-Aug-23 09:22     PGM / RUN BY / DATE 
406 1-DAY PREDICTED IONOSPHERE MAPS FOR DAY 210, 2023       COMMENT             
We use the deep learning algorithm, based on the global     DESCRIPTION         
ionospheric map provided by CODE and the final global       DESCRIPTION         
ionospheric map combined by IGS, and use our proposed       DESCRIPTION         
spatiotemporal network model to predict the global          DESCRIPTION         
ionospheric map of the next day.                            DESCRIPTION         
Contact address: wanghongyue@stu.cdut.edu.cn                DESCRIPTION         
  2023    07    29     0     0     0                        EPOCH OF FIRST MAP  
  2023    07    29    22     0     0                        EPOCH OF LAST MAP   
  7200                                                      INTERVAL            
    12                                                      # OF MAPS IN FILE   
  NONE                                                      MAPPING FUNCTION    
     0.0                                                    ELEVATION CUTOFF    
TEC prediction calculated as a spatiotemporal network model OBSERVABLES USED    
  6371.0                                                    BASE RADIUS         
     2                                                      MAP DIMENSION       
   450.0 450.0   0.0                                        HGT1 / HGT2 / DHGT  
    87.5 -87.5  -2.5                                        LAT1 / LAT2 / DLAT  
  -180.0 180.0   5.0                                        LON1 / LON2 / DLON  
    -1                                                      EXPONENT            
TEC values in 0.1 tec units;  9999, if no value available   COMMENT             
                                                            END OF HEADER       
[from data line 429]
     2                                                      START OF TEC MAP    
  2023    07    29     2     0     0                        EPOCH OF CURRENT MAP
    87.5-180.0 180.0   5.0 450.0                            LAT/LON1/LON2/DLON/H
  190  189  188  188  186  186  186  186  185  185  185  185  189  188  188  187
  186  186  185  184  184  183  181  180  179  178  176  174  176  175  174  172
  172  172  172  171  172  173  174  174  174  176  177  178  176  177  178  179
  176  177  177  178  176  177  177  178  174  175  177  178  178  179  180  181
  181  182  181  180  184  185  185  186  190
    85.0-180.0 180.0   5.0 450.0                            LAT/LON1/LON2/DLON/H
  195  195  195  196  192  192  191  191  190  190  190  190  194  193  193  192
  192  192  191  190  189  187  185  182  181  179  176  172  172  171  169  166
  166  165  164  163  165  166  166  167  169  170  172  173  174  175  176  178
  176  177  178  179  177  177  178  178  177  178  178  179  183  183  184  184
  186  186  185  184  187  188  188  188  195
    82.5-180.0 180.0   5.0 450.0                            LAT/LON1/LON2/DLON/H
  198  199  201  202  195  195  195  195  192  193  193  193  196  196  196  195
  196  195  194  193  192  189  187  184  180  177  174  170  168  165  163  160
  160  159  158  156  158  159  160  161  164  166  168  170  171  173  176  178
  176  178  179  181  179  180  180  181  182  182  182  182  189  189  189  188
  191  191  189  187  189  189  189  188  198
    80.0-180.0 180.0   5.0 450.0                            LAT/LON1/LON2/DLON/H
  204  203  202  201  198  199  199  199  197  199  200  200  202  203  203  203
  202  202  202  202  196  194  191  188  181  176  172  168  163  160  156  154
  153  152  151  151  155  156  158  160  164  167  170  173  175  179  182  185
  184  185  187  188  189  189  189  189  196  196  197  197  202  203  204  204
  202  200  198  196  196  195  193  192  204
    77.5-180.0 180.0   5.0 450.0                            LAT/LON1/LON2/DLON/H
  207  206  205  204  199  200  199  199  197  198  198  198  201  202  201  200
  201  201  200  198  194  191  188  184  176  171  166  161  157  154  151  148
  148  148  147  147  152  154  156  158  163  167  170  174  178  181  185  189
  189  192  194  196  199  200  200  200  208  209  209  209  213  214  214  214
  212  209  206  203  200  198  195  193  207
    75.0-180.0 180.0   5.0 450.0                            LAT/LON1/LON2/DLON/H
  213  212  210  209  202  202  201  200  198  199  199  197  201  200  199  197
  199  198  197  194  191  188  184  179  172  167  162  156  153  150  147  145
  146  146  146  147  152  154  156  158  163  167  171  175  180  185  189  194
  196  199  202  205  208  210  211  212  220  221  221  221  225  225  225  223
  222  219  215  210  207  203  200  196  213
    72.5-180.0 180.0   5.0 450.0                            LAT/LON1/LON2/DLON/H
  217  216  214  213  206  205  204  201  202  201  199  197  200  198  195  192
  196  194  191  187  187  183  178  173  168  163  157  151  150  148  145  143
  145  146  147  147  152  154  157  159  163  168  172  176  182  187  192  197
  201  204  208  211  215  217  218  219  228  229  230  229  233  233  231  229
  232  228  223  217  215  211  207  202  217
    70.0-180.0 180.0   5.0 450.0                            LAT/LON1/LON2/DLON/H
  222  220  218  215  211  211  211  210  202  202  200  198  198  195  191  187
  185  183  181  178  175  173  170  167  161  157  154  150  149  148  147  147
  149  150  150  151  156  157  158  160  164  169  175  181  184  193  201  209
  207  214  220  225  220  225  228  230  228  230  231  231  231  232  232  231
  228  227  224  221  219  217  212  206  222
    67.5-180.0 180.0   5.0 450.0                            LAT/LON1/LON2/DLON/H
  229  227  224  220  217  216  215  213  207  206  205  202  199  196  191  186
  181  179  175  172  171  168  165  162  159  155  152  148  148  148  147  147
  149  150  150  151  154  155  156  157  161  166  173  180  185  193  202  210
  210  217  223  228  224  228  230  232  230  232  232  232  233  234  234  233
  232  231  229  226  227  224  220  214  229
    65.0-180.0 180.0   5.0 450.0                            LAT/LON1/LON2/DLON/H
  234  232  228  224  222  220  218  216  212  211  209  206  203  198  193  186
  180  176  172  167  169  165  162  159  157  154  150  146  149  148  147  147
  150  150  150  150  152  152  153  154  157  163  170  177  185  194  203  212
  213  219  225  229  225  229  231  232  229  231  232  232  231  232  233  233
  232  232  231  228  231  228  224  218  234
    62.5-180.0 180.0   5.0 450.0                            LAT/LON1/LON2/DLON/H
  237  235  231  226  224  222  219  216  215  214  212  209  207  202  195  188
  181  176  171  165  168  164  160  157  157  153  149  145  150  149  149  148
  151  150  150  149  149  149  149  150  153  160  167  174  185  194  203  212
  214  221  226  231  225  228  231  232  228  230  231  231  228  229  230  231
  229  230  230  229  234  231  227  222  237
    60.0-180.0 180.0   5.0 450.0                            LAT/LON1/LON2/DLON/H
  241  236  231  224  226  223  221  221  216  216  216  217  209  204  198  192
  181  175  169  164  162  159  156  153  149  146  144  143  148  148  148  149
  152  149  148  147  142  140  139  138  143  150  158  167  178  190  202  214
  213  219  224  229  225  228  230  232  229  230  231  231  231  233  233  234
  230  232  233  234  233  235  234  232  241
    57.5-180.0 180.0   5.0 450.0                            LAT/LON1/LON2/DLON/H
  246  242  236  229  229  225  222  219  217  217  216  216  213  209  204  198
  188  181  175  169  166  162  158  154  149  147  145  143  150  150  149  150
  151  148  146  144  139  137  137  138  140  148  157  167  177  189  202  215
  215  222  228  234  230  233  236  237  236  237  237  237  235  236  236  235
  232  234  235  235  235  236  236  234  246
    55.0-180.0 180.0   5.0 450.0                            LAT/LON1/LON2/DLON/H
  257  252  246  239  237  232  226  221  220  218  217  215  216  213  209  204
  197  190  183  177  172  166  161  157  152  150  148  147  155  154  153  152
  152  148  145  142  137  136  137  139  139  148  157  167  177  189  203  216
  219  227  235  241  239  243  246  248  247  247  247  247  243  243  242  241
  236  238  239  239  239  240  240  238  257
    52.5-180.0 180.0   5.0 450.0                            LAT/LON1/LON2/DLON/H
  269  265  260  253  249  242  235  227  224  221  219  216  219  216  213  209
  206  199  192  185  180  173  167  162  159  157  155  153  162  160  158  156
  153  149  145  142  137  137  138  142  140  148  158  168  177  190  203  217
  224  234  243  250  250  255  259  262  258  260  260  259  252  251  250  248
  242  244  245  245  246  246  246  245  269
    50.0-180.0 180.0   5.0 450.0                            LAT/LON1/LON2/DLON/H
  282  279  275  271  263  255  246  238  231  226  223  220  218  217  216  215
  210  207  203  199  193  188  183  178  173  170  168  165  165  164  163  161
  153  150  148  145  143  144  145  146  140  146  153  160  172  186  202  217
  220  233  246  258  256  261  266  271  270  271  269  267  266  265  262  259
  260  260  260  261  257  258  259  260  282
    47.5-180.0 180.0   5.0 450.0                            LAT/LON1/LON2/DLON/H
  300  297  294  290  285  276  266  256  246  240  233  226  225  223  221  219
  217  213  210  207  200  195  191  188  184  181  178  175  176  174  170  166
  158  155  153  150  149  150  150  151  145  151  156  162  172  186  202  219
  227  240  253  266  269  274  278  281  285  284  281  277  277  276  273  271
  270  271  272  272  268  270  271  272  300
    45.0-180.0 180.0   5.0 450.0                            LAT/LON1/LON2/DLON/H
  316  314  311  309  305  297  287  276  264  255  246  236  232  229  226  223
  222  219  216  213  209  206  203  200  198  195  191  188  189  184  178  172
  164  162  159  157  156  157  158  158  152  156  161  165  174  188  204  221
  233  247  261  274  282  286  290  292  297  295  291  287  287  286  284  283
  282  283  284  285  282  284  285  285  316
    42.5-180.0 180.0   5.0 450.0                            LAT/LON1/LON2/DLON/H
  327  326  325  323  322  314  305  294  281  271  260  248  241  237  233  229
  228  226  223  222  219  217  215  213  213  209  205  201  199  193  186  178
  170  169  167  165  165  166  167  167  159  162  166  169  177  192  208  226
  241  255  270  284  292  298  302  305  307  305  302  298  296  297  297  296
  294  296  298  299  298  299  300  300  327
    40.0-180.0 180.0   5.0 450.0                            LAT/LON1/LON2/DLON/H
  342  342  342  342  335  333  329  323  306  294  281  268  257  251  243  235
  239  238  236  233  225  224  223  221  221  220  219  217  214  206  199  191
  195  189  184  179  181  179  178  176  170  173  177  182  179  195  211  229
  240  255  270  285  302  306  308  310  325  323  318  313  314  313  312  311
  310  312  315  317  327  328  329  329  342
    37.5-180.0 180.0   5.0 450.0                            LAT/LON1/LON2/DLON/H
  362  358  354  351  350  346  341  336  322  311  299  288  276  267  258  249
  247  245  243  239  230  230  230  230  232  232  231  231  229  222  215  209
  211  207  201  196  197  195  192  188  183  186  189  193  190  204  220  236
  245  261  277  291  306  313  318  320  333  332  330  325  328  328  327  327
  329  332  334  336  346  347  347  346  362
    35.0-180.0 180.0   5.0 450.0                            LAT/LON1/LON2/DLON/H
  385  379  373  366  364  359  354  349  335  326  317  308  293  284  273  263
  253  251  248  245  236  237  238  239  244  244  244  244  242  237  232  227
  227  224  219  214  213  209  205  200  197  199  201  203  199  213  227  242
  248  265  281  295  309  318  325  328  341  343  343  339  343  344  346  346
  352  355  358  360  374  373  372  368  385
    32.5-180.0 180.0   5.0 450.0                            LAT/LON1/LON2/DLON/H
  411  404  396  388  378  374  369  364  347  341  335  328  312  302  291  280
  262  259  256  253  241  244  246  248  254  255  255  255  253  251  248  245
  240  237  233  229  226  221  216  209  211  211  212  213  208  220  233  246
  250  267  283  297  311  324  332  338  351  356  358  357  362  366  370  372
  381  385  388  389  410  408  404  398  411
    30.0-180.0 180.0   5.0 450.0                            LAT/LON1/LON2/DLON/H
  449  439  428  418  400  394  388  383  368  363  357  350  336  322  306  288
  272  263  254  245  247  251  256  260  270  272  273  273  272  266  259  252
  255  249  242  234  235  231  226  219  213  213  212  211  205  213  223  233
  239  254  270  286  308  315  321  327  351  353  355  357  376  379  383  388
  396  403  409  415  439  438  436  433  449
    27.5-180.0 180.0   5.0 450.0                            LAT/LON1/LON2/DLON/H
  491  482  471  458  434  423  413  405  391  382  375  367  361  344  325  307
  285  274  264  255  258  263  268  274  289  290  290  289  282  275  267  259
  259  253  245  236  240  235  229  223  218  217  216  213  205  211  219  227
  232  248  265  282  302  313  322  329  353  360  366  370  390  398  405  413
  423  435  445  453  469  477  483  484  491
    25.0-180.0 180.0   5.0 450.0                            LAT/LON1/LON2/DLON/H
  537  531  521  508  481  466  453  441  424  414  404  395  386  367  347  327
  300  288  276  266  270  275  280  287  303  303  302  300  285  278  270  260
  256  249  240  231  236  231  225  219  217  214  211  207  199  203  208  214
  220  237  255  274  293  308  321  331  352  364  374  381  400  413  425  436
  448  463  476  486  500  515  527  532  537
    22.5-180.0 180.0   5.0 450.0                            LAT/LON1/LON2/DLON/H
  577  575  568  557  531  515  500  484  465  453  441  430  412  391  370  349
  317  303  290  279  284  288  294  300  309  308  306  303  278  271  262  252
  246  238  229  220  226  221  215  209  210  206  201  196  187  190  193  198
  206  225  245  265  284  304  320  333  349  367  381  392  409  426  442  457
  469  486  501  512  528  547  561  569  577
    20.0-180.0 180.0   5.0 450.0                            LAT/LON1/LON2/DLON/H
  600  604  601  593  565  554  540  524  501  487  472  456  437  414  389  363
  331  319  308  296  295  301  307  313  324  309  295  281  268  251  234  217
  217  212  207  201  199  196  193  188  185  181  175  170  163  162  163  166
  188  210  233  256  280  297  313  329  352  366  379  392  416  433  450  467
  485  505  524  542  539  558  575  587  600
    17.5-180.0 180.0   5.0 450.0                            LAT/LON1/LON2/DLON/H
  615  623  625  622  599  590  578  563  540  524  506  486  468  441  413  383
  355  339  323  309  309  310  312  314  314  298  282  265  247  230  213  197
  196  191  185  179  177  174  170  165  162  157  151  146  143  143  145  150
  177  200  225  252  281  298  316  333  362  376  390  404  427  445  462  479
  494  511  528  544  544  564  582  596  615
    15.0-180.0 180.0   5.0 450.0                            LAT/LON1/LON2/DLON/H
  614  626  633  635  617  613  604  592  573  556  535  513  494  465  434  403
  374  354  335  318  315  312  309  307  297  279  261  244  221  204  189  175
  175  169  162  157  157  153  148  144  141  134  128  123  124  125  129  136
  165  191  219  248  283  302  320  340  373  388  403  418  440  458  475  492
  504  517  530  543  546  564  580  593  614
    12.5-180.0 180.0   5.0 450.0                            LAT/LON1/LON2/DLON/H
  602  616  625  631  620  619  614  606  594  576  555  532  512  483  452  420
  389  367  346  326  317  309  301  295  273  254  236  218  195  180  166  154
  158  151  145  139  143  137  132  127  126  118  111  105  108  110  116  124
  154  182  213  245  285  306  327  347  386  402  418  434  454  472  489  504
  514  524  533  541  544  557  570  580  602
    10.0-180.0 180.0   5.0 450.0                            LAT/LON1/LON2/DLON/H
  591  606  617  623  610  616  618  616  590  576  559  539  505  478  445  409
  387  366  343  318  315  295  277  259  246  225  205  188  169  160  153  148
  146  141  136  133  121  117  113  109  102   96   93   90   88   89   93   99
  136  166  200  235  271  302  332  360  394  416  435  453  472  486  498  510
  524  535  546  558  556  564  574  584  591
     7.5-180.0 180.0   5.0 450.0                            LAT/LON1/LON2/DLON/H
  576  586  592  595  592  597  600  599  584  571  554  534  506  478  445  408
  391  369  344  318  305  284  264  245  224  204  186  171  158  151  146  143
  143  139  135  132  121  116  111  107   99   93   89   85   83   83   87   93
  131  160  194  229  271  301  331  360  401  425  446  464  489  504  517  527
  537  547  558  568  559  563  569  575  576
     5.0-180.0 180.0   5.0 450.0                            LAT/LON1/LON2/DLON/H
  572  576  577  574  572  578  580  580  568  556  541  523  496  467  434  398
  386  363  338  312  295  273  252  234  208  191  176  165  155  150  148  147
  147  143  140  138  124  119  113  108   99   93   88   83   80   80   82   88
  125  154  186  222  265  296  327  358  403  429  451  471  503  519  533  543
  550  562  572  581  570  571  573  575  572
     2.5-180.0 180.0   5.0 450.0                            LAT/LON1/LON2/DLON/H
  578  578  574  566  558  562  564  563  548  537  524  508  477  449  417  384
  373  350  325  301  281  260  240  222  200  186  175  167  161  159  158  159
  155  152  149  147  128  122  116  110  101   94   88   83   78   77   80   85
  118  147  180  215  256  289  321  354  399  427  451  472  508  526  540  551
  559  573  585  594  586  586  585  583  578
