o1pg1970-20230717.23i
     1.0            IONOSPHERE MAPS     GNSS                IONEX VERSION / TYPE
IONINX V4.3         AIUB                17-Jul-23 09:13     PGM / RUN BY / DATE 
406 1-DAY PREDICTED IONOSPHERE MAPS FOR DAY 197, 2023       COMMENT             
We use the deep learning algorithm, based on the global     DESCRIPTION         
ionospheric map provided by CODE and the final global       DESCRIPTION         
ionospheric map combined by IGS, and use our proposed       DESCRIPTION         
spatiotemporal network model to predict the global          DESCRIPTION         
ionospheric map of the next day.                            DESCRIPTION         
Contact address: wanghongyue@stu.cdut.edu.cn                DESCRIPTION         
  2023    07    16     0     0     0                        EPOCH OF FIRST MAP  
  2023    07    16    22     0     0                        EPOCH OF LAST MAP   
  7200                                                      INTERVAL            
    12                                                      # OF MAPS IN FILE   
  NONE                                                      MAPPING FUNCTION    
     0.0                                                    ELEVATION CUTOFF    
TEC prediction calculated as a spatiotemporal network model OBSERVABLES USED    
  6371.0                                                    BASE RADIUS         
     2                                                      MAP DIMENSION       
   450.0 450.0   0.0                                        HGT1 / HGT2 / DHGT  
    87.5 -87.5  -2.5                                        LAT1 / LAT2 / DLAT  
  -180.0 180.0   5.0                                        LON1 / LON2 / DLON  
    -1                                                      EXPONENT            
TEC values in 0.1 tec units;  9999, if no value available   COMMENT             
                                                            END OF HEADER       
[from data line 3003]
     8                                                      START OF TEC MAP    
  2023    07    16    14     0     0                        EPOCH OF CURRENT MAP
    87.5-180.0 180.0   5.0 450.0                            LAT/LON1/LON2/DLON/H
  170  171  172  173  171  172  173  175  177  178  178  178  178  178  178  178
  176  177  177  177  177  177  177  177  177  176  176  176  176  176  175  174
  177  177  176  175  178  178  177  176  179  179  179  179  180  181  181  181
  181  182  182  182  178  179  179  179  178  179  179  180  178  179  179  179
  179  180  180  179  176  177  178  178  170
    85.0-180.0 180.0   5.0 450.0                            LAT/LON1/LON2/DLON/H
  166  167  169  171  170  172  174  176  178  179  180  180  181  181  181  181
  180  181  181  181  181  181  181  181  181  180  180  179  178  177  176  175
  177  176  175  173  175  174  173  172  174  174  174  174  175  175  175  175
  176  176  176  176  174  174  174  175  175  176  176  176  176  176  176  176
  175  175  175  175  173  174  175  175  166
    82.5-180.0 180.0   5.0 450.0                            LAT/LON1/LON2/DLON/H
  159  161  164  166  167  170  172  175  175  177  178  180  181  181  181  181
  181  182  182  182  183  183  183  182  183  182  181  180  179  178  177  175
  177  175  174  172  173  172  171  169  171  170  170  170  170  170  170  171
  172  172  172  172  171  171  171  171  174  174  174  174  173  173  173  172
  170  170  170  169  168  169  169  170  159
    80.0-180.0 180.0   5.0 450.0                            LAT/LON1/LON2/DLON/H
  157  157  158  160  161  164  167  171  171  173  175  177  174  176  177  178
  176  177  178  180  180  180  180  181  182  181  180  180  184  183  181  180
  182  180  179  177  176  175  173  172  170  171  171  171  169  171  172  174
  171  172  174  174  171  172  172  172  174  173  173  172  171  170  169  167
  164  162  161  160  160  161  161  161  157
    77.5-180.0 180.0   5.0 450.0                            LAT/LON1/LON2/DLON/H
  151  151  152  154  155  158  161  164  165  167  169  170  168  170  172  173
  170  173  174  176  175  176  177  178  179  179  179  179  183  182  181  180
  182  182  180  179  177  176  175  173  172  172  172  172  171  173  175  176
  174  176  177  178  176  176  177  177  177  177  176  175  172  171  169  166
  161  159  157  155  154  153  153  153  151
    75.0-180.0 180.0   5.0 450.0                            LAT/LON1/LON2/DLON/H
  147  148  149  150  151  153  156  158  159  161  162  163  163  165  166  167
  166  168  170  172  171  173  175  176  177  178  179  179  183  184  184  183
  185  185  184  183  182  181  179  177  176  176  176  175  176  177  179  180
  180  181  182  183  182  182  182  182  182  181  180  178  174  172  170  166
  160  158  155  152  151  149  148  147  147
    72.5-180.0 180.0   5.0 450.0                            LAT/LON1/LON2/DLON/H
  145  146  146  146  148  150  152  153  153  155  156  157  157  159  160  161
  161  163  165  167  168  170  172  173  176  177  178  179  185  186  186  186
  188  189  189  188  187  186  184  182  182  182  181  180  182  183  184  185
  186  186  187  188  188  187  186  185  186  184  182  180  176  173  170  166
  162  159  155  152  151  149  146  145  145
    70.0-180.0 180.0   5.0 450.0                            LAT/LON1/LON2/DLON/H
  141  141  142  142  143  146  150  154  153  155  157  159  158  159  161  162
  163  166  168  171  171  174  177  179  182  184  185  186  188  190  192  193
  191  192  193  193  191  190  188  186  187  187  186  186  185  187  188  190
  187  189  191  192  188  189  189  189  184  183  181  179  174  172  169  165
  158  155  152  148  148  146  144  141  141
    67.5-180.0 180.0   5.0 450.0                            LAT/LON1/LON2/DLON/H
  139  139  139  139  140  144  147  151  152  154  157  159  159  161  163  165
  165  168  171  173  174  177  180  182  184  186  188  188  190  192  194  195
  194  196  197  196  195  194  192  189  191  191  190  189  190  191  193  194
  192  193  194  194  190  190  190  189  186  184  182  180  177  174  171  167
  162  158  154  150  149  147  144  140  139
    65.0-180.0 180.0   5.0 450.0                            LAT/LON1/LON2/DLON/H
  136  136  135  135  138  140  144  147  150  154  157  160  162  165  167  169
  168  171  174  177  176  180  182  185  187  189  190  190  193  195  197  198
  198  200  200  199  199  198  196  193  195  195  195  194  195  196  197  197
  196  196  196  195  191  191  190  189  187  185  183  181  178  175  171  167
  163  159  155  150  149  146  142  139  136
    62.5-180.0 180.0   5.0 450.0                            LAT/LON1/LON2/DLON/H
  132  131  130  130  134  136  139  142  148  152  156  161  166  168  171  173
  172  175  178  180  179  182  184  187  189  191  192  192  196  198  200  200
  201  202  202  201  202  201  199  196  199  199  199  198  199  200  200  200
  199  198  197  196  192  191  190  189  188  187  185  182  178  175  171  168
  163  159  155  150  149  146  142  139  132
    60.0-180.0 180.0   5.0 450.0                            LAT/LON1/LON2/DLON/H
  127  125  123  122  122  124  128  134  141  148  156  165  167  169  171  173
  173  173  173  174  176  180  183  185  190  192  194  196  198  200  203  205
  205  207  207  208  207  206  206  205  207  207  207  206  205  206  205  204
  203  203  201  199  199  199  198  197  197  196  195  192  189  185  180  175
  169  164  159  153  148  144  139  135  127
    57.5-180.0 180.0   5.0 450.0                            LAT/LON1/LON2/DLON/H
  124  122  120  118  116  118  122  127  136  142  150  159  166  170  173  176
  176  177  177  177  178  181  184  187  190  194  197  200  202  206  209  211
  211  211  212  212  210  210  210  210  212  212  212  211  210  211  210  209
  206  207  206  205  205  206  205  204  207  205  203  200  198  192  186  178
  170  164  157  151  143  139  135  131  124
    55.0-180.0 180.0   5.0 450.0                            LAT/LON1/LON2/DLON/H
  124  121  118  116  113  114  117  121  130  136  145  154  164  168  173  177
  178  179  180  180  179  182  185  188  192  197  201  205  208  212  216  219
  217  218  218  217  217  217  217  217  219  220  220  219  217  218  217  215
  213  214  214  213  215  216  216  215  219  217  214  210  209  201  193  183
  172  165  158  151  142  137  133  129  124
    52.5-180.0 180.0   5.0 450.0                            LAT/LON1/LON2/DLON/H
  125  122  119  117  112  112  114  117  124  131  139  149  160  166  171  176
  179  180  181  182  180  183  186  188  194  200  206  210  213  218  222  226
  224  224  224  223  224  224  225  225  226  226  226  225  223  224  224  221
  221  223  223  223  227  229  229  229  231  229  226  222  218  209  199  188
  177  169  162  154  143  139  135  132  125
    50.0-180.0 180.0   5.0 450.0                            LAT/LON1/LON2/DLON/H
  132  128  124  120  115  115  115  117  127  134  142  152  163  170  177  185
  181  183  185  186  187  189  190  192  202  207  213  218  223  229  234  238
  236  236  236  236  240  239  238  237  238  237  235  234  236  235  235  235
  238  239  241  242  242  245  246  246  246  244  239  232  227  218  207  196
  188  179  170  160  148  145  143  140  132
    47.5-180.0 180.0   5.0 450.0                            LAT/LON1/LON2/DLON/H
  141  136  132  128  123  122  122  122  130  136  144  153  166  172  180  187
  189  191  193  195  195  196  198  199  209  214  219  225  230  236  240  244
  244  245  247  248  251  251  251  250  249  249  248  245  243  244  245  245
  247  249  250  250  251  252  252  250  251  247  241  234  231  222  211  201
  194  184  175  165  155  151  148  145  141
    45.0-180.0 180.0   5.0 450.0                            LAT/LON1/LON2/DLON/H
  148  144  140  136  131  130  129  129  135  140  148  156  170  177  184  192
  199  202  204  206  205  207  208  210  217  223  228  232  237  243  247  251
  252  256  260  263  265  267  268  267  263  264  263  259  255  257  258  259
  257  259  260  260  257  256  255  251  250  245  239  232  229  221  212  203
  199  190  181  172  162  158  155  152  148
    42.5-180.0 180.0   5.0 450.0                            LAT/LON1/LON2/DLON/H
  153  149  145  142  136  135  135  134  140  146  153  162  176  183  191  198
  210  213  216  218  216  218  220  222  226  231  236  240  243  248  253  257
  260  267  273  278  280  283  286  286  278  279  277  274  269  272  274  275
  270  272  272  271  262  260  257  252  246  242  236  229  226  220  213  205
  205  197  188  180  170  166  162  159  153
    40.0-180.0 180.0   5.0 450.0                            LAT/LON1/LON2/DLON/H
  158  155  152  151  141  140  140  140  145  153  163  173  180  192  203  212
  222  227  230  232  229  231  233  233  237  242  246  249  258  263  269  275
  282  289  298  308  313  314  314  314  309  305  301  298  292  291  290  289
  288  285  282  278  270  264  256  248  243  237  231  224  225  222  218  215
  211  205  198  192  190  183  176  171  158
    37.5-180.0 180.0   5.0 450.0                            LAT/LON1/LON2/DLON/H
  163  158  154  151  141  141  141  142  148  158  170  182  193  204  214  224
  235  239  242  244  243  245  246  246  251  254  258  262  270  277  285  294
  304  315  328  340  348  350  349  347  341  337  332  326  318  315  313  310
  307  303  297  291  279  271  262  252  246  239  232  223  231  227  223  219
  221  215  208  201  196  189  182  176  163
    35.0-180.0 180.0   5.0 450.0                            LAT/LON1/LON2/DLON/H
  166  160  154  150  139  139  140  142  147  159  173  188  203  214  224  234
  244  249  252  254  253  256  257  258  263  267  271  276  285  294  305  316
  332  348  364  379  387  389  388  385  375  371  365  358  345  342  337  332
  327  321  314  305  289  280  270  258  250  242  234  225  234  231  228  223
  226  221  214  207  201  193  186  180  166
    32.5-180.0 180.0   5.0 450.0                            LAT/LON1/LON2/DLON/H
  168  161  155  150  137  138  139  142  145  159  174  191  211  222  232  242
  251  256  259  262  262  265  267  267  276  280  285  289  303  315  328  342
  363  383  402  419  426  428  427  423  409  405  398  390  371  367  361  353
  347  340  331  320  304  294  283  270  257  250  241  231  238  237  234  229
  229  225  219  212  206  198  191  184  168
    30.0-180.0 180.0   5.0 450.0                            LAT/LON1/LON2/DLON/H
  175  168  159  151  137  136  136  138  141  157  175  194  211  223  235  247
  253  258  263  267  264  270  276  280  287  295  303  311  328  346  367  388
  402  424  445  466  462  461  460  456  439  431  423  416  400  390  382  375
  375  366  357  347  329  316  302  288  272  261  252  244  247  241  236  234
  237  231  226  221  223  214  205  197  175
    27.5-180.0 180.0   5.0 450.0                            LAT/LON1/LON2/DLON/H
  184  175  165  154  141  138  136  134  139  153  171  189  210  223  237  249
  255  262  267  272  274  280  285  291  300  309  319  330  349  373  397  420
  439  460  480  497  493  490  486  480  463  454  446  439  421  412  403  396
  398  388  378  368  350  335  318  301  284  273  262  252  250  244  239  236
  236  231  227  223  227  219  211  204  184
    25.0-180.0 180.0   5.0 450.0                            LAT/LON1/LON2/DLON/H
  193  183  172  161  148  143  138  134  136  149  165  182  208  223  237  251
  259  266  273  278  284  290  296  302  312  324  337  350  370  398  425  450
  470  488  505  518  512  507  500  492  478  470  462  455  441  433  425  418
  420  410  400  388  365  347  328  307  288  276  264  253  249  243  238  235
  231  227  224  221  225  219  212  206  193
    22.5-180.0 180.0   5.0 450.0                            LAT/LON1/LON2/DLON/H
  197  188  178  167  155  148  141  136  134  146  160  176  205  221  236  251
  262  271  278  284  293  300  307  313  323  339  354  368  391  420  449  474
  491  506  517  526  520  513  504  494  486  478  471  465  456  449  442  436
  436  427  416  404  371  352  330  308  286  274  261  250  245  241  236  233
  224  221  220  218  221  217  212  208  197
    20.0-180.0 180.0   5.0 450.0                            LAT/LON1/LON2/DLON/H
  196  191  184  176  157  153  149  144  138  143  151  160  192  213  235  259
  263  272  280  289  300  307  314  321  331  349  368  388  409  438  467  493
  512  521  527  531  526  517  507  498  493  488  484  480  470  468  466  464
  465  452  437  420  381  355  329  304  292  275  260  249  250  242  235  229
  226  221  217  213  216  213  210  207  196
    17.5-180.0 180.0   5.0 450.0                            LAT/LON1/LON2/DLON/H
  194  189  183  175  162  159  154  148  138  142  148  156  187  209  232  256
  263  274  284  293  304  313  321  330  341  362  383  403  427  453  479  502
  511  517  520  523  512  504  497  492  494  491  489  488  485  483  481  478
  482  464  444  422  379  349  320  293  281  264  250  239  242  234  227  222
  220  215  211  207  214  210  207  203  194
    15.0-180.0 180.0   5.0 450.0                            LAT/LON1/LON2/DLON/H
  185  180  174  167  160  156  151  145  135  138  143  150  182  204  228  252
  262  275  287  298  308  318  328  339  353  376  398  418  444  466  487  506
  508  510  511  512  503  498  495  493  498  497  498  500  498  496  494  491
  492  470  445  418  376  343  312  283  276  259  245  235  237  229  223  218
  216  210  205  202  210  204  199  195  185
    12.5-180.0 180.0   5.0 450.0                            LAT/LON1/LON2/DLON/H
  173  168  162  156  151  147  143  138  130  132  136  142  177  200  224  248
  262  276  290  303  313  325  337  350  368  391  413  434  458  476  492  507
  505  505  504  504  502  500  500  501  505  507  511  514  509  507  504  501
  495  469  441  412  374  339  306  276  275  260  247  238  236  228  221  216
  213  206  201  196  207  199  192  186  173
    10.0-180.0 180.0   5.0 450.0                            LAT/LON1/LON2/DLON/H
  150  146  142  139  129  127  126  125  120  120  123  128  158  184  211  240
  250  267  282  297  300  318  335  352  368  393  417  439  464  479  493  504
  510  510  509  508  503  509  514  516  517  523  527  528  516  514  510  501
  494  467  438  406  373  346  321  299  286  273  261  252  244  236  229  221
  216  210  205  201  192  183  175  169  150
     7.5-180.0 180.0   5.0 450.0                            LAT/LON1/LON2/DLON/H
  139  133  129  124  116  113  112  112  109  111  116  123  153  179  208  238
  250  268  284  298  306  325  343  359  384  409  433  455  477  489  500  510
  509  510  511  513  518  523  527  530  534  536  534  531  521  516  509  498
  486  460  431  401  372  349  327  307  300  287  275  264  251  241  231  221
  214  207  201  196  186  178  172  165  139
     5.0-180.0 180.0   5.0 450.0                            LAT/LON1/LON2/DLON/H
  131  124  118  113  104  101  100  100   97  100  106  115  146  173  203  233
  249  267  284  299  311  332  350  367  401  426  450  472  490  499  507  515
  512  515  519  523  531  535  538  541  541  537  531  523  512  505  495  483
  467  442  416  390  370  351  334  318  314  301  289  277  257  245  232  220
  212  204  197  191  179  172  165  159  131
     2.5-180.0 180.0   5.0 450.0                            LAT/LON1/LON2/DLON/H
  130  121  114  107   99   95   93   93   88   92   99  109  140  168  197  228
  247  267  285  301  318  340  360  378  416  442  466  487  502  510  516  522
  516  522  528  534  537  541  544  546  536  528  518  506  492  483  471  458
  439  417  395  374  366  352  340  329  322  309  297  286  257  243  229  215
  210  200  192  184  175  167  160  153  130
