o1pg2100-20230730.23i
     1.0            IONOSPHERE MAPS     GNSS                IONEX VERSION / TYPE
IONINX V4.3         AIUB                01-Aug-23 09:22     PGM / RUN BY / DATE 
406 1-DAY PREDICTED IONOSPHERE MAPS FOR DAY 210, 2023       COMMENT             
We use the deep learning algorithm, based on the global     DESCRIPTION         
ionospheric map provided by CODE and the final global       DESCRIPTION         
ionospheric map combined by IGS, and use our proposed       DESCRIPTION         
spatiotemporal network model to predict the global          DESCRIPTION         
ionospheric map of the next day.                            DESCRIPTION         
Contact address: wanghongyue@stu.cdut.edu.cn                DESCRIPTION         
  2023    07    29     0     0     0                        EPOCH OF FIRST MAP  
  2023    07    29    22     0     0                        EPOCH OF LAST MAP   
  7200                                                      INTERVAL            
    12                                                      # OF MAPS IN FILE   
  NONE                                                      MAPPING FUNCTION    
     0.0                                                    ELEVATION CUTOFF    
TEC prediction calculated as a spatiotemporal network model OBSERVABLES USED    
  6371.0                                                    BASE RADIUS         
     2                                                      MAP DIMENSION       
   450.0 450.0   0.0                                        HGT1 / HGT2 / DHGT  
    87.5 -87.5  -2.5                                        LAT1 / LAT2 / DLAT  
  -180.0 180.0   5.0                                        LON1 / LON2 / DLON  
    -1                                                      EXPONENT            
TEC values in 0.1 tec units;  9999, if no value available   COMMENT             
                                                            END OF HEADER       
[from data line 1287]
     4                                                      START OF TEC MAP    
  2023    07    29     6     0     0                        EPOCH OF CURRENT MAP
    87.5-180.0 180.0   5.0 450.0                            LAT/LON1/LON2/DLON/H
  186  185  185  185  185  185  186  187  189  189  190  190  195  195  195  194
  197  196  196  195  198  197  197  196  198  198  198  197  198  199  199  199
  196  197  197  197  191  192  192  192  188  189  189  189  187  187  187  187
  188  188  188  188  188  188  189  189  187  187  188  189  188  188  188  188
  188  188  187  186  188  188  188  188  186
    85.0-180.0 180.0   5.0 450.0                            LAT/LON1/LON2/DLON/H
  187  187  187  187  185  186  187  188  190  191  192  193  197  197  197  197
  199  199  198  198  199  198  196  195  196  196  195  194  195  195  195  195
  193  194  194  194  190  190  191  191  188  189  189  190  189  189  190  190
  191  191  191  192  191  191  191  191  189  189  189  189  190  189  189  188
  189  188  187  185  187  186  186  185  187
    82.5-180.0 180.0   5.0 450.0                            LAT/LON1/LON2/DLON/H
  186  187  188  189  184  185  186  187  188  189  191  192  197  197  197  197
  199  199  198  198  197  196  194  193  192  191  190  188  189  189  189  188
  190  190  191  191  188  189  190  190  190  191  191  192  193  193  194  195
  197  197  197  197  197  196  196  196  195  194  193  193  194  193  192  191
  191  190  188  185  184  183  182  181  186
    80.0-180.0 180.0   5.0 450.0                            LAT/LON1/LON2/DLON/H
  190  188  185  183  178  179  180  181  183  185  187  188  191  193  194  194
  194  194  193  192  191  189  187  185  185  183  180  179  182  181  181  182
  182  183  184  186  188  189  190  191  194  196  198  200  199  202  204  206
  206  208  209  210  211  211  210  209  211  210  208  206  209  207  204  202
  203  198  194  190  186  182  179  176  190
    77.5-180.0 180.0   5.0 450.0                            LAT/LON1/LON2/DLON/H
  192  190  187  184  177  177  177  176  177  179  180  180  184  186  186  186
  187  187  186  185  183  180  177  174  173  170  167  165  168  169  169  170
  174  177  179  182  186  189  191  193  197  200  203  206  208  211  215  218
  220  222  224  225  227  227  227  226  227  226  225  223  223  221  218  215
  214  209  203  198  193  188  183  179  192
    75.0-180.0 180.0   5.0 450.0                            LAT/LON1/LON2/DLON/H
  198  195  191  188  177  176  174  172  172  173  173  172  176  177  177  176
  179  179  178  176  174  172  168  164  161  158  155  152  156  158  159  161
  167  171  176  180  184  189  193  196  201  205  209  213  218  222  226  230
  234  237  239  241  243  244  244  243  244  244  242  240  239  237  233  229
  228  222  215  208  202  196  191  185  198
    72.5-180.0 180.0   5.0 450.0                            LAT/LON1/LON2/DLON/H
  203  199  196  192  179  177  173  169  169  168  166  164  168  167  166  165
  170  169  167  165  166  162  158  153  151  148  145  141  146  148  151  154
  161  167  173  179  184  189  194  199  204  209  214  218  227  232  236  240
  247  249  252  254  256  257  257  255  258  257  255  252  253  250  246  241
  242  235  228  219  214  207  201  194  203
    70.0-180.0 180.0   5.0 450.0                            LAT/LON1/LON2/DLON/H
  216  211  204  197  186  182  179  175  166  163  160  157  157  157  156  156
  159  159  159  159  155  152  149  146  139  137  135  133  135  139  144  150
  159  166  174  182  187  192  198  204  210  217  224  230  242  250  257  262
  266  270  273  274  266  268  267  266  261  260  259  256  259  257  253  249
  249  245  238  231  228  223  215  206  216
    67.5-180.0 180.0   5.0 450.0                            LAT/LON1/LON2/DLON/H
  223  218  211  203  191  187  182  176  166  163  159  155  154  152  151  149
  153  153  153  152  151  148  145  142  135  133  131  130  133  137  143  148
  161  169  177  185  191  198  205  210  216  224  231  238  250  258  264  268
  273  275  276  274  267  267  265  261  258  258  256  253  258  257  254  250
  253  249  244  236  237  232  224  215  223
    65.0-180.0 180.0   5.0 450.0                            LAT/LON1/LON2/DLON/H
  228  222  214  206  196  190  184  177  168  164  159  154  153  150  148  145
  149  148  147  146  146  144  141  139  132  130  129  128  133  138  144  149
  164  173  182  190  196  204  212  218  222  231  239  246  258  265  271  275
  278  278  276  273  265  263  259  255  252  252  250  247  251  251  250  246
  250  248  243  237  240  235  228  219  228
    62.5-180.0 180.0   5.0 450.0                            LAT/LON1/LON2/DLON/H
  229  223  215  207  199  192  185  177  170  165  159  154  153  150  146  142
  145  144  143  142  142  140  138  136  130  129  128  127  135  140  146  151
  168  177  186  194  200  209  217  224  227  237  246  253  264  271  276  279
  280  278  275  271  260  257  252  247  244  244  242  240  242  242  242  240
  245  243  240  235  243  238  231  223  229
    60.0-180.0 180.0   5.0 450.0                            LAT/LON1/LON2/DLON/H
  224  218  209  200  199  191  184  178  166  161  156  152  145  142  139  136
  135  133  133  133  128  128  127  128  123  124  124  126  136  142  149  156
  170  178  187  197  203  209  215  221  230  238  246  253  272  275  277  278
  281  278  272  267  255  252  248  244  233  233  232  231  233  233  233  233
  237  237  236  235  239  237  233  227  224
    57.5-180.0 180.0   5.0 450.0                            LAT/LON1/LON2/DLON/H
  229  222  214  205  203  194  186  177  167  161  155  149  145  141  137  133
  133  130  127  126  124  123  122  122  120  121  123  125  135  141  148  156
  169  177  187  196  204  211  219  226  234  243  252  259  276  280  283  284
  285  282  277  271  259  255  251  247  237  236  235  234  235  234  234  232
  236  237  236  234  242  241  238  233  229
    55.0-180.0 180.0   5.0 450.0                            LAT/LON1/LON2/DLON/H
  238  231  223  214  212  202  191  181  170  162  155  147  143  139  134  129
  131  126  123  120  119  118  117  117  118  119  121  124  135  141  148  155
  167  176  185  195  205  214  223  232  239  249  259  267  281  287  290  291
  293  291  287  281  269  266  262  258  247  246  245  243  240  240  238  236
  238  239  238  236  246  246  243  240  238
    52.5-180.0 180.0   5.0 450.0                            LAT/LON1/LON2/DLON/H
  249  243  235  227  223  211  199  187  173  164  156  147  142  137  131  126
  129  124  119  115  117  115  114  113  118  120  122  125  136  142  148  155
  165  174  183  193  206  216  226  237  242  254  264  273  287  293  297  298
  304  303  300  295  285  282  279  275  262  261  259  257  249  248  245  242
  243  244  243  241  252  252  251  248  249
    50.0-180.0 180.0   5.0 450.0                            LAT/LON1/LON2/DLON/H
  261  255  249  242  239  226  212  199  182  171  161  151  142  136  131  127
  126  122  120  119  117  117  118  120  124  126  128  131  134  139  145  150
  161  172  183  195  205  218  231  244  248  261  273  284  289  298  306  313
  311  312  313  313  302  300  296  292  282  279  276  270  266  263  258  253
  256  255  254  252  259  261  262  263  261
    47.5-180.0 180.0   5.0 450.0                            LAT/LON1/LON2/DLON/H
  278  272  266  259  257  244  229  214  194  181  168  155  145  138  132  128
  129  126  124  124  124  124  125  128  135  135  137  138  141  146  149  152
  163  173  185  197  212  224  236  248  256  268  278  287  296  306  314  320
  324  327  328  326  321  318  313  306  300  296  291  284  278  275  271  266
  269  268  266  264  270  272  274  275  278
    45.0-180.0 180.0   5.0 450.0                            LAT/LON1/LON2/DLON/H
  290  286  280  273  272  259  244  227  207  192  177  161  149  142  136  131
  134  132  131  132  135  135  137  140  149  149  149  148  151  153  154  155
  164  175  188  201  218  230  243  255  264  275  284  292  303  314  323  330
  338  341  343  342  337  334  328  320  313  309  303  296  286  283  279  275
  278  277  275  273  280  282  283  283  290
    42.5-180.0 180.0   5.0 450.0                            LAT/LON1/LON2/DLON/H
  297  293  289  283  282  269  254  238  217  202  185  169  154  147  141  136
  141  140  141  143  149  150  153  156  164  163  162  161  160  160  160  159
  166  178  191  205  223  237  250  262  270  282  291  300  313  325  335  343
  352  357  360  361  352  349  343  335  324  320  314  307  294  292  289  285
  289  288  286  283  291  293  293  292  297
    40.0-180.0 180.0   5.0 450.0                            LAT/LON1/LON2/DLON/H
  295  292  289  285  277  268  258  246  228  212  195  179  161  154  147  141
  145  149  153  159  159  163  168  173  177  176  174  172  173  167  162  158
  173  185  199  214  219  235  251  266  274  283  292  301  320  329  337  344
  366  368  370  371  377  368  360  352  349  339  330  322  312  308  305  302
  300  300  301  302  307  304  301  299  295
    37.5-180.0 180.0   5.0 450.0                            LAT/LON1/LON2/DLON/H
  304  296  288  278  271  261  250  239  230  215  201  187  171  164  157  151
  152  156  161  167  170  175  181  186  193  191  189  186  183  177  172  168
  178  191  204  219  226  243  259  275  284  294  304  312  331  341  350  357
  376  382  386  388  392  389  384  378  371  362  353  345  337  331  326  322
  321  320  320  319  323  319  314  309  304
    35.0-180.0 180.0   5.0 450.0                            LAT/LON1/LON2/DLON/H
  317  305  291  278  264  253  242  230  228  216  205  194  182  174  167  161
  160  164  169  175  181  187  193  199  206  204  201  198  191  186  181  177
  182  194  209  224  231  249  266  282  292  305  315  323  340  352  362  369
  384  394  401  405  412  413  414  411  406  399  391  383  371  365  358  353
  351  349  347  344  346  340  333  325  317
    32.5-180.0 180.0   5.0 450.0                            LAT/LON1/LON2/DLON/H
  332  317  300  283  258  247  235  224  225  216  207  199  192  185  178  172
  168  172  177  183  191  197  203  209  217  214  211  208  197  192  188  185
  184  197  211  227  235  254  271  288  302  315  327  336  351  364  374  381
  396  409  419  425  439  446  451  452  452  448  442  433  416  410  404  397
  391  388  384  380  382  374  364  353  332
    30.0-180.0 180.0   5.0 450.0                            LAT/LON1/LON2/DLON/H
  369  345  320  293  268  253  239  227  217  210  205  202  193  185  179  174
  168  172  177  182  196  206  215  223  222  219  216  212  209  200  190  182
  185  194  205  217  237  258  279  300  311  321  331  340  349  356  363  370
  393  408  422  436  463  474  487  500  506  498  492  487  478  462  448  437
  443  434  426  419  423  411  397  383  369
    27.5-180.0 180.0   5.0 450.0                            LAT/LON1/LON2/DLON/H
  414  387  356  324  290  269  250  233  224  215  208  205  203  196  189  184
  178  181  185  190  207  216  225  234  234  230  225  220  212  202  192  184
  181  190  200  213  235  257  279  300  310  322  332  342  349  358  367  376
  400  421  440  458  494  514  533  548  562  560  556  550  538  523  509  496
  492  485  478  471  464  455  444  431  414
    25.0-180.0 180.0   5.0 450.0                            LAT/LON1/LON2/DLON/H
  465  436  403  368  326  300  277  255  240  229  221  217  216  208  202  198
  190  192  195  200  220  228  236  245  242  238  233  228  208  199  190  182
  173  181  192  204  228  249  271  294  305  317  328  339  347  359  371  382
  406  431  456  478  518  545  568  586  602  604  604  599  586  574  562  548
  538  533  527  519  508  501  492  480  465
    22.5-180.0 180.0   5.0 450.0                            LAT/LON1/LON2/DLON/H
  512  484  452  416  369  341  315  290  263  252  244  238  230  222  217  213
  204  204  206  209  233  240  248  256  245  241  236  230  200  192  184  176
  164  171  181  193  218  239  261  283  296  309  321  332  343  359  373  386
  411  441  469  494  534  564  590  609  623  629  632  629  618  610  601  588
  576  573  567  559  550  545  537  525  512
    20.0-180.0 180.0   5.0 450.0                            LAT/LON1/LON2/DLON/H
  545  522  492  456  410  382  351  320  288  274  262  252  247  238  229  223
  221  221  222  222  241  247  253  258  250  235  220  205  180  167  154  141
  137  141  147  154  202  224  249  274  294  309  324  337  349  366  383  399
  421  451  480  505  536  560  581  598  616  622  626  628  628  624  618  614
  605  602  598  592  592  586  577  565  545
    17.5-180.0 180.0   5.0 450.0                            LAT/LON1/LON2/DLON/H
  567  547  519  486  444  416  386  354  318  302  287  275  265  254  244  237
  236  234  233  233  247  252  257  261  243  228  211  195  170  156  142  130
  122  126  132  140  188  211  237  263  284  301  317  333  351  370  388  406
  430  458  484  509  530  548  565  579  594  602  608  613  619  622  623  622
  617  617  614  609  611  606  598  586  567
    15.0-180.0 180.0   5.0 450.0                            LAT/LON1/LON2/DLON/H
  566  548  525  496  457  431  403  373  341  324  308  294  283  270  260  252
  248  244  240  238  249  252  254  256  231  215  198  182  155  141  127  115
  108  111  117  126  175  199  225  253  275  294  312  330  353  374  394  414
  440  465  488  510  524  536  546  556  568  576  584  591  602  611  619  622
  619  621  619  615  616  611  603  591  566
    12.5-180.0 180.0   5.0 450.0                            LAT/LON1/LON2/DLON/H
  548  533  513  489  452  429  404  379  356  339  323  308  297  285  275  267
  258  252  247  242  247  247  248  248  214  198  182  166  140  126  112  101
   96   99  105  114  164  188  215  243  267  289  309  329  356  379  402  423
  450  472  492  511  522  527  531  535  545  553  561  570  583  597  608  616
  614  616  615  612  612  605  595  583  548
    10.0-180.0 180.0   5.0 450.0                            LAT/LON1/LON2/DLON/H
  541  522  499  473  427  413  398  383  356  347  338  330  316  307  297  287
  268  258  247  235  235  225  215  204  190  175  159  144  123  112  102   93
   95   93   94   98  141  168  198  229  249  275  299  322  353  378  401  422
  456  474  490  503  511  514  517  520  517  525  535  546  559  570  581  591
  598  601  603  604  601  594  586  577  541
     7.5-180.0 180.0   5.0 450.0                            LAT/LON1/LON2/DLON/H
  517  492  463  431  396  380  366  352  344  337  331  325  323  314  305  295
  277  265  251  236  228  215  202  190  173  157  142  128  113  103   95   88
   87   86   88   93  134  160  190  221  248  272  296  319  354  380  403  425
  461  481  499  515  521  526  530  535  533  540  547  555  566  576  583  588
  596  600  601  600  592  585  577  565  517
     5.0-180.0 180.0   5.0 450.0                            LAT/LON1/LON2/DLON/H
  504  473  439  402  368  353  339  327  328  324  321  318  324  316  308  300
  281  267  251  234  219  205  190  175  158  143  129  118  106   98   91   86
   84   84   87   92  128  154  183  214  242  266  290  314  349  376  400  423
  464  487  508  526  540  547  554  561  563  568  573  577  579  587  591  591
  594  598  600  599  584  577  568  556  504
     2.5-180.0 180.0   5.0 450.0                            LAT/LON1/LON2/DLON/H
  505  471  432  392  351  336  323  312  314  313  312  312  319  313  306  299
  280  263  246  228  208  193  176  160  146  133  121  111  104   97   92   89
   84   85   89   95  122  147  175  207  234  258  283  308  340  368  394  418
  466  491  514  535  564  575  584  592  599  603  605  607  594  599  600  597
  590  596  599  599  582  575  566  554  505
