o1pg2120-20230801.23i
     1.0            IONOSPHERE MAPS     GNSS                IONEX VERSION / TYPE
IONINX V4.3         AIUB                01-Aug-23 09:25     PGM / RUN BY / DATE 
406 1-DAY PREDICTED IONOSPHERE MAPS FOR DAY 212, 2023       COMMENT             
We use the deep learning algorithm, based on the global     DESCRIPTION         
ionospheric map provided by CODE and the final global       DESCRIPTION         
ionospheric map combined by IGS, and use our proposed       DESCRIPTION         
spatiotemporal network model to predict the global          DESCRIPTION         
ionospheric map of the next day.                            DESCRIPTION         
Contact address: wanghongyue@stu.cdut.edu.cn                DESCRIPTION         
  2023    07    31     0     0     0                        EPOCH OF FIRST MAP  
  2023    07    31    22     0     0                        EPOCH OF LAST MAP   
  7200                                                      INTERVAL            
    12                                                      # OF MAPS IN FILE   
  NONE                                                      MAPPING FUNCTION    
     0.0                                                    ELEVATION CUTOFF    
TEC prediction calculated as a spatiotemporal network model OBSERVABLES USED    
  6371.0                                                    BASE RADIUS         
     2                                                      MAP DIMENSION       
   450.0 450.0   0.0                                        HGT1 / HGT2 / DHGT  
    87.5 -87.5  -2.5                                        LAT1 / LAT2 / DLAT  
  -180.0 180.0   5.0                                        LON1 / LON2 / DLON  
    -1                                                      EXPONENT            
TEC values in 0.1 tec units;  9999, if no value available   COMMENT             
                                                            END OF HEADER       
[from data line 858]
     3                                                      START OF TEC MAP    
  2023    07    31     4     0     0                        EPOCH OF CURRENT MAP
    87.5-180.0 180.0   5.0 450.0                            LAT/LON1/LON2/DLON/H
  177  177  177  177  174  174  175  176  176  176  177  178  179  179  179  179
  179  179  178  177  178  177  176  175  178  177  177  176  178  179  179  178
  176  177  177  177  174  175  176  176  174  174  175  176  173  174  174  174
  172  172  172  172  171  171  171  172  172  172  173  174  175  176  176  176
  176  176  176  176  176  177  177  177  177
    85.0-180.0 180.0   5.0 450.0                            LAT/LON1/LON2/DLON/H
  178  178  178  179  175  176  177  178  179  180  181  182  184  184  184  184
  184  184  183  182  181  180  178  176  176  175  174  172  173  173  173  172
  171  171  172  171  170  171  172  172  171  172  173  174  173  174  174  175
  173  173  173  174  173  173  173  173  175  175  175  175  178  177  177  176
  176  176  175  174  174  175  176  176  178
    82.5-180.0 180.0   5.0 450.0                            LAT/LON1/LON2/DLON/H
  177  178  179  181  176  176  178  179  180  182  183  184  186  187  187  187
  187  187  186  184  183  181  178  176  173  171  169  167  167  166  165  164
  165  165  165  165  165  167  168  169  169  171  172  173  173  174  175  176
  176  176  176  176  177  177  177  177  180  180  179  179  182  181  180  179
  177  176  175  173  172  173  173  172  177
    80.0-180.0 180.0   5.0 450.0                            LAT/LON1/LON2/DLON/H
  184  182  181  179  177  177  178  178  180  182  184  185  187  189  190  190
  190  189  188  187  183  180  176  173  168  165  161  157  158  156  154  153
  156  156  157  158  163  164  165  167  173  175  176  177  181  183  184  186
  187  188  189  189  190  190  190  189  192  192  191  190  195  192  190  187
  189  185  182  178  180  178  178  177  184
    77.5-180.0 180.0   5.0 450.0                            LAT/LON1/LON2/DLON/H
  187  185  184  183  177  178  178  177  177  179  180  180  183  184  185  184
  186  185  184  182  178  175  171  167  160  157  153  149  147  146  145  144
  147  149  151  154  159  162  164  167  173  176  179  181  186  189  191  193
  196  198  199  200  202  203  203  204  207  207  207  206  208  206  203  199
  200  196  191  186  184  182  181  179  187
    75.0-180.0 180.0   5.0 450.0                            LAT/LON1/LON2/DLON/H
  192  190  189  187  180  180  179  177  176  177  177  176  179  179  179  178
  181  180  178  176  172  169  165  161  153  149  145  141  139  138  138  137
  141  144  147  151  156  160  164  168  175  178  182  185  192  195  198  202
  206  208  210  212  215  217  218  218  222  222  222  221  223  221  217  212
  214  208  202  195  193  190  187  183  192
    72.5-180.0 180.0   5.0 450.0                            LAT/LON1/LON2/DLON/H
  197  195  193  191  184  182  180  178  176  176  175  173  174  173  171  169
  173  172  169  167  166  162  157  153  147  143  138  134  132  132  132  132
  136  140  144  149  153  159  163  168  175  180  184  188  196  200  204  208
  213  216  219  221  225  227  228  228  234  234  233  231  236  233  228  222
  227  221  213  205  204  200  196  191  197
    70.0-180.0 180.0   5.0 450.0                            LAT/LON1/LON2/DLON/H
  201  199  198  195  191  189  187  185  179  176  173  169  168  166  163  160
  162  162  161  159  159  157  153  149  142  138  134  130  128  128  129  129
  136  140  144  149  158  162  167  172  178  183  189  194  200  207  212  217
  221  227  231  234  229  233  235  236  234  235  235  233  236  233  229  224
  226  222  216  209  211  207  202  196  201
    67.5-180.0 180.0   5.0 450.0                            LAT/LON1/LON2/DLON/H
  206  204  202  200  195  193  191  188  181  178  174  170  166  163  159  154
  156  155  153  150  153  151  147  144  138  135  131  128  125  126  127  127
  135  139  143  147  157  162  168  173  180  187  193  200  206  213  219  224
  227  232  235  237  233  235  235  235  233  233  232  230  234  232  228  224
  228  224  219  213  216  214  209  203  206
    65.0-180.0 180.0   5.0 450.0                            LAT/LON1/LON2/DLON/H
  208  207  204  201  199  196  192  189  184  180  176  172  166  161  156  150
  151  148  145  142  147  144  141  139  134  131  128  125  124  125  125  126
  134  137  141  145  155  161  167  174  181  189  198  205  211  219  225  231
  232  236  238  239  233  234  233  231  229  228  227  224  227  225  223  219
  224  222  218  212  218  215  211  205  208
    62.5-180.0 180.0   5.0 450.0                            LAT/LON1/LON2/DLON/H
  209  207  204  200  200  196  192  189  186  182  178  173  168  162  155  148
  148  144  140  136  142  139  136  134  131  128  126  123  124  124  125  126
  133  136  140  144  151  158  165  173  180  190  200  209  215  223  230  236
  235  238  239  240  231  231  229  227  223  222  220  219  219  217  215  213
  218  217  214  210  219  216  212  207  209
    60.0-180.0 180.0   5.0 450.0                            LAT/LON1/LON2/DLON/H
  212  208  204  199  197  194  193  191  186  183  181  178  169  162  155  148
  143  138  133  129  128  126  124  123  123  122  121  121  126  125  125  125
  133  133  135  137  147  152  159  166  179  188  197  207  217  223  227  232
  238  239  239  238  234  234  232  230  223  223  223  221  215  215  215  214
  211  212  211  210  214  215  214  212  212
    57.5-180.0 180.0   5.0 450.0                            LAT/LON1/LON2/DLON/H
  214  211  206  201  199  196  192  190  187  184  180  177  172  166  159  152
  145  139  134  129  127  124  121  119  120  119  119  119  125  124  124  124
  129  129  130  132  142  149  157  166  179  190  201  211  222  228  234  239
  243  245  246  246  241  240  238  235  229  229  227  226  219  218  217  215
  211  211  211  209  215  216  216  214  214
    55.0-180.0 180.0   5.0 450.0                            LAT/LON1/LON2/DLON/H
  222  218  213  207  206  201  196  192  190  186  181  176  175  169  162  156
  148  141  135  129  126  122  119  117  120  119  119  120  126  124  124  123
  125  125  126  128  138  146  156  167  180  192  204  216  226  235  243  249
  252  255  257  258  252  251  250  248  241  240  238  236  227  225  223  221
  215  215  214  212  218  219  220  219  222
    52.5-180.0 180.0   5.0 450.0                            LAT/LON1/LON2/DLON/H
  233  229  224  219  216  210  204  198  194  189  183  177  177  171  165  159
  151  144  137  131  128  124  120  117  123  122  122  123  128  127  126  125
  122  122  123  125  135  144  155  167  181  194  208  221  232  242  251  258
  263  268  271  272  267  268  267  265  256  255  253  250  237  235  232  229
  222  222  220  218  225  226  226  225  233
    50.0-180.0 180.0   5.0 450.0                            LAT/LON1/LON2/DLON/H
  246  243  239  234  228  221  213  206  198  193  187  182  178  174  169  164
  156  150  145  140  135  132  130  130  133  132  131  131  129  128  126  124
  121  120  120  121  130  141  153  165  178  195  211  227  236  250  262  274
  277  284  290  295  292  292  289  286  277  274  269  263  255  252  249  245
  237  235  233  231  232  235  237  238  246
    47.5-180.0 180.0   5.0 450.0                            LAT/LON1/LON2/DLON/H
  267  263  259  255  249  241  232  223  214  205  196  187  185  179  173  168
  162  156  152  148  144  141  140  140  144  143  141  140  137  134  131  127
  123  122  123  124  133  144  155  168  183  198  214  229  244  257  270  281
  293  301  307  311  313  312  308  302  297  292  286  278  269  266  263  259
  251  250  248  245  246  249  251  253  267
    45.0-180.0 180.0   5.0 450.0                            LAT/LON1/LON2/DLON/H
  284  281  277  273  268  260  251  240  230  219  207  195  190  184  177  170
  165  161  158  156  153  152  152  153  157  155  153  150  146  142  137  131
  126  126  127  129  136  147  158  171  187  202  217  231  250  264  277  289
  307  315  322  326  330  328  323  317  312  306  299  291  280  278  275  272
  264  264  262  260  260  263  265  266  284
    42.5-180.0 180.0   5.0 450.0                            LAT/LON1/LON2/DLON/H
  298  296  293  289  284  277  267  256  245  233  219  205  196  188  181  173
  170  167  165  164  164  164  165  167  170  167  164  161  155  149  143  136
  130  130  132  134  141  152  163  175  191  205  220  234  257  272  286  298
  320  330  337  343  344  343  339  334  324  319  312  304  291  290  288  286
  278  279  277  275  276  279  280  280  298
    40.0-180.0 180.0   5.0 450.0                            LAT/LON1/LON2/DLON/H
  306  305  305  304  294  290  283  275  262  247  230  214  205  195  184  173
  170  171  172  174  174  176  179  181  181  180  178  176  170  160  151  142
  147  143  140  138  140  150  161  174  183  203  223  244  257  274  289  303
  321  331  339  345  355  354  352  349  349  340  330  320  309  304  300  296
  299  298  297  296  306  307  306  306  306
    37.5-180.0 180.0   5.0 450.0                            LAT/LON1/LON2/DLON/H
  325  320  315  311  304  298  290  282  272  258  243  228  216  204  192  180
  176  176  178  180  182  185  189  192  196  195  194  192  185  176  167  158
  159  155  152  150  148  157  168  180  190  210  231  251  266  283  297  310
  329  340  347  352  363  367  368  366  365  358  351  342  334  329  325  321
  323  322  320  318  329  329  327  324  325
    35.0-180.0 180.0   5.0 450.0                            LAT/LON1/LON2/DLON/H
  345  338  329  320  311  303  295  287  280  267  254  241  226  213  200  187
  181  182  183  186  190  195  199  204  212  211  209  208  200  191  183  175
  170  167  164  161  155  163  173  183  196  215  235  255  273  288  302  314
  331  343  351  355  365  374  379  380  385  382  378  371  364  361  358  354
  354  353  351  347  359  357  353  347  345
    32.5-180.0 180.0   5.0 450.0                            LAT/LON1/LON2/DLON/H
  368  359  348  336  320  312  304  295  286  276  265  254  237  224  210  197
  189  189  191  194  199  205  210  215  225  225  224  223  213  206  198  191
  179  176  173  170  161  168  176  186  202  221  240  259  278  293  307  318
  334  346  355  361  372  386  395  399  411  413  412  408  401  401  399  397
  392  391  388  384  400  395  388  379  368
    30.0-180.0 180.0   5.0 450.0                            LAT/LON1/LON2/DLON/H
  415  400  383  368  338  328  318  309  302  290  278  265  247  231  216  200
  190  188  186  186  204  214  224  233  239  243  247  248  236  225  212  200
  192  183  175  167  168  174  183  192  210  232  256  281  282  293  304  314
  326  332  337  341  369  384  398  412  434  439  443  448  452  445  441  438
  444  439  435  431  437  428  418  407  415
    27.5-180.0 180.0   5.0 450.0                            LAT/LON1/LON2/DLON/H
  463  447  429  409  374  358  342  327  321  304  289  274  260  243  227  210
  201  197  196  196  216  225  236  246  257  260  262  261  244  232  219  206
  196  186  177  169  168  174  182  192  208  228  252  277  279  290  302  313
  321  331  339  346  376  398  417  433  462  473  482  490  496  493  490  488
  489  487  484  480  478  475  470  461  463
    25.0-180.0 180.0   5.0 450.0                            LAT/LON1/LON2/DLON/H
  518  503  485  464  424  403  381  361  347  327  308  291  275  257  239  223
  213  208  206  206  228  238  248  259  271  273  273  270  246  234  221  208
  194  184  174  165  163  168  176  186  199  218  241  266  270  283  296  308
  314  328  341  352  382  409  434  453  481  498  513  524  530  531  531  531
  528  528  527  523  519  521  519  511  518
    22.5-180.0 180.0   5.0 450.0                            LAT/LON1/LON2/DLON/H
  570  559  542  522  480  456  431  407  380  358  337  318  291  273  255  238
  227  222  219  218  243  252  262  272  278  279  277  273  241  230  217  204
  188  178  167  158  154  159  167  176  188  206  227  250  258  272  286  300
  309  328  344  359  391  422  449  471  493  514  532  547  553  558  561  563
  557  559  559  556  555  558  557  552  570
    20.0-180.0 180.0   5.0 450.0                            LAT/LON1/LON2/DLON/H
  601  597  586  570  539  516  488  458  419  394  367  339  311  293  275  257
  244  239  237  235  254  262  270  278  292  280  267  254  230  212  194  176
  164  157  150  143  143  142  144  147  165  185  209  236  247  263  279  297
  308  328  348  368  397  421  444  464  498  514  527  539  554  562  569  575
  573  578  583  586  586  590  591  589  601
    17.5-180.0 180.0   5.0 450.0                            LAT/LON1/LON2/DLON/H
  622  624  618  607  585  562  534  502  460  429  397  364  335  313  292  273
  263  256  252  251  268  273  278  284  286  271  256  241  214  195  177  159
  150  142  134  127  126  125  127  131  144  164  189  217  236  254  273  294
  312  335  357  378  410  431  452  472  498  511  524  536  551  559  567  575
  578  583  588  591  596  602  606  606  622
    15.0-180.0 180.0   5.0 450.0                            LAT/LON1/LON2/DLON/H
  625  631  631  626  612  591  564  533  491  457  421  384  356  332  310  290
  279  271  265  263  275  277  280  283  273  257  240  223  195  175  157  139
  135  126  118  111  111  110  112  117  125  145  170  199  223  244  268  292
  317  343  367  389  423  442  460  479  497  508  519  530  543  552  561  569
  577  582  587  589  594  602  607  608  625
    12.5-180.0 180.0   5.0 450.0                            LAT/LON1/LON2/DLON/H
  611  621  626  626  620  601  577  549  508  473  436  398  373  349  326  306
  294  285  279  275  279  278  278  279  254  237  220  203  176  157  139  122
  122  113  105   99  100   99  101  106  112  131  156  185  210  236  263  291
  322  350  377  402  438  455  472  488  498  506  515  525  534  544  553  561
  574  578  581  583  585  591  594  596  611
    10.0-180.0 180.0   5.0 450.0                            LAT/LON1/LON2/DLON/H
  607  617  622  622  602  590  574  554  503  471  436  399  374  358  341  324
  316  308  299  290  290  278  266  253  239  219  198  177  154  143  132  123
  114  109  104  100   95   92   91   92   92  114  142  175  204  235  267  299
  321  352  381  409  445  464  480  495  507  513  520  526  534  541  549  557
  570  575  581  588  591  594  596  597  607
     7.5-180.0 180.0   5.0 450.0                            LAT/LON1/LON2/DLON/H
  588  593  593  590  581  568  551  529  487  456  421  386  372  357  342  327
  327  318  310  301  291  276  261  246  221  200  179  160  143  132  123  116
  111  105  100   96   91   88   87   88   83  105  134  168  202  231  262  294
  322  353  383  410  451  471  489  505  523  530  536  541  550  557  563  569
  578  583  588  592  591  591  591  589  588
     5.0-180.0 180.0   5.0 450.0                            LAT/LON1/LON2/DLON/H
  578  578  573  564  558  544  525  503  462  432  400  368  364  351  339  327
  333  325  316  308  290  273  255  236  204  184  165  148  134  125  118  112
  110  104   99   96   89   86   85   85   77   98  127  161  196  224  255  287
  319  351  381  408  452  475  495  514  539  547  553  559  570  577  582  585
  588  594  599  602  597  594  591  586  578
     2.5-180.0 180.0   5.0 450.0                            LAT/LON1/LON2/DLON/H
  579  574  564  550  541  525  505  483  434  406  378  351  351  341  332  323
  333  324  316  308  282  263  243  223  191  172  155  140  132  124  119  114
  112  106  102   98   86   84   83   83   71   92  120  154  188  216  247  280
  314  346  377  406  453  477  500  521  552  562  570  576  587  594  599  601
  597  604  610  613  608  603  598  590  579
